5697.6
5697.6
5669.6
5669.6
5056.4
5050.4
5050.4
5050.4
5050.4
5050.4
4868.4
4868.4
4868.4
4868.4
4868.4
4868.4
4868.4
4868.4
4868.4
4868.4
4868.4
4868.4
4868.4
4868.4
4868.4
4868.4
4868.4
4868.4
4284.4
4284.4
4284.4
4284.4
4284.4
4284.4
4284.4
4284.4
4284.4
4284.4
4284.4
4284.4
4284.4
4284.4
4284.4
4284.4
4284.4
4284.4
4284.4
4284.4
4284.4
4284.4
4284.4
4284.4
4284.4
4284.4
4284.4
4284.4
4284.4
4284.4
4284.4
4284.4
4284.4
4284.4
4284.4
4284.4
4284.4
4284.4
4284.4
4284.4
4284.4
4284.4
4284.4
4284.4
4284.4
4284.4
4284.4
4284.4
4284.4
4284.4
4284.4
4284.4
4284.4
4284.4
4284.4
4284.4
4284.4
4284.4
4284.4
4284.4
4284.4
4284.4
4284.4
4284.4
4284.4
4284.4
4284.4
4284.4
4284.4
4284.4
4284.4
4284.4
