7725.2
7725.2
5935.6
5935.6
5935.6
5935.6
5935.6
5935.6
5935.6
5661.6
5661.6
5661.6
5661.6
5661.6
5661.6
5661.6
5404.8
5123.2
5123.2
5076.4
5076.4
5076.4
5076.4
5076.4
5076.4
5076.4
5076.4
5000.8
5000.8
5000.8
4575.2
4575.2
4575.2
4575.2
4575.2
4575.2
4575.2
4575.2
4575.2
4575.2
4575.2
4575.2
4575.2
4575.2
4575.2
4575.2
4575.2
4575.2
4575.2
4575.2
4575.2
4575.2
4575.2
4575.2
4575.2
4575.2
4575.2
4270.4
4204.4
4204.4
4204.4
4204.4
4204.4
4204.4
4204.4
4204.4
4204.4
4204.4
4204.4
4204.4
4204.4
4204.4
4204.4
4204.4
4204.4
4204.4
4204.4
4204.4
4204.4
4204.4
4204.4
4204.4
4204.4
4204.4
4204.4
4204.4
4204.4
4204.4
4204.4
4204.4
4204.4
4204.4
4204.4
4204.4
4204.4
4204.4
4204.4
4204.4
4204.4
4204.4
