6566.8
6468.8
6468.8
6468.8
6468.8
6468.8
6468.8
6468.8
6468.8
6468.8
6468.8
6468.8
6468.8
6468.8
6468.8
6468.8
6468.8
6468.8
6468.8
6468.8
6468.8
6468.8
6468.8
6468.8
6468.8
6468.8
6468.8
6468.8
6468.8
6468.8
6468.8
6468.8
6468.8
6468.8
6468.8
6468.8
6468.8
6468.8
6468.8
6468.8
6468.8
6468.8
6468.8
6468.8
6468.8
6468.8
6468.8
6468.8
6468.8
6468.8
6468.8
6468.8
6468.8
6468.8
6468.8
6468.8
6468.8
6468.8
6468.8
6468.8
6468.8
6468.8
6468.8
6468.8
6468.8
6468.8
6468.8
6468.8
6468.8
6468.8
6468.8
6468.8
6468.8
6468.8
6468.8
6468.8
6468.8
6468.8
6468.8
6468.8
6468.8
6468.8
6468.8
6468.8
6468.8
6468.8
6468.8
6468.8
6468.8
6468.8
6468.8
6468.8
6468.8
6468.8
6468.8
6468.8
6468.8
6468.8
6468.8
6468.8
