6100.4
5687.2
5114.4
5052.4
4265.2
4265.2
3905.2
3905.2
3905.2
3837.2
3837.2
3837.2
3601.6
3571.6
3571.6
3571.6
3571.6
3569.6
3569.6
3569.6
3569.6
3569.6
3569.6
3533.6
3533.6
3533.6
3533.6
3533.6
3533.6
3533.6
3533.6
3533.6
3533.6
3533.6
3533.6
3533.6
3533.6
3533.6
3533.6
3533.6
3533.6
3491.6
3491.6
3469.2
3469.2
3469.2
3469.2
3469.2
3469.2
3469.2
3469.2
3469.2
3469.2
3469.2
3469.2
3469.2
3469.2
3469.2
3469.2
3469.2
3469.2
3469.2
3469.2
3469.2
3469.2
3321.2
3269.2
3269.2
3269.2
3269.2
3269.2
3269.2
3269.2
3269.2
3269.2
3269.2
3269.2
3269.2
3269.2
3269.2
3269.2
3269.2
3269.2
3269.2
3269.2
3269.2
3269.2
3269.2
3269.2
3269.2
3269.2
3269.2
3269.2
3269.2
3269.2
3269.2
3269.2
3269.2
3269.2
3269.2
