5214.4
3737.6
3737.6
3661.6
3661.6
3661.6
2840.8
2840.8
2840.8
2840.8
2840.8
2840.8
2840.8
2840.8
2840.8
2840.8
2840.8
2840.8
2840.8
2840.8
2728.8
2728.8
2728.8
2728.8
2728.8
2728.8
2728.8
2728.8
2728.8
2728.8
2728.8
2728.8
2728.8
2728.8
2728.8
2728.8
2728.8
2592.8
2592.8
2592.8
2592.8
2592.8
2592.8
2592.8
2592.8
2592.8
2592.8
2592.8
2592.8
2592.8
2592.8
2592.8
2592.8
2592.8
2592.8
2592.8
2592.8
2592.8
2592.8
2592.8
2592.8
2592.8
2592.8
2592.8
2592.8
2592.8
2592.8
2592.8
2592.8
2592.8
2592.8
2592.8
2592.8
2592.8
2592.8
2592.8
2592.8
2592.8
2592.8
2592.8
2592.8
2592.8
2592.8
2592.8
2592.8
2592.8
2592.8
2592.8
2592.8
2592.8
2592.8
2592.8
2592.8
2592.8
2592.8
2592.8
2592.8
2592.8
2592.8
2592.8
