7387.2
7387.2
7387.2
7387.2
7387.2
7387.2
7387.2
7387.2
7387.2
7387.2
7387.2
7387.2
7218
7218
7218
7218
7130
7130
7130
7130
7130
7130
7130
6808
6634
6553.2
6553.2
6553.2
6553.2
6038.4
5858
5858
5858
5858
5858
5858
5858
5858
5858
5858
5858
5858
5858
5858
5858
5858
5858
5858
5858
5858
5858
5858
5858
5858
5858
5858
5858
5858
5858
5858
5858
5858
5858
5858
5746
5746
5746
5746
5746
5746
5746
5746
5746
5746
5746
5746
5746
5746
5746
5746
5746
5746
5746
5669.2
5667.2
5667.2
5667.2
5667.2
5667.2
5589.2
5589.2
5589.2
5586
5586
5586
5586
5413.6
5413.6
5413.6
5286
