7614.8
7543.6
7069.6
6393.6
6393.6
6229.6
6229.6
6229.6
5913.6
5148.8
4958.8
4958.8
4958.8
4958.8
4958.8
4958.8
4958.8
4958.8
4958.8
4958.8
4958.8
4958.8
4958.8
4958.8
4958.8
4958.8
4958.8
4958.8
4958.8
4958.8
4958.8
4958.8
4958.8
4958.8
4928.8
4928.8
4928.8
4928.8
4928.8
4928.8
4928.8
4928.8
4928.8
4928.8
4928.8
4928.8
4928.8
4928.8
4928.8
4928.8
4928.8
4928.8
4928.8
4928.8
4928.8
4928.8
4928.8
4928.8
4928.8
4928.8
4928.8
4928.8
4928.8
4928.8
4928.8
4928.8
4928.8
4928.8
4928.8
4928.8
4928.8
4928.8
4928.8
4928.8
4928.8
4928.8
4928.8
4928.8
4928.8
4928.8
4928.8
4928.8
4928.8
4928.8
4928.8
4928.8
4928.8
4928.8
4928.8
4928.8
4928.8
4928.8
4928.8
4928.8
4928.8
4928.8
4928.8
4928.8
4928.8
4928.8
