14061.6
9596.8
9136.8
8966.8
8794.8
8794.8
8578.8
8406.4
8406.4
7790
7790
7696
7696
7696
7696
7674.8
7498
7490.8
7490.8
7490.8
7490.8
7490.8
7490.8
7490.8
7482.8
7478.8
7470.8
7470.8
7470.8
7470.8
7470.8
7470.8
7470.8
7470.8
7470.8
7470.8
7398.8
7398.8
7398.8
7398.8
7398.8
7398.8
7398.8
7398.8
7398.8
7398.8
7398.8
7398.8
7398.8
7398.8
7398.8
7398.8
7398.8
7398.8
7398.8
7398.8
7398.8
7398.8
7398.8
7398.8
7398.8
7398.8
7398.8
7398.8
7398.8
7398.8
7398.8
7398.8
7398.8
7398.8
7398.8
7398.8
7398.8
7398.8
7398.8
7398.8
7398.8
7398.8
7398.8
7398.8
7398.8
7398.8
7398.8
7398.8
7398.8
7398.8
7398.8
7398.8
7398.8
7398.8
7398.8
7398.8
7398.8
7398.8
7398.8
7398.8
7398.8
7398.8
7398.8
7398.8
