11308.8
10144
10112
10112
10112
10105.2
10105.2
10105.2
10105.2
9916.4
9916.4
7738
7738
7738
7738
7738
7736.8
7736.8
7736.8
7736.8
7736.8
7736.8
7346.4
7346.4
7346.4
7346.4
7346.4
7207.6
6984
6844.4
6844.4
6844.4
6844.4
6522
6522
6522
6475.6
6475.6
6276
6276
6276
6276
6276
5756
5756
5756
5756
5478.4
4980.4
4980.4
4980.4
4980.4
4816.4
4816.4
4566
4566
4566
4566
4566
4566
4566
4566
4566
4566
4566
4566
4566
4566
4566
4566
4566
4566
4566
4566
4566
4566
4494
4494
4494
4494
4494
4494
4494
4494
4494
4494
4494
4494
4494
4494
4494
4250
4250
4250
4250
4250
4250
4044.4
4044.4
4044.4
