7689.6
6408
6408
6408
6408
6408
6408
6408
6408
6162.8
5906
5906
5637.2
5345.2
5345.2
5077.2
5077.2
5077.2
5077.2
5077.2
4722.4
4722.4
4722.4
4722.4
4722.4
4722.4
4722.4
4573.6
4371.6
4371.6
4363.2
3774
3774
3774
3774
3695.6
3695.6
3695.6
3695.6
3695.6
3695.6
3695.6
3693.2
3625.6
3457.6
3457.6
3457.6
3457.6
3457.6
3457.6
3457.6
3457.6
3457.6
3457.6
3457.6
3457.6
3457.6
3457.6
3457.6
3457.6
3457.6
3457.6
3457.6
3457.6
3457.6
3457.6
3457.6
3457.6
3457.6
3457.6
3457.6
3457.6
3457.6
3448
3448
3438
3438
3438
3438
3429.2
3429.2
3429.2
3429.2
3413.2
3413.2
3413.2
3413.2
3389.2
3389.2
3389.2
3346
3346
3346
3346
3346
3346
3346
3346
3346
3346
