14072.4
11269.2
10368.8
9963.2
9873.2
9873.2
9873.2
9581.2
9442.4
9442.4
9442.4
9442.4
9442.4
9310.4
9168
9168
9072.8
9072.8
9072.8
9072.8
9072.8
9072.8
9072.8
9023.2
9023.2
8677.6
8459.6
8443.6
8377.6
8377.6
8373.6
8373.6
8373.6
8359.6
8359.6
8359.6
8359.6
8359.6
8359.6
8359.6
8359.6
8359.6
8359.6
8359.6
8359.6
8359.6
8359.6
8359.6
8320.8
8320.8
8320.8
8320.8
8320.8
8184.8
8184.8
7879.2
7722
7603.2
7603.2
7585.2
7501.2
7501.2
7501.2
7501.2
7501.2
7481.2
7368
7368
7368
7368
7338.4
7338.4
7338.4
7338.4
7338.4
7338.4
7338.4
7338.4
7338.4
7338.4
7338.4
7338.4
7338.4
7338.4
7338.4
7338.4
7338.4
7338.4
7338.4
7306.4
7306.4
7306.4
7306.4
7306.4
7306.4
7306.4
7306.4
7306.4
7306.4
7306.4
