13113.6
12459.2
12459.2
12459.2
11248.8
11248.8
11248.8
11248.8
11248.8
11088
11088
11088
10739.2
10739.2
10739.2
10739.2
10739.2
10739.2
10739.2
10739.2
10739.2
10665.6
10665.6
10665.6
10452.8
10452.8
10452.8
10452.8
10452.8
10452.8
10452.8
10452.8
9426
9426
9350
9350
9350
9350
9319.2
9315.2
9315.2
9139.2
9139.2
8856
8856
8856
8856
8856
8823.2
8823.2
8823.2
8823.2
8719.6
8719.6
8681.6
8645.2
8645.2
8645.2
8645.2
8476
8476
8476
8476
8476
8476
8476
8476
8476
8298.4
8292.4
8067.6
8067.6
8067.6
8067.6
8067.6
8067.6
8067.6
8067.6
8067.6
8049.6
8039.6
7910
7910
7910
7910
7910
7910
7570.4
7570.4
7570.4
7570.4
7570.4
7570.4
7570.4
7570.4
7570.4
7550.4
7550.4
7550.4
7550.4
