14368.4
10600.8
10537.6
10537.6
10537.6
10537.6
10481.6
10206.8
10206.8
10204.8
10204.8
10204.8
10204.8
10086.8
9553.6
9334.4
8430.8
8430.8
8430.8
8430.8
8430.8
8430.8
8428.8
8324.8
8324.8
8324.8
8324.8
8324.8
8324.8
8324.8
8324.8
8324.8
8324.8
8324.8
8324.8
8324.8
8324.8
8324.8
8324.8
8324.8
8324.8
8324.8
8324.8
8324.8
8324.8
8324.8
8324.8
8146
8146
8138
8138
8138
8138
8138
8034
8034
8034
8034
8034
8034
8034
8026
8026
8026
8026
8026
8026
8026
8026
8026
8026
8026
8026
8026
8026
8026
8026
8026
8026
8026
8026
8026
8026
8026
8026
8026
8026
8026
8026
8026
8026
8026
8026
8026
8026
8026
8026
8026
8026
8026
