14230.4
10647.2
8786
7704.8
6899.6
6633.6
6613.6
6446
6188
6172
6172
6172
6172
6172
6172
6165.2
6165.2
6165.2
6165.2
6165.2
6165.2
6165.2
6165.2
6165.2
6165.2
6165.2
6165.2
6165.2
6165.2
6165.2
6165.2
6165.2
6165.2
6165.2
6165.2
6165.2
6165.2
6165.2
6165.2
6165.2
6165.2
6165.2
6165.2
6165.2
6165.2
6165.2
6165.2
6165.2
6165.2
6165.2
6165.2
6165.2
6165.2
6165.2
6165.2
6165.2
6165.2
6165.2
6165.2
6165.2
6165.2
6165.2
6165.2
6165.2
6165.2
6165.2
6165.2
6130.4
6130.4
6122.4
5974.4
5974.4
5974.4
5974.4
5974.4
5974.4
5974.4
5974.4
5974.4
5974.4
5974.4
5974.4
5974.4
5974.4
5974.4
5974.4
5974.4
5974.4
5974.4
5974.4
5974.4
5974.4
5974.4
5974.4
5974.4
5974.4
5974.4
5974.4
5974.4
5974.4
