14675.2
12232
10749.6
9894.4
9674
9674
9674
9674
9674
9674
9660.4
9348.4
9348.4
9186.4
9186.4
9186.4
9186.4
8963.6
8931.6
8820
8730
8730
8730
8730
8730
8730
8730
8730
8730
8730
8730
8730
8730
8730
8730
8620.8
8620.8
8620.8
8620.8
8435.2
8435.2
8431.2
8431.2
8431.2
8431.2
8431.2
8254.8
8254.8
8254.8
8254.8
8254.8
8254.8
8254.8
8254.8
8254.8
8254.8
8254.8
8254.8
8254.8
8254.8
8254.8
8254.8
8254.8
8254.8
8254.8
8254.8
8254.8
8132.8
8132.8
8132.8
8019.6
8017.6
8017.6
8017.6
8017.6
8017.6
8017.6
8017.6
8017.6
8017.6
8017.6
8017.6
8017.6
8017.6
8017.6
8017.6
8017.6
8017.6
8017.6
8017.6
8017.6
8017.6
8017.6
8017.6
8017.6
8017.6
8017.6
8017.6
8017.6
8017.6
