14063.2
13279.6
13279.6
13279.6
13279.6
13279.6
13279.6
13279.6
13279.6
13279.6
13279.6
13279.6
13279.6
13279.6
13279.6
13279.6
13279.6
13279.6
13279.6
13279.6
13279.6
13279.6
13279.6
13279.6
13279.6
13279.6
13279.6
13279.6
13279.6
13279.6
13279.6
13279.6
13279.6
13279.6
13279.6
13279.6
13279.6
13279.6
13279.6
13279.6
13279.6
13279.6
13279.6
13279.6
13279.6
13279.6
13279.6
13279.6
13279.6
13279.6
13279.6
13279.6
13279.6
13279.6
13279.6
13279.6
13279.6
13279.6
13279.6
13279.6
13279.6
13279.6
13279.6
13279.6
13279.6
13279.6
13279.6
13279.6
13279.6
13279.6
13279.6
13279.6
13279.6
13279.6
13279.6
13279.6
13279.6
13279.6
13279.6
13279.6
13279.6
13279.6
13279.6
13279.6
13279.6
13279.6
13279.6
13279.6
13279.6
13279.6
13279.6
13279.6
13279.6
13279.6
13279.6
13279.6
13279.6
13279.6
13279.6
13279.6
