11473.6
7602.8
7602.8
7602.8
7602.8
7602.8
7602.8
7602.8
7602.8
7602.8
7602.8
7602.8
7590.4
6507.6
5807.6
5807.6
5807.6
5807.6
5807.6
5807.6
5807.6
5807.6
5807.6
5807.6
5807.6
5807.6
5807.6
5807.6
5807.6
5807.6
5807.6
5807.6
5807.6
5807.6
5807.6
5807.6
5807.6
5807.6
5807.6
5807.6
5807.6
5807.6
5807.6
5807.6
5435.6
5435.6
5435.6
5435.6
5435.6
5435.6
5435.6
5435.6
5435.6
5435.6
5435.6
5435.6
5435.6
5435.6
5435.6
5435.6
5435.6
5435.6
5435.6
5425.6
5425.6
5425.6
5425.6
5425.6
5425.6
5425.6
5425.6
5425.6
5425.6
5403.6
4992.4
4976
4976
4976
4976
4976
4976
4976
4976
4976
4976
4976
4976
4976
4976
4976
4976
4976
4976
4976
4976
4928
4928
4928
4928
4928
