12059.2
10776
10301.2
9884.8
9581.2
9424.4
9372.8
9009.2
8718.8
8054.4
8054.4
7984.4
7966.4
7966.4
7966.4
7966.4
7966.4
7966.4
7966.4
7966.4
7966.4
7966.4
7966.4
7966.4
7966.4
7966.4
7966.4
7966.4
7966.4
7966.4
7966.4
7966.4
7966.4
7966.4
7966.4
7966.4
7966.4
7966.4
7894
7881.6
7881.6
7881.6
7881.6
7881.6
7675.6
7675.6
7675.6
7675.6
7675.6
7675.6
7675.6
7675.6
7675.6
7675.6
7675.6
7675.6
7675.6
7675.6
7675.6
7675.6
7675.6
7675.6
7675.6
7675.6
7675.6
7675.6
7675.6
7675.6
7675.6
7675.6
7675.6
7675.6
7675.6
7675.6
7675.6
7675.6
7675.6
7675.6
7675.6
7675.6
7675.6
7675.6
7675.6
7675.6
7675.6
7675.6
7675.6
7675.6
7675.6
7675.6
7675.6
7675.6
7675.6
7675.6
7675.6
7675.6
7675.6
7675.6
7675.6
7675.6
