6233.6
6066.4
5918
5700.4
5470.8
5426
5181.2
5181.2
5181.2
5181.2
5181.2
5181.2
5181.2
5181.2
5181.2
5181.2
5181.2
5181.2
5181.2
5181.2
5181.2
5181.2
5181.2
5181.2
5181.2
5181.2
5181.2
5181.2
5181.2
5181.2
5181.2
5181.2
5181.2
5181.2
5181.2
5181.2
5181.2
5181.2
5181.2
5181.2
5181.2
5181.2
5181.2
5181.2
5181.2
5181.2
5181.2
5181.2
5181.2
5181.2
5181.2
5181.2
5181.2
5181.2
5181.2
5181.2
5181.2
5181.2
5181.2
5181.2
5181.2
5181.2
5181.2
5181.2
5181.2
5181.2
5181.2
5181.2
5181.2
5181.2
5181.2
5181.2
5181.2
5181.2
5181.2
5181.2
5181.2
5181.2
5181.2
5181.2
5181.2
5181.2
5181.2
5181.2
5181.2
5181.2
5181.2
5181.2
5181.2
5181.2
5181.2
5181.2
5181.2
5181.2
5181.2
5181.2
5181.2
5181.2
5181.2
5181.2
