2682
2682
2514.8
2376.8
2370.8
2370.8
2370.8
2370.8
2292.8
2292.8
2292.8
2292.8
2187.6
2085.6
2017.6
2017.6
2017.6
2017.6
2017.6
2017.6
2017.6
2017.6
2017.6
2017.6
2017.6
2017.6
2017.6
2017.6
2017.6
2017.6
2017.6
2017.6
2017.6
2017.6
2017.6
2017.6
2017.6
2017.6
2017.6
2017.6
2017.6
2017.6
2017.6
2017.6
2017.6
2017.6
2017.6
2017.6
2017.6
2017.6
2017.6
2017.6
2017.6
2017.6
2017.6
2017.6
2017.6
2017.6
2017.6
2017.6
2017.6
2017.6
2017.6
2017.6
2017.6
2017.6
2017.6
2017.6
2017.6
2017.6
2017.6
2017.6
2017.6
2017.6
2017.6
2017.6
2017.6
2017.6
2017.6
2017.6
2017.6
2017.6
2017.6
2017.6
2017.6
2017.6
2017.6
2017.6
2017.6
2017.6
2017.6
2017.6
2017.6
2017.6
2017.6
2017.6
2017.6
2017.6
2017.6
2017.6
