2841.2
2440.4
2324.4
2204.4
2204.4
2072.4
1990.4
1990.4
1980.4
1980.4
1980.4
1980.4
1980.4
1980.4
1980.4
1980.4
1980.4
1980.4
1980.4
1980.4
1910.8
1910.8
1902.8
1902.8
1778.8
1778.8
1767.6
1767.6
1707.6
1707.6
1697.6
1697.6
1697.6
1697.6
1697.6
1697.6
1697.6
1697.6
1697.6
1697.6
1697.6
1697.6
1697.6
1697.6
1697.6
1697.6
1697.6
1697.6
1697.6
1697.6
1697.6
1697.6
1697.6
1697.6
1697.6
1697.6
1697.6
1697.6
1697.6
1697.6
1697.6
1697.6
1697.6
1697.6
1697.6
1697.6
1697.6
1697.6
1697.6
1697.6
1697.6
1697.6
1697.6
1697.6
1697.6
1697.6
1697.6
1697.6
1697.6
1697.6
1697.6
1697.6
1697.6
1697.6
1697.6
1697.6
1697.6
1697.6
1697.6
1697.6
1697.6
1697.6
1697.6
1697.6
1697.6
1697.6
1697.6
1697.6
1697.6
1697.6
