2813.6
2618.4
2548.4
2418.4
2418.4
2414.4
2414.4
2414.4
2332.4
2332.4
2332.4
2332.4
2332.4
2332.4
2074.4
2070.4
2070.4
2070.4
2070.4
2070.4
2004.4
2004.4
2004.4
2004.4
2004.4
2004.4
2004.4
2004.4
2004.4
2004.4
2004.4
2004.4
2004.4
1932.4
1930.4
1930.4
1930.4
1930.4
1930.4
1930.4
1930.4
1930.4
1930.4
1930.4
1930.4
1930.4
1818.4
1818.4
1818.4
1818.4
1818.4
1818.4
1818.4
1818.4
1818.4
1818.4
1818.4
1818.4
1818.4
1818.4
1818.4
1818.4
1818.4
1818.4
1818.4
1818.4
1818.4
1818.4
1818.4
1818.4
1818.4
1818.4
1818.4
1818.4
1818.4
1818.4
1818.4
1818.4
1818.4
1818.4
1818.4
1818.4
1783.6
1783.6
1783.6
1783.6
1733.6
1733.6
1733.6
1733.6
1733.6
1733.6
1733.6
1733.6
1733.6
1733.6
1733.6
1733.6
1733.6
1733.6
1733.6
