3995.2
3995.2
3606
3606
3428.4
3428.4
3348.8
3348.8
3348.8
3348.8
3348.8
3348.8
3145.2
3145.2
3145.2
2997.2
2960.4
2960.4
2960.4
2960.4
2960.4
2960.4
2960.4
2960.4
2960.4
2960.4
2960.4
2960.4
2960.4
2960.4
2960.4
2960.4
2960.4
2960.4
2960.4
2960.4
2960.4
2960.4
2960.4
2960.4
2960.4
2960.4
2824.8
2824.8
2824.8
2824.8
2824.8
2824.8
2824.8
2824.8
2824.8
2824.8
2824.8
2824.8
2824.8
2824.8
2824.8
2824.8
2824.8
2824.8
2530.8
2530.8
2530.8
2378.8
2378.8
2378.8
2378.8
2378.8
2378.8
2378.8
2378.8
2378.8
2378.8
2378.8
2378.8
2378.8
2378.8
2378.8
2378.8
2378.8
2378.8
2378.8
2378.8
2378.8
2378.8
2378.8
2378.8
2378.8
2378.8
2378.8
2378.8
2378.8
2378.8
2378.8
2378.8
2378.8
2378.8
2378.8
2378.8
2378.8
