2848.8
2676.8
2541.6
2541.6
2541.6
2541.6
2526
1930.4
1930.4
1930.4
1930.4
1930.4
1930.4
1930.4
1930.4
1930.4
1930.4
1810
1810
1810
1792.4
1792.4
1792.4
1792.4
1792.4
1792.4
1792.4
1775.2
1775.2
1775.2
1775.2
1775.2
1775.2
1775.2
1627.2
1627.2
1627.2
1627.2
1627.2
1627.2
1627.2
1627.2
1627.2
1627.2
1627.2
1627.2
1627.2
1627.2
1627.2
1561.2
1561.2
1561.2
1561.2
1561.2
1561.2
1561.2
1561.2
1561.2
1551.2
1551.2
1551.2
1551.2
1551.2
1551.2
1481.2
1481.2
1481.2
1481.2
1481.2
1481.2
1481.2
1481.2
1481.2
1481.2
1433.2
1433.2
1433.2
1433.2
1433.2
1433.2
1433.2
1433.2
1433.2
1433.2
1433.2
1433.2
1433.2
1433.2
1433.2
1433.2
1433.2
1433.2
1433.2
1433.2
1433.2
1433.2
1433.2
1433.2
1433.2
1431.2
