4634.4
4618
3917.6
3807.6
3502.8
3459.6
3459.6
3455.6
3455.6
3128.8
3128.8
3128.8
3128.8
3128.8
3128.8
3128.8
3042.8
3042.8
3042.8
3042.8
3042.8
3042.8
3042.8
3042.8
3042.8
3042.8
3042.8
3042.8
3042.8
3042.8
3042.8
3042.8
3042.8
3042.8
3042.8
3042.8
3042.8
3042.8
3042.8
3042.8
3042.8
3042.8
3042.8
3042.8
3042.8
3042.8
3042.8
3042.8
3042.8
3042.8
3042.8
3042.8
3042.8
3042.8
3042.8
3042.8
3042.8
3042.8
3042.8
3042.8
3042.8
3042.8
3042.8
3042.8
3042.8
3042.8
3042.8
3042.8
3042.8
3042.8
3042.8
3042.8
3042.8
3042.8
3042.8
3042.8
3042.8
3042.8
3042.8
3042.8
3042.8
3042.8
3042.8
3042.8
3042.8
3042.8
3042.8
3042.8
3042.8
3042.8
3042.8
3042.8
3042.8
3042.8
3042.8
3042.8
3042.8
3042.8
3042.8
3042.8
