5686.4
5686.4
5686.4
5686.4
5446
5446
5446
5446
5324
5026.4
5026.4
5026.4
5026.4
5026.4
4647.2
4647.2
4254.8
4254.8
4254.8
4254.8
3287.6
3287.6
3287.6
3287.6
3287.6
3287.6
3287.6
3287.6
3287.6
3287.6
3287.6
3287.6
3287.6
3287.6
3287.6
3287.6
3287.6
3287.6
3287.6
3287.6
3130.4
3130.4
3130.4
3130.4
3130.4
3130.4
3130.4
3130.4
3130.4
3130.4
3130.4
3130.4
3130.4
3130.4
3130.4
3130.4
3130.4
3106.4
2869.6
2869.6
2869.6
2869.6
2869.6
2869.6
2869.6
2869.6
2869.6
2869.6
2869.6
2869.6
2869.6
2869.6
2869.6
2869.6
2869.6
2869.6
2869.6
2869.6
2869.6
2869.6
2869.6
2869.6
2869.6
2869.6
2869.6
2869.6
2869.6
2869.6
2869.6
2869.6
2869.6
2869.6
2869.6
2869.6
2869.6
2869.6
2869.6
2869.6
2869.6
2869.6
