8577.6
8023.2
6546
5433.6
5433.6
5433.6
5433.6
5246.8
5246.8
5246.8
5246.8
4796
4796
4166.8
4166.8
4166.8
4022.8
4022.8
4022.8
3988.8
3988.8
3728.8
3728.8
3436
3436
3436
3436
3434.8
3434.8
3434.8
3434.8
3384.8
3384.8
3384.8
3384.8
3202.4
3202.4
3202.4
3202.4
3202.4
2901.6
2901.6
2901.6
2901.6
2901.6
2901.6
2901.6
2901.6
2901.6
2882.4
2882.4
2882.4
2629.2
2629.2
2608
2608
2550
2550
2550
2364
2142.8
2142.8
2142.8
2142.8
2142.8
2142.8
2128.8
2128.8
2128.8
2068.8
2068.8
2068.8
2068.8
2068.8
2068.8
2068.8
2068.8
2068.8
2068.8
2068.8
2068.8
2057.2
2057.2
2057.2
2057.2
2057.2
2057.2
2057.2
2057.2
2057.2
2057.2
2057.2
2057.2
2022.4
2022.4
2022.4
2022.4
2020.4
2020.4
2020.4
