6173.2
5918.4
5332.4
5030.4
5030.4
4884.8
4884.8
4884.8
4710.8
3771.2
3554
3554
3554
3554
3554
3329.6
3325.6
3325.6
3005.6
3005.6
3005.6
3005.6
2995.6
2995.6
2995.6
2995.6
2995.6
2995.6
2995.6
2995.6
2933.6
2933.6
2933.6
2933.6
2933.6
2933.6
2933.6
2933.6
2933.6
2933.6
2933.6
2933.6
2933.6
2933.6
2933.6
2933.6
2933.6
2933.6
2933.6
2933.6
2933.6
2933.6
2933.6
2933.6
2933.6
2933.6
2933.6
2933.6
2933.6
2933.6
2933.6
2933.6
2933.6
2784.4
2784.4
2784.4
2784.4
2784.4
2784.4
2784.4
2784.4
2784.4
2784.4
2784.4
2784.4
2784.4
2784.4
2784.4
2784.4
2784.4
2784.4
2784.4
2784.4
2784.4
2784.4
2784.4
2784.4
2784.4
2784.4
2784.4
2784.4
2784.4
2784.4
2784.4
2784.4
2784.4
2784.4
2784.4
2784.4
2784.4
