7808.8
6644.8
5542.8
5160.4
4643.6
3523.6
3238.4
3060.4
2912.4
2912.4
2912.4
2912.4
2852.4
2816.4
2816.4
2792.4
2792.4
2676.4
2676.4
2552.4
2366
2366
2282
2282
2282
2282
2282
2282
2282
2196
2196
2196
2196
2196
2196
2196
2196
2196
2196
2044
2030
2030
2028
2028
2028
2028
2028
2028
2028
2028
2028
2028
1999.6
1999.6
1999.6
1999.6
1999.6
1999.6
1999.6
1999.6
1999.6
1999.6
1999.6
1999.6
1999.6
1999.6
1999.6
1999.6
1999.6
1999.6
1999.6
1999.6
1999.6
1999.6
1999.6
1999.6
1999.6
1999.6
1999.6
1999.6
1999.6
1999.6
1999.6
1999.6
1999.6
1999.6
1999.6
1999.6
1999.6
1999.6
1999.6
1999.6
1999.6
1999.6
1999.6
1999.6
1999.6
1999.6
1999.6
1999.6
