6916
6074.8
6074.8
5990.4
5538
4604.4
4604.4
4604.4
4248.4
4248.4
4248.4
4248.4
4248.4
4248.4
4248.4
4248.4
4248.4
4248.4
4248.4
4248.4
4248.4
4248.4
4248.4
4248.4
4248.4
4064.4
4064.4
4064.4
3835.6
3835.6
3835.6
3835.6
3835.6
3439.6
3439.6
3439.6
3439.6
3439.6
3439.6
3439.6
3439.6
3439.6
3439.6
3439.6
3439.6
3439.6
3439.6
3439.6
3439.6
3439.6
3439.6
3439.6
3439.6
3439.6
3439.6
3439.6
3439.6
3439.6
3439.6
3439.6
3439.6
3439.6
3439.6
3439.6
3439.6
3439.6
3439.6
3011.6
2848.8
2718.4
2718.4
2632.4
2632.4
2632.4
2632.4
2616.8
2616.8
2616.8
2616.8
2616.8
2616.8
2616.8
2616.8
2568.8
2564.8
2564.8
2564.8
2552.8
2552.8
2552.8
2552.8
2552.8
2552.8
2552.8
2552.8
2552.8
2552.8
2552.8
2552.8
2552.8
