7316
6007.2
5793.6
5248
5058.8
5058.8
4366
4366
4366
4366
4366
4366
4366
4310
4310
4310
4310
4310
4310
4310
4310
4310
4310
4310
4310
4310
4310
4310
4310
4310
4310
4310
4310
4310
4310
4310
4310
4310
4310
4310
4310
4310
4310
4310
4310
4310
4310
4310
4310
4310
4025.2
4025.2
3993.2
3578
3448.4
3439.6
3236.4
3210.8
3210.8
3210.8
3210.8
3210.8
3204.8
3204.8
3204.8
3204.8
3204.8
3172.8
3102
3102
3102
3102
3102
3102
3102
3102
3102
3102
3102
3102
3102
3102
3102
3102
3102
3102
3102
3102
3102
3102
3102
3102
3102
3102
3102
3102
3102
3102
3102
3102
