4016
4016
4016
2803.6
2803.6
2803.6
2803.6
2803.6
2803.6
2803.6
2422.8
2422.8
2422.8
2422.8
2422.8
2422.8
2422.8
2422.8
2422.8
2422.8
2422.8
2422.8
2422.8
2422.8
2422.8
2422.8
2422.8
2422.8
2422.8
2142.4
2142.4
1686.4
1686.4
1686.4
1686.4
1686.4
1686.4
1686.4
1686.4
1686.4
1686.4
1686.4
1686.4
1686.4
1686.4
1686.4
1686.4
1682.4
1682.4
1682.4
1682.4
1682.4
1682.4
1682.4
1682.4
1682.4
1682.4
1682.4
1682.4
1682.4
1682.4
1682.4
1682.4
1682.4
1682.4
1682.4
1682.4
1682.4
1682.4
1682.4
1682.4
1682.4
1682.4
1682.4
1682.4
1668.4
1668.4
1668.4
1668.4
1668.4
1668.4
1668.4
1668.4
1668.4
1668.4
1668.4
1668.4
1668.4
1658.4
1658.4
1658.4
1658.4
1658.4
1658.4
1658.4
1658.4
1658.4
1658.4
1658.4
1658.4
