11412
10734.4
10534
10353.6
10227.6
9870.4
9870.4
9870.4
9856.4
9681.6
9347.6
9295.2
9295.2
9295.2
9295.2
9295.2
9209.2
9209.2
9209.2
9209.2
9209.2
9002.8
8983.6
8620.4
8491.6
8491.6
8420
8420
8420
8332.8
8332.8
8332.8
8332.8
8332.8
8332.8
8332.8
8332.8
8332.8
8332.8
8332.8
8332.8
8332.8
8332.8
8332.8
8332.8
8332.8
8244
8244
8244
7934
7934
7934
7934
7759.2
7759.2
7759.2
7759.2
7759.2
7759.2
7759.2
7759.2
7759.2
7759.2
7759.2
7759.2
7759.2
7577.2
7577.2
7577.2
7577.2
7577.2
7577.2
7577.2
7577.2
7577.2
7577.2
7577.2
7577.2
7577.2
7577.2
7577.2
7577.2
7577.2
7577.2
7577.2
7577.2
7577.2
7577.2
7577.2
7577.2
7577.2
7577.2
7577.2
7577.2
7577.2
7577.2
7577.2
7577.2
7577.2
7577.2
