10154.8
9617.6
9447.2
9447.2
9447.2
9447.2
9299.6
9299.6
9299.6
9262.4
9262.4
9262.4
9262.4
9262.4
9262.4
9262.4
9262.4
9262.4
9262.4
9262.4
9262.4
9262.4
9262.4
9262.4
9262.4
9262.4
9262.4
9262.4
9262.4
9262.4
9262.4
9262.4
9262.4
9262.4
9262.4
9208
9166.8
9062.8
9062.8
9062.8
9021.6
9021.6
9021.6
9021.6
9017.6
9017.6
9017.6
9017.6
9017.6
9017.6
9017.6
9017.6
9017.6
9017.6
9017.6
9017.6
9017.6
9017.6
9017.6
9017.6
9017.6
9017.6
9017.6
9017.6
9017.6
9017.6
9017.6
9017.6
9017.6
9017.6
9017.6
8768.8
8768.8
8768.8
8768.8
8768.8
8768.8
8768.8
8768.8
8768.8
8768.8
8768.8
8768.8
8768.8
8768.8
8768.8
8768.8
8768.8
8768.8
8768.8
8768.8
8768.8
8768.8
8768.8
8768.8
8768.8
8768.8
8768.8
8768.8
8768.8
