11418
10836.8
9595.6
9233.2
9233.2
9131.2
9001.2
8799.2
8783.6
8357.2
8234.8
8029.6
7895.6
7356
7128
7128
7128
7126
7106
7025.2
7025.2
7025.2
6917.2
6727.2
6697.2
6280.8
6280.8
6280.8
6230.8
6230.8
6204.8
6062.8
6062.8
6062.8
6062.8
5998.8
5996.8
5996.8
5978.8
5968.8
5968.8
5968.8
5968.8
5850.4
5850.4
5850.4
5846.4
5821.2
5821.2
5821.2
5821.2
5661.2
5656
5656
5646
5646
5646
5646
5646
5646
5646
5646
5646
5646
5646
5646
5646
5646
5646
5646
5646
5646
5646
5646
5646
5646
5646
5646
5646
5646
5646
5646
5646
5646
5646
5646
5646
5646
5646
5646
5646
5646
5646
5646
5646
5646
5646
5646
5646
5646
