13361.6
12047.2
12047.2
12047.2
12047.2
12047.2
12047.2
12047.2
12047.2
12047.2
11708.4
11009.2
10073.6
10073.6
10025.2
9820
9820
9820
9820
9820
9820
9820
9820
9578
9379.2
9379.2
9379.2
8823.6
8823.6
8823.6
8823.6
8823.6
8823.6
8764.8
8764.8
8764.8
8626.8
8105.2
8105.2
8105.2
8105.2
8105.2
8105.2
8105.2
8105.2
8105.2
8105.2
8105.2
8037.2
8037.2
8037.2
8037.2
8037.2
8037.2
8037.2
8004.4
7955.2
7722.8
7648.8
7648.8
7648.8
7648.8
7563.2
7563.2
7563.2
7558.4
7512.8
7512.8
7512.8
7378.4
7378.4
7378.4
7378.4
7378.4
7378.4
7378.4
7378.4
7378.4
7378.4
7378.4
7150.8
7150.8
7150.8
7150.8
7150.8
7150.8
7150.8
7150.8
7150.8
7150.8
7150.8
7050.8
7050.8
7050.8
7050.8
7038
7038
7038
6984.8
6984.8
