10535.6
9226
9187.2
7996
7647.2
7586.8
7397.6
7308
6971.6
6971.6
6778
6778
6761.2
6761.2
6761.2
6761.2
6761.2
6761.2
6761.2
6761.2
6761.2
6761.2
6761.2
6748
6748
6748
6727.6
6656
6656
6656
6656
6656
6574
6574
6574
6574
6574
6574
6574
6574
6574
6574
6574
6574
6574
6423.2
6423.2
6423.2
6423.2
6412.4
6412.4
6290.4
6290.4
6213.6
6213.6
6213.6
6213.6
6213.6
6046
6046
6046
5504.8
5504.8
5504.8
5504.8
5504.8
5504.8
5504.8
5504.8
5504.8
5504.8
5504.8
5504.8
5504.8
5504.8
5504.8
5504.8
5504.8
5504.8
5504.8
5504.8
5504.8
5504.8
5504.8
5504.8
5504.8
5504.8
5504.8
5504.8
5504.8
5504.8
5504.8
5504.8
5504.8
5504.8
5504.8
5504.8
5504.8
5504.8
5504.8
