11880.8
11252
10882.8
10397.6
10113.2
10111.6
10045.6
10045.6
9614.8
9614.8
9611.2
9549.2
9549.2
9549.2
9420.8
9420.8
9420.8
9420.8
9364.4
9364.4
9352.4
9352.4
9352.4
9350.4
8871.2
8871.2
8871.2
8871.2
8871.2
8561.6
8561.6
8561.6
8561.6
8561.6
8561.6
8561.6
8561.6
8561.6
8561.6
8561.6
8096.8
8026.8
8026.8
8026.8
8026.8
7877.2
7850.8
7850.8
7850.8
7850.8
7850.8
7850.8
7850.8
7850.8
7850.8
7850.8
7850.8
7850.4
7684.4
7402.4
7398
7129.6
6933.6
6933.6
6933.6
6933.6
6933.6
6933.6
6933.6
6933.6
6933.6
6933.6
6933.6
6933.6
6933.6
6933.6
6933.6
6933.6
6933.6
6933.6
6933.6
6933.6
6933.6
6933.6
6933.6
6933.6
6933.6
6933.6
6933.6
6933.6
6933.6
6933.6
6933.6
6933.6
6933.6
6933.6
6933.6
6933.6
6933.6
6933.6
