7219.2
6181.2
6181.2
6181.2
6181.2
6181.2
6181.2
6181.2
6181.2
6181.2
6181.2
6181.2
6181.2
6181.2
6083.2
6083.2
6083.2
6083.2
6083.2
6083.2
6083.2
6083.2
6083.2
6083.2
6083.2
6083.2
6083.2
6083.2
6081.2
6081.2
6081.2
6081.2
6081.2
6081.2
6081.2
6071.2
6071.2
6071.2
6071.2
6071.2
6071.2
6071.2
6071.2
6071.2
6071.2
6071.2
6063.2
5971.2
5971.2
5971.2
5926.8
5892.4
5892.4
5892.4
5892.4
5892.4
5892.4
5892.4
5892.4
5892.4
5892.4
5892.4
5892.4
5892.4
5892.4
5892.4
5892.4
5892.4
5892.4
5892.4
5892.4
5892.4
5892.4
5892.4
5892.4
5892.4
5892.4
5892.4
5892.4
5892.4
5892.4
5892.4
5892.4
5849.2
5523.2
5501.2
5501.2
5501.2
5501.2
5481.2
5417.2
5417.2
5417.2
5417.2
5417.2
5417.2
4935.2
4935.2
4935.2
4935.2
