6618
6050
5776
5776
5476.8
5419.2
5419.2
5419.2
5419.2
5419.2
5419.2
4259.2
3379.2
3379.2
3373.2
3265.6
3265.6
3251.6
3251.6
3251.6
3251.6
3251.6
3251.6
3251.6
3251.6
3251.6
3251.6
3251.6
3251.6
3251.6
3251.6
3251.6
3251.6
3251.6
3251.6
3251.6
3251.6
3251.6
3251.6
3251.6
3251.6
3251.6
3251.6
3251.6
3251.6
3251.6
3251.6
3251.6
3251.6
3251.6
3251.6
3251.6
3251.6
3251.6
3251.6
3251.6
3251.6
3251.6
3221.6
3221.6
3221.6
3221.6
3221.6
3113.2
3113.2
3113.2
3113.2
3113.2
3113.2
3113.2
3113.2
3113.2
3113.2
3113.2
3113.2
3113.2
3113.2
3113.2
3113.2
3113.2
3113.2
3113.2
3113.2
3113.2
3113.2
3113.2
3113.2
3113.2
3113.2
3113.2
3113.2
3113.2
3113.2
3113.2
3113.2
3113.2
3113.2
3113.2
3113.2
3113.2
