5602.8
4929.2
4783.2
4681.2
4493.2
4129.2
3967.2
3967.2
3761.2
3473.2
3473.2
3473.2
3411.2
3411.2
3411.2
3411.2
3411.2
3411.2
3411.2
3411.2
3411.2
3411.2
3411.2
3411.2
3293.2
3293.2
3293.2
3293.2
3293.2
3293.2
3293.2
3293.2
3293.2
3293.2
3293.2
3293.2
3293.2
3293.2
3293.2
3293.2
3293.2
3293.2
3293.2
3293.2
3293.2
3293.2
3293.2
3293.2
3293.2
3293.2
3293.2
3293.2
3293.2
3293.2
3149.2
3149.2
3149.2
3149.2
3149.2
3149.2
3149.2
3149.2
3149.2
3149.2
3149.2
3149.2
3149.2
3149.2
3149.2
3149.2
3149.2
3149.2
3149.2
3149.2
3149.2
3149.2
3149.2
3149.2
3149.2
3149.2
3149.2
3149.2
3149.2
3149.2
3149.2
3149.2
3149.2
3149.2
3149.2
3149.2
3149.2
3149.2
3149.2
3149.2
3149.2
3149.2
3149.2
3149.2
3149.2
3149.2
