7260.8
6054
6054
6054
6054
6054
6054
5029.6
5029.6
5029.6
5029.6
5029.6
5029.6
5029.6
5029.6
5029.6
5029.6
5029.6
5023.6
5023.6
5023.6
5023.6
5023.6
5023.6
5023.6
5023.6
5023.6
5023.6
5023.6
5023.6
5023.6
4809.6
4809.6
4809.6
4809.6
4809.6
4809.6
4809.6
4809.6
4809.6
4809.6
4809.6
4809.6
4809.6
4809.6
4809.6
4809.6
4809.6
4809.6
4809.6
4809.6
4809.6
4809.6
4809.6
4809.6
4809.6
4809.6
4809.6
4809.6
4809.6
4809.6
4809.6
4809.6
4809.6
4809.6
4809.6
4809.6
4809.6
4809.6
4809.6
4809.6
4809.6
4809.6
4809.6
4809.6
4809.6
4809.6
4809.6
4809.6
4809.6
4809.6
4809.6
4809.6
4809.6
4809.6
4809.6
4809.6
4809.6
4809.6
4809.6
4809.6
4809.6
4809.6
4809.6
4809.6
4809.6
4809.6
4809.6
4809.6
4809.6
