7893.6
7893.6
6985.2
6819.2
6819.2
6819.2
6556.8
6556.8
6511.2
6511.2
6076.4
6076.4
6065.2
6065.2
5743.6
5743.6
5743.6
5743.6
5743.6
5743.6
5743.6
5743.6
5743.6
5743.6
5743.6
5743.6
5743.6
5743.6
5743.6
5541.6
5541.6
5541.6
5433.2
5419.2
5419.2
5419.2
5419.2
5214.8
5214.8
5214.8
5079.6
5079.6
5079.6
5079.6
5079.6
5079.6
5079.6
5079.6
5079.6
5079.6
5079.6
4137.2
4137.2
4137.2
4137.2
4137.2
4137.2
4137.2
4137.2
4137.2
4137.2
4137.2
4137.2
4137.2
4137.2
4137.2
4137.2
4137.2
4137.2
4137.2
4137.2
4137.2
4137.2
4137.2
4137.2
4137.2
4137.2
4137.2
4137.2
4137.2
4137.2
4137.2
4137.2
4137.2
4137.2
4137.2
4137.2
4137.2
4137.2
4137.2
4137.2
4137.2
4137.2
4137.2
4137.2
4137.2
4137.2
4137.2
4137.2
4137.2
