6217.2
5577.2
5577.2
5577.2
5457.2
5242
5242
4741.6
4293.6
4293.6
4007.6
4007.6
4007.6
4007.6
4007.6
3729.6
3729.6
3729.6
3729.6
3729.6
3729.6
3729.6
3729.6
3729.6
3729.6
3729.6
3729.6
3729.6
3729.6
3729.6
3729.6
3729.6
3727.6
3727.6
3713.6
3713.6
3713.6
3713.6
3463.6
3463.6
3463.6
3245.6
3245.6
3245.6
3245.6
3245.6
3245.6
3245.6
3245.6
3245.6
3245.6
3245.6
3245.6
3245.6
3245.6
3245.6
3245.6
3245.6
3215.6
3215.6
3215.6
3215.6
3215.6
3125.6
3125.6
3125.6
3125.6
3125.6
3125.6
3125.6
3125.6
3125.6
3125.6
3125.6
3125.6
3125.6
3125.6
3125.6
3125.6
3125.6
3125.6
3125.6
3125.6
3125.6
3125.6
3125.6
3125.6
3125.6
3125.6
3125.6
3125.6
3125.6
3125.6
3125.6
3125.6
3125.6
3125.6
3125.6
3125.6
3125.6
