9214.4
7812.8
7812.8
7812.8
7812.8
7606.8
6366
6366
6366
6366
6366
6366
6366
6366
6366
6366
5898
5898
5898
5898
5722
5722
5722
5652
5652
5652
5652
5652
5652
5652
5652
5652
5652
5652
5652
5652
5652
5084.8
5084.8
5084.8
5084.8
5084.8
5084.8
5084.8
5084.8
5084.8
5084.8
5084.8
5084.8
5084.8
5084.8
5084.8
5084.8
5084.8
5084.8
5084.8
5084.8
5084.8
5084.8
5084.8
5084.8
5084.8
4436.8
4436.8
4436.8
4436.8
4436.8
4410.8
4410.8
4410.8
4410.8
4410.8
4410.8
4410.8
4410.8
4410.8
4410.8
4410.8
4410.8
4410.8
4410.8
4410.8
4410.8
4410.8
4410.8
4410.8
4410.8
4410.8
4410.8
4410.8
4410.8
4410.8
4410.8
4410.8
4410.8
4410.8
4410.8
4410.8
4410.8
4410.8
4410.8
