9065.6
8044
7716.8
7716.8
7143.2
7143.2
6782
6782
6599.2
6599.2
6405.6
6405.6
6405.6
6405.6
6405.6
6405.6
6405.6
6405.6
6405.6
6405.6
6405.6
6405.6
6091.2
6091.2
6091.2
6091.2
6091.2
6091.2
6091.2
5845.2
5817.2
5817.2
5817.2
5817.2
5817.2
5817.2
5817.2
5817.2
5817.2
5817.2
5817.2
5817.2
5817.2
5817.2
5817.2
5817.2
5817.2
5817.2
5817.2
5817.2
5817.2
5817.2
5817.2
5817.2
5817.2
5817.2
5817.2
5817.2
5817.2
5817.2
5817.2
5817.2
5805.6
5722.8
5722.8
5722.8
5722.8
5722.8
5722.8
5722.8
5666
5666
5666
5560
5486.8
5486.8
5486.8
5486.8
5486.8
5486.8
5486.8
5486.8
5486.8
5486.8
5486.8
5486.8
5486.8
5431.6
5431.6
5403.6
5403.6
5397.6
5397.6
5392
5382
5382
5382
5337.6
5337.6
5337.6
