12119.6
11346
11184.8
11081.2
11068
11068
10297.2
10141.2
10037.2
10037.2
9999.2
9995.2
9995.2
9995.2
9995.2
9995.2
9995.2
9995.2
9995.2
9985.2
9985.2
9915.2
9915.2
9915.2
9915.2
9915.2
9915.2
9915.2
9915.2
9915.2
9915.2
9915.2
9915.2
9915.2
9915.2
9915.2
9915.2
9915.2
9915.2
9915.2
9620.8
9620.8
9620.8
9608
9524.8
9524
9524
9524
9520
9108
9108
9108
9108
9108
9108
9108
9108
9108
9108
9108
9108
9108
9108
9108
9108
9108
9108
9108
9108
9108
9108
9108
9108
9108
9108
9108
9108
9108
9108
9108
9108
9108
9108
9108
9108
9108
9108
9108
9108
9108
9108
9108
9108
9108
9108
9108
9108
9108
9108
9108
