12943.2
12210
11497.2
10700
10700
10560
10538.8
10524.8
10524.8
10524.8
10524.8
10524.8
10524.8
10524.8
10524.8
10524.8
10524.8
10524.8
10524.8
10524.8
10312.8
10312.8
10262.8
10262.8
10262.8
10262.8
10262.8
10262.8
10262.8
10262.8
10262.8
10262.8
10262.8
10262.8
10262.8
10262.8
10262.8
10262.8
10262.8
9595.6
8792
8576
8576
8576
8576
8522
8522
8522
8522
8522
8520
8520
8520
8516
8516
8516
8328
8328
8328
8328
8328
8328
8328
8328
8186
8108.4
8108.4
8108.4
8108.4
8108.4
8108.4
8100.4
8100.4
8100.4
8100.4
8100.4
8100.4
8100.4
8100.4
8100.4
8100.4
8100.4
8100.4
8100.4
8100.4
8100.4
8100.4
8100.4
8100.4
8100.4
8100.4
8100.4
8100.4
8100.4
8100.4
8100.4
8100.4
7894.4
7894.4
7894.4
