13605.2
12542
9911.6
9859.6
9859.6
9265.6
8767.6
8767.6
8412.4
8128.4
7931.6
7931.6
7931.6
7925.6
7925.6
7925.6
7733.6
7733.6
7733.6
7733.6
7733.6
7721.6
7721.6
7721.6
7721.6
7504
7450
7450
7450
7450
7450
7450
7450
7450
7450
7450
7450
7268
7268
7268
7268
7178
7178
7082
7082
7082
6648
6648
6648
6648
6648
6646
6646
6544
6544
6544
6544
6544
6544
6544
6544
6544
6544
6544
6544
6544
6544
6544
6544
6544
6544
6544
6544
6544
6544
6544
6544
6544
6544
6544
6544
6544
6544
6544
6544
6544
6544
6544
6544
6544
6544
6544
6544
6544
6544
6544
6544
6544
6544
6544
