13691.6
13691.6
13253.6
12834.8
12834.8
12302
12086.4
11928.8
11598.8
11598.8
11598.8
11598.8
11598.8
11598.8
11454.8
11454.8
11445.2
11445.2
11175.2
11175.2
11175.2
11175.2
11175.2
11175.2
11175.2
11175.2
11175.2
11175.2
11175.2
11175.2
11175.2
11171.2
11171.2
11171.2
11171.2
11171.2
11171.2
11171.2
11171.2
11171.2
11171.2
11171.2
11171.2
10635.2
10635.2
10635.2
10635.2
10635.2
10635.2
10635.2
10635.2
10635.2
10633.2
10633.2
10633.2
10633.2
10633.2
10633.2
10633.2
10633.2
10633.2
10633.2
10633.2
10633.2
10633.2
10633.2
10633.2
10633.2
10633.2
10587.2
10587.2
10587.2
10587.2
10587.2
10587.2
10587.2
10587.2
10587.2
10587.2
10587.2
10587.2
10587.2
10587.2
10587.2
10587.2
10587.2
10587.2
10587.2
10587.2
10587.2
10587.2
10587.2
10587.2
10587.2
10587.2
10587.2
10587.2
10587.2
10587.2
10587.2
