12804.8
8338.4
8194.8
8194.8
8194.8
8194.8
8194.8
8194.8
8194.8
8194.8
8194.8
8194.8
8074.8
8074.8
8074.8
8074.8
8074.8
8074.8
8074.8
8074.8
8074.8
8074.8
8074.8
8074.8
8074.8
8074.8
8074.8
8074.8
8074.8
8074.8
8074.8
8074.8
7988.8
7988.8
7988.8
7988.8
7440.4
7440.4
7440.4
7440.4
7440.4
7400.4
7400.4
7400.4
7400.4
7400.4
7400.4
7400.4
7400.4
7400.4
7400.4
7400.4
7400.4
7400.4
7400.4
7400.4
7400.4
7400.4
7400.4
7400.4
7400.4
7400.4
7400.4
7400.4
7400.4
7400.4
7400.4
7400.4
7400.4
7400.4
7400.4
7400.4
7400.4
7400.4
7400.4
7400.4
7400.4
7400.4
7400.4
7400.4
7400.4
7400.4
7400.4
7400.4
7400.4
7400.4
7400.4
7400.4
7400.4
7400.4
7400.4
7400.4
7400.4
7400.4
7400.4
7400.4
7400.4
7400.4
7400.4
7400.4
