15639.6
13691.6
13691.6
13691.6
12299.2
12281.2
12281.2
12281.2
12281.2
12197.2
12197.2
12025.2
12023.2
12023.2
12023.2
12011.2
12011.2
12011.2
11823.2
11823.2
11819.2
11819.2
11819.2
11507.2
11507.2
11507.2
11507.2
11507.2
11507.2
11507.2
11440.8
11440.8
11440.8
11400.8
11332.8
11328.8
11236.8
11236.8
11236.8
11236.8
11236.8
11052.8
11052.8
11052.8
11052.8
11052.8
11052.8
11052.8
11052.8
11052.8
11052.8
11052.8
11052.8
11052.8
11052.8
11052.8
11052.8
11052.8
11052.8
11052.8
11052.8
11052.8
11052.8
11052.8
11052.8
11052.8
11052.8
11052.8
11052.8
11052.8
11052.8
11052.8
11052.8
11052.8
11008.8
11008.8
11008.8
11008.8
11008.8
11008.8
11008.8
10852.8
10852.8
10852.8
10852.8
10852.8
10852.8
10852.8
10852.8
10852.8
10852.8
10852.8
10852.8
10852.8
10852.8
10852.8
10852.8
10852.8
10852.8
10852.8
