12751.2
12226
10859.6
10076
9290
9202
9104.8
9104.8
9104.8
9104.8
8936.8
8936.8
8936.8
8886.8
8886.8
8886.8
8820.8
8820.8
8820.8
8820.8
8820.8
8680.8
8680.8
8680.8
8680.8
8680.8
8680.8
8680.8
8680.8
8680.8
8632.8
8632.8
8586.8
8586.8
8582.8
8582.8
8582.8
8324.8
8318.8
8318.8
8318.8
8318.8
8278.4
8246.4
8246.4
8246.4
8246.4
8246.4
8246.4
8246.4
8182.4
7852.4
7852.4
7852.4
7852.4
7754.4
7728.4
7728.4
7728.4
7728.4
7728.4
7728.4
7723.2
7723.2
7723.2
7723.2
7723.2
7723.2
7723.2
7704.4
7704.4
7704.4
7704.4
7704.4
7566
7566
7566
7566
7566
7566
7566
7566
7566
7566
7566
7566
7566
7566
7566
7566
7566
7566
7566
7566
7566
7566
7566
7566
7566
7566
7566
