12249.6
11173.2
11173.2
10979.6
10979.6
10979.6
10979.6
10979.6
10979.6
10472.8
9895.6
9895.6
9895.6
9895.6
9895.6
9661.6
9540.4
8208.4
8208.4
8208.4
8208.4
8208.4
8208.4
8184.4
8184.4
8184.4
8148
7968
7968
7968
7968
7937.6
7937.6
7937.6
7927.6
7927.6
7927.6
7927.6
7927.6
7666
7666
7556.8
7556.8
7556.8
7388.8
7388.8
7388.8
7388.8
7388.8
7388.8
7388.8
7388.8
7388.8
7107.6
7107.6
6794
6794
6794
6794
6794
6794
6794
6794
6794
6794
6794
6794
6794
6794
6794
6794
6794
6628.8
6542
6542
6542
6542
6542
6542
6542
6542
6542
6542
6542
6542
6542
6542
6542
6542
6542
6542
6542
6542
6542
6542
6542
6542
6542
6542
6542
