14184
13168.8
13168.8
13092.8
12728
11812
11470.8
10326.4
10326.4
10326.4
10326.4
10326.4
10326.4
10326.4
10090.4
10090.4
10090.4
9839.6
9839.6
9839.6
9839.6
9457.2
9457.2
9457.2
9457.2
9387.2
9387.2
9347.2
9347.2
9347.2
8704
8704
8704
8704
8704
8704
8314
8314
8232
8232
8232
8232
8232
8232
8232
8232
8232
8232
8232
8232
7886
7675.2
7675.2
7675.2
7675.2
7675.2
7675.2
7675.2
7675.2
7675.2
7675.2
7675.2
7675.2
7675.2
7675.2
7675.2
7675.2
7675.2
7675.2
7675.2
7675.2
7644.4
7644.4
7644.4
7644.4
7092.4
7092.4
7092.4
7092.4
7092.4
7092.4
7092.4
7092.4
7092.4
7092.4
7092.4
7092.4
7092.4
7092.4
7092.4
7092.4
7092.4
7092.4
7092.4
7092.4
7092.4
7092.4
7092.4
7092.4
7092.4
