14462
14320
14274
13047.2
13047.2
13047.2
13047.2
13047.2
13047.2
13047.2
13047.2
13047.2
13047.2
12788.4
12788.4
12788.4
12598.4
12598.4
12598.4
12598.4
12598.4
12598.4
12598.4
12598.4
11312.8
11312.8
11312.8
11312.8
11312.8
11312.8
11312.8
11312.8
11312.8
11312.8
11312.8
11312.8
11312.8
11312.8
11312.8
11306.4
11306.4
10512.8
10512.8
10512.8
10512.8
10512.8
10512.8
10512.8
10512.8
10512.8
10512.8
10512.8
10512.8
10512.8
10512.8
10512.8
10512.8
10512.8
10512.8
10512.8
10512.8
10512.8
10512.8
10512.8
10512.8
10512.8
10512.8
9903.2
9903.2
9903.2
9903.2
9903.2
9903.2
9903.2
9903.2
9903.2
9903.2
9903.2
9903.2
9903.2
9903.2
9903.2
9612.8
9612.8
9612.8
9612.8
9612.8
9612.8
9612.8
9612.8
9612.8
9612.8
9612.8
9612.8
9612.8
9612.8
9612.8
9612.8
9612.8
9612.8
