19987.2
19214.4
18526
18526
17888.4
17888.4
17403.6
16790.8
16692.8
15888.8
15832.8
15378.8
15360.8
15360.8
15360.8
15360.8
14881.6
14247.2
14247.2
14247.2
14247.2
14227.2
14227.2
14227.2
14227.2
14077.2
14077.2
14077.2
14077.2
14077.2
14077.2
14077.2
14015.2
14015.2
14015.2
14015.2
14015.2
14015.2
14015.2
14015.2
14015.2
14015.2
14015.2
14015.2
14015.2
14015.2
14015.2
14015.2
13961.2
13961.2
13887.2
13887.2
13887.2
13887.2
13887.2
13887.2
13665.2
13665.2
13665.2
13665.2
13665.2
13665.2
13665.2
13665.2
13665.2
13665.2
13665.2
13665.2
13581.2
13563.2
13563.2
13563.2
13360.8
13360.8
13360.8
13242.8
13242.8
13242.8
13242.8
13242.8
13242.8
13242.8
13242.8
13242.8
13242.8
13242.8
13242.8
13242.8
13242.8
13242.8
13242.8
13242.8
13242.8
13242.8
13242.8
13242.8
13242.8
13242.8
13236.8
13076.8
