16656
14824.4
12872.8
12698.8
12698.8
12418.4
11586.4
11586.4
11484.4
11484.4
11484.4
11480.4
11168.4
11168.4
11010.4
10852.4
10852.4
10740.4
10740.4
10690.4
10688.4
10688.4
10688.4
10688.4
10592.4
10592.4
10494
10494
10494
10460.4
10460.4
10460.4
10460.4
10460.4
10460.4
10460.4
10460.4
10460.4
10302.4
10302.4
10302.4
10302.4
10146.4
10146.4
10146.4
9828.4
9828.4
9828.4
9828.4
9828.4
9828.4
9828.4
9680.4
9666.4
9562.4
9562.4
9562.4
9562.4
9424.4
9424.4
9424.4
9424.4
9424.4
9424.4
9422.4
9422.4
9422.4
9422.4
9422.4
9422.4
9260.4
9260.4
9260.4
9260.4
9260.4
9260.4
9260.4
9260.4
9260.4
9260.4
9260.4
9260.4
9260.4
9260.4
9260.4
9260.4
9260.4
9260.4
9260.4
9260.4
9260.4
9260.4
9260.4
9260.4
9260.4
9260.4
9260.4
9260.4
9260.4
9260.4
