19693.6
17899.6
17899.6
17609.2
17595.6
16849.6
16849.6
16849.6
16065.2
16065.2
16065.2
16065.2
16065.2
15914.8
15914.8
15914.8
15757.2
15757.2
15757.2
15651.2
15563.2
15563.2
15414.8
15414.8
15414.8
15414.8
15414.8
15404.8
15404.8
15387.2
15387.2
15387.2
15387.2
15387.2
15387.2
15387.2
15387.2
15387.2
15387.2
15387.2
15380.8
15302.8
15302.8
15302.8
15302.8
15234.8
15234.8
15234.8
15234.8
15234.8
15216.8
15216.8
15216.8
15216.8
15176.8
15176.8
14683.2
14683.2
14250.8
14250.8
14250.8
14250.8
14250.8
14250.8
14250.8
14250.8
14250.8
14250.8
14250.8
14250.8
14250.8
14250.8
14250.8
14250.8
14250.8
14250.8
14250.8
14250.8
14250.8
14250.8
14250.8
14250.8
14250.8
14250.8
14250.8
14250.8
14250.8
14250.8
14250.8
14250.8
14250.8
14146.4
14146.4
14146.4
14146.4
14146.4
14146.4
14008.4
14000.4
13652.4
