13288.4
13207.6
13095.6
12765.6
12709.6
12709.6
12709.6
12709.6
12709.6
12709.6
12709.6
12709.6
12709.6
12709.6
12709.6
12709.6
12709.6
12709.6
12709.6
12709.6
12709.6
12709.6
12709.6
12709.6
12709.6
12709.6
12709.6
12709.6
12709.6
12709.6
12709.6
12709.6
12709.6
12709.6
12709.6
12709.6
12709.6
12709.6
12709.6
12709.6
12709.6
12709.6
12709.6
12709.6
12709.6
12709.6
12709.6
12709.6
12709.6
12709.6
12709.6
12709.6
12709.6
12709.6
12709.6
12709.6
12709.6
12709.6
12709.6
12709.6
12709.6
12709.6
12709.6
12709.6
12709.6
12709.6
12709.6
12709.6
12709.6
12709.6
12709.6
12709.6
12709.6
12709.6
12709.6
12709.6
12709.6
12709.6
12709.6
12709.6
12709.6
12709.6
12709.6
12709.6
12709.6
12709.6
12709.6
12709.6
12709.6
12709.6
12709.6
12709.6
12709.6
12709.6
12709.6
12709.6
12709.6
12709.6
12709.6
12709.6
