15032
14648
14125.2
13838.4
13683.2
13403.2
13375.2
13375.2
13375.2
13054.8
12978.4
12968.8
12968.8
12892.4
12870.4
12870.4
12870.4
12870.4
12840.4
12840.4
12840.4
12840.4
12840.4
12840.4
12840.4
12840.4
12840.4
12840.4
12840.4
12840.4
12840.4
12840.4
12840.4
12840.4
12840.4
12826.4
12826.4
12826.4
12826.4
12826.4
12826.4
12826.4
12680.4
12680.4
12680.4
12680.4
12680.4
12680.4
12680.4
12596.4
12596.4
12596.4
12596.4
12596.4
12596.4
12596.4
12596.4
12596.4
12596.4
12596.4
12596.4
12596.4
12596.4
12596.4
12596.4
12596.4
12596.4
12596.4
12596.4
12596.4
12596.4
12596.4
12596.4
12596.4
12596.4
12596.4
12596.4
12596.4
12596.4
12596.4
12504
12292
12292
12292
12292
12292
12292
12276.8
12276.8
12276.8
12090.8
12090.8
12090.8
12006.8
12006.8
12006.8
11920.8
11920.8
11920.8
11920.8
