18136
18136
18136
17814.8
16570.4
16570.4
16570.4
16457.2
16352.4
16352.4
16352.4
16352.4
16192.8
14756.4
14756.4
14756.4
14756.4
14756.4
14756.4
14232.4
14232.4
14232.4
14232.4
14232.4
14232.4
14232.4
13557.2
13557.2
13557.2
13557.2
13557.2
13557.2
13557.2
13557.2
13557.2
13557.2
13557.2
13557.2
12994.8
12994.8
12994.8
12994.8
12994.8
12994.8
12994.8
12994.8
12994.8
12800
12800
12800
12800
12702
12702
12702
12702
12702
12702
12702
12556
12556
12556
12556
12556
12556
12442
12442
12442
12442
12442
12289.6
12289.6
12289.6
12289.6
12289.6
12289.6
12072.4
12072.4
12072.4
12072.4
11818
11818
11818
11818
11818
11818
11818
11818
11466
11466
11466
11466
11466
11466
11466
11466
11466
11466
11466
11466
11466
