12037.2
10927.2
10749.2
9677.2
9677.2
9641.2
9641.2
9228.4
9228.4
8852.8
8425.2
8305.2
8305.2
8263.2
8233.2
8233.2
8233.2
7959.2
7925.2
7919.2
7919.2
7919.2
7865.2
7865.2
7851.2
7514.8
7511.2
7511.2
7407.2
7407.2
7000.8
7000.8
7000.8
7000.8
7000.8
7000.8
6996.8
6932.8
6932.8
6932.8
6754.8
6754.8
6662.8
6662.8
6662.8
6662.8
6662.8
6662.8
6662.8
6662.8
6662.8
6662.8
6662.8
6662.8
6662.8
6662.8
6662.8
6662.8
6662.8
6662.8
6662.8
6662.8
6636.8
6636.8
6636.8
6636.8
6636.8
6636.8
6636.8
6636.8
6636.8
6636.8
6636.8
6636.8
6636.8
6636.8
6636.8
6636.8
6636.8
6636.8
6636.8
6636.8
6636.8
6636.8
6636.8
6636.8
6636.8
6636.8
6636.8
6636.8
6636.8
6636.8
6636.8
6636.8
6636.8
6636.8
6636.8
6636.8
6636.8
6636.8
