14048.4
13706
13616
12819.6
12819.6
12615.6
12615.6
12588
12312
12132
12132
12132
11954
11954
11954
11812
11812
11788
11603.6
11603.6
11603.6
11455.6
11455.6
11411.2
11411.2
11411.2
11411.2
11411.2
11409.2
11409.2
11409.2
11351.2
11351.2
11351.2
11255.2
10865.2
10865.2
10865.2
10865.2
10865.2
10865.2
10363.6
10363.6
10363.6
10363.6
10363.6
10363.6
10363.6
10363.6
10363.6
10363.6
10363.6
10363.6
10363.6
10363.6
10246.8
10246.8
10246.8
10246.8
10246.8
10246.8
10246.8
10246.8
10246.8
10246.8
10246.8
10246.8
10246.8
10246.8
10246.8
10246.8
10100.8
10050.8
10050.8
10050.8
10050.8
10050.8
10050.8
10050.8
10050.8
10050.8
10050.8
9894.8
9894.8
9894.8
9894.8
9894.8
9894.8
9894.8
9894.8
9894.8
9862.8
9786.8
9786.8
9562.8
9516.8
9516.8
9516.8
9516.8
9516.8
9484.8
