33685.2
33196
32794.8
31561.6
31336.4
29237.6
29237.6
28701.2
28701.2
28701.2
28701.2
28701.2
28701.2
26605.6
26605.6
26605.6
26605.6
26584.8
26584.8
26584.8
26000.4
26000.4
26000.4
24283.6
24283.6
24283.6
24283.6
24283.6
24283.6
24283.6
23912.4
22765.2
22765.2
22765.2
22765.2
22765.2
22765.2
22201.6
22201.6
22201.6
22201.6
22201.6
22201.6
22201.6
22201.6
22201.6
22201.6
22201.6
22099.2
22043.6
22043.6
22004.8
21451.6
21451.6
20542
20542
20542
20542
20542
20542
20542
20542
20542
20542
20542
20444
20444
20444
20444
20444
20444
20444
19561.6
19561.6
19561.6
19561.6
19561.6
19561.6
19561.6
19561.6
19561.6
19561.6
19561.6
19561.6
19479.6
19479.6
19479.6
19479.6
19479.6
19479.6
19266.8
19106.4
19106.4
18888.4
18888.4
18888.4
18888.4
18888.4
18648
18648
