41675.6
41675.6
41675.6
41675.6
41675.6
41675.6
40726.8
37572.4
37572.4
37572.4
37572.4
37572.4
37572.4
36398.8
36398.8
36398.8
36398.8
36398.8
34528.4
34311.6
32757.6
32757.6
32757.6
32757.6
32757.6
32757.6
32757.6
32757.6
32757.6
32757.6
32740.8
32670
32472
32328
32152.4
32152.4
32152.4
32132.4
32132.4
32132.4
31622
31622
31370
31370
31370
31370
30822.8
30400.4
30400.4
30400.4
30262.4
30262.4
30262.4
29667.6
29667.6
29667.6
29667.6
29658.4
29658.4
29544.4
29274
28717.6
28717.6
28717.6
28717.6
28717.6
28717.6
28695.6
28539.6
28539.6
28539.6
28539.6
28539.6
28539.6
28539.6
28539.6
28539.6
28539.6
28539.6
28403.6
28403.6
28403.6
28403.6
28403.6
28403.6
28403.6
28403.6
28403.6
28403.6
28403.6
28403.6
28403.6
28067.6
28067.6
27314
27314
27314
27314
27314
27314
