31622
29770.8
28120.8
26825.2
25814.4
25612.4
25128.4
24855.6
24855.6
24659.6
24659.6
23808
23471.6
23303.6
23080
22878
22418.4
22418.4
22418.4
22418.4
22254.4
22170.4
22140.4
22140.4
22134.4
22134.4
22134.4
22134.4
22134.4
22134.4
22134.4
22134.4
22134.4
22134.4
22134.4
22052
21910.4
20858.8
20576.8
20574.8
20434.4
20434.4
20396.4
20396.4
20396.4
20396.4
20396.4
20288.4
20288.4
20288.4
20288.4
20288.4
20288.4
20288.4
20288.4
20083.6
20083.6
19969.6
19969.6
19967.6
19967.6
19967.6
19967.6
19921.6
19921.6
19921.6
19921.6
19779.6
19779.6
19779.6
19779.6
19779.6
19779.6
19779.6
19779.6
19779.6
19620
19620
19620
19620
19566
19566
19566
19428
19428
19368.8
19368.8
19368.8
19368.8
19368.8
19368.8
19368.8
19234.4
19232.4
19196.4
19114.4
19114.4
19114.4
19114.4
19057.6
