36005.6
31392.8
30927.6
30235.6
30235.6
30235.6
29786
29786
28159.2
28159.2
28159.2
28017.2
28014
28014
27848
27848
27848
26196
25652
25652
25288
25253.6
25253.6
25253.6
25197.6
25197.6
25197.6
25197.6
25197.6
25197.6
25101.6
24221.6
24221.6
24221.6
24221.6
24143.2
24143.2
24143.2
24143.2
24143.2
24109.2
24109.2
24109.2
24109.2
24109.2
24107.6
24107.6
23332.8
23252.8
23252.8
23252.8
23252.8
23252.8
23025.2
23025.2
22997.2
22997.2
22997.2
22774.8
22731.2
22731.2
22731.2
22731.2
22731.2
22731.2
22583.2
22583.2
22583.2
22583.2
22567.2
22567.2
22567.2
22192.4
22192.4
22192.4
22192.4
22192.4
22192.4
22192.4
22192.4
22192.4
22192.4
22192.4
22192.4
21226
21226
21186
21186
21186
21186
21152
21152
21152
20968
20964
20964
20964
20964
20964
20964
20964
