35514
31375.2
29766.8
29766.8
27243.6
26987.6
26055.6
26055.6
24880.8
24880.8
24242
24234
21948
21948
21948
21948
21948
21853.6
20679.2
20679.2
20679.2
20679.2
20611.2
20611.2
20573.6
20343.6
20343.6
20343.6
20185.6
20185.6
20185.6
20185.6
20185.6
20125.6
20125.6
20125.6
20125.6
19971.6
19971.6
19955.6
19955.6
19955.6
19955.6
19955.6
19955.6
19955.6
19955.6
19955.6
19955.6
19955.6
19955.6
19955.6
19955.6
19955.6
19829.6
19829.6
19829.6
19747.6
19747.6
19747.6
19638
19638
19638
19638
19638
19638
19638
19568
19568
19568
19568
19568
19568
19568
19568
19568
19568
19568
19568
19568
19464
19390
19390
19390
19390
19390
19386
19386
19386
19386
19386
19386
19386
19386
19386
19386
19386
19386
19386
19386
