35201.2
32495.2
30168
25660.4
25085.2
24648.4
24500.4
24071.6
23754.4
22578
21563.2
20315.2
20279.2
20137.2
20137.2
20137.2
20137.2
20137.2
19083.6
18871.6
18871.6
18739.6
18739.6
18739.6
18669.6
18549.6
18549.6
18549.6
18549.6
18549.6
18485.6
18377.6
18377.6
18377.6
18377.6
18077.2
17859.2
17859.2
17859.2
17695.2
17695.2
17672
17439.2
17439.2
17371.2
17367.2
17367.2
17367.2
17261.2
16988
16988
16988
16988
16772.8
16772.8
16772.8
16772.8
16334.4
16334.4
16061.6
16061.6
16061.6
15979.6
15979.6
15956.4
15956.4
15822.4
15822.4
15818.4
15786.4
15786.4
15784.4
15681.6
15681.6
15138.8
15046.8
15046.8
14970.8
14966.8
14966.8
14966.8
14966.8
14966.8
14900.8
14900.8
14900.8
14900.8
14900.8
14900.8
14900.8
14900.8
14900.8
14900.8
14900.8
14900.8
14900.8
14900.8
14900.8
14900.8
14900.8
