27359.2
27359.2
21634.4
21634.4
21634.4
20659.6
20659.6
19693.6
19693.6
19693.6
18562
18438
18280
17870
17802
17712
17712
17712
17636
17636
17636
17636
17636
17636
17636
17636
17160
17160
17064
17064
17064
17064
17064
17062
16867.2
16867.2
16626.8
15889.6
15889.6
15889.6
15758.4
15242
15132
15132
14993.2
14993.2
14993.2
14993.2
14913.2
14913.2
14913.2
14745.2
14571.2
14571.2
14571.2
14571.2
14571.2
14571.2
14571.2
14571.2
14571.2
14571.2
14571.2
14571.2
14493.2
14493.2
14493.2
14493.2
14493.2
14493.2
14493.2
14371.2
14371.2
14371.2
14371.2
14201.2
14201.2
14201.2
14201.2
14201.2
14201.2
14201.2
14201.2
14201.2
14201.2
14201.2
14201.2
14201.2
14161.2
14161.2
14133.2
14133.2
14133.2
14133.2
14133.2
14133.2
14133.2
14133.2
14133.2
14133.2
