25135.2
25135.2
22667.6
22280.4
22280.4
22191.6
22107.2
22107.2
21852.8
21499.2
21499.2
21483.6
21295.6
21295.6
21252.8
21252.8
21134.4
21134.4
21116.4
21098.4
21074.4
21067.6
21067.6
21047.2
21024.4
21024.4
21024.4
21024.4
18429.6
18429.6
18263.6
18263.6
18121.6
18038.4
17939.6
17885.6
17885.6
17885.6
17885.6
17697.6
17697.6
17472.4
17472.4
17472.4
17472.4
17472.4
17472.4
17472.4
17445.2
17445.2
17445.2
17445.2
17445.2
17445.2
17291.2
17291.2
17291.2
17291.2
17291.2
17291.2
17291.2
17291.2
17291.2
17291.2
17291.2
17291.2
17291.2
17291.2
17291.2
17291.2
17291.2
17291.2
17291.2
17291.2
17291.2
17291.2
17249.2
17249.2
17249.2
17249.2
17249.2
17249.2
17249.2
17249.2
17249.2
17249.2
17249.2
17249.2
17249.2
17249.2
17249.2
17249.2
17249.2
17249.2
17249.2
17249.2
17249.2
17249.2
17249.2
17249.2
