37737.2
33740.8
31604.4
31604.4
31550.4
31042.8
30407.6
29995.6
29699.6
29699.6
29699.6
29660.4
29660.4
29203.6
29203.6
29203.6
29203.6
29203.6
29203.6
29203.6
29203.6
29203.6
29203.6
29203.6
29203.6
29154.4
29154.4
29154.4
28624.4
28624.4
28598.4
27864.8
27864.8
27820.8
27628.8
27014.8
27014.8
27014.8
27014.8
26924.4
26924.4
26834.4
26834.4
26834.4
26696.4
26696.4
26696.4
26696.4
26696.4
26696.4
26696.4
26696.4
26696.4
26696.4
26696.4
26696.4
26696.4
26094
26094
25835.6
25835.6
25835.6
25168.8
25168.8
25168.8
25168.8
25168.8
25168.8
25168.8
25168.8
24808
24760
24760
24674
24674
24650
24650
24650
24650
24650
24650
24650
24650
24650
24650
24650
24650
24650
24650
24650
24650
24650
24650
24650
24650
24650
24650
24650
24540.4
24448.4
