12725.6
11394.4
10310
10310
10088
10088
9212
9212
9212
9212
8932
8697.2
8697.2
8445.2
8445.2
8223.2
8223.2
8223.2
8223.2
8027.2
8027.2
7943.2
7823.2
7618.4
7618.4
7330.4
7330.4
7330.4
7240.4
7094.4
7094.4
6672.4
6672.4
6528.4
6528.4
6528.4
6528.4
6528.4
6528.4
6528.4
6528.4
6528.4
6528.4
6528.4
6528.4
6528.4
6528.4
6528.4
6528.4
6494.4
6494.4
6494.4
6494.4
6494.4
6376.4
6376.4
6376.4
6376.4
6376.4
6376.4
6376.4
6376.4
6376.4
6376.4
6376.4
6376.4
6376.4
6376.4
6376.4
6376.4
6376.4
6376.4
6376.4
6376.4
6376.4
6376.4
6376.4
6376.4
6376.4
6376.4
6376.4
6376.4
6376.4
6376.4
6376.4
6376.4
6376.4
6376.4
6376.4
6376.4
6376.4
6376.4
6376.4
6376.4
6376.4
6376.4
6376.4
6376.4
6376.4
6376.4
