21255.2
20354.8
20122.8
19370.8
19116.8
19116.8
19116.8
19116.8
19116.8
19116.8
19116.8
19116.8
19116.8
19116.8
19116.8
19116.8
19116.8
19116.8
19116.8
19116
19086
19020
18836
18708
18708
18708
18358
18358
18358
18358
18358
18358
18358
18358
18358
18358
18358
18358
18358
18358
18358
18358
18358
18358
18358
18358
18358
18358
18358
18358
18358
18358
18358
18358
18358
18358
18358
18358
18358
18358
18358
18358
18358
18358
18358
18358
18358
18358
18358
18358
18358
18358
18358
18358
18358
18358
18358
18358
18358
18358
18358
18358
18358
18358
18358
18358
18358
18358
18358
18358
18358
18358
18358
18358
18358
18358
18358
18358
18358
18358
