16437.6
15873.2
15356.8
15296.4
15105.6
15105.6
14103.6
11468.4
11468.4
11192.4
11078.4
11078.4
11078.4
11078.4
11078.4
11078.4
11078.4
11078.4
11078.4
11078.4
11078.4
11078.4
11078.4
11078.4
11078.4
11078.4
11078.4
11078.4
11078.4
11078.4
11078.4
11078.4
11078.4
11078.4
11078.4
11078.4
10770.8
10770.8
10298.4
10298.4
9908.4
9908.4
9908.4
9908.4
9908.4
9908.4
9886.4
9850.4
9850.4
9850.4
9850.4
9850.4
9850.4
9850.4
9850.4
9850.4
9850.4
9850.4
9850.4
9850.4
9850.4
9850.4
9850.4
9850.4
9850.4
9850.4
9850.4
9850.4
9850.4
9850.4
9850.4
9850.4
9850.4
9850.4
9850.4
9850.4
9523.6
9523.6
9523.6
9523.6
9523.6
9523.6
9523.6
9523.6
9523.6
9523.6
9523.6
9523.6
9523.6
9523.6
9523.6
9523.6
9523.6
9523.6
9523.6
9523.6
9523.6
9523.6
9523.6
9523.6
