15391.2
15074.8
14860.4
14770.4
14418.4
14158.4
14158.4
13405.6
13051.6
13051.6
13051.6
12500.4
12354.4
12104.4
12092.4
12092.4
12092.4
12092.4
12092.4
11884.4
11640.4
11591.6
11591.6
11315.2
11315.2
11315.2
11315.2
11089.2
11089.2
11063.2
11063.2
11063.2
11063.2
11063.2
11063.2
11063.2
11063.2
11063.2
11063.2
10809.2
10809.2
10809.2
10807.2
10807.2
10807.2
10807.2
10807.2
10807.2
10807.2
10807.2
10807.2
10807.2
10807.2
10807.2
10807.2
10807.2
10807.2
10807.2
10807.2
10807.2
10807.2
10807.2
10807.2
10807.2
10807.2
10807.2
10807.2
10807.2
10807.2
10725.2
10725.2
10725.2
10725.2
10725.2
10725.2
10524.8
10378.8
10378.8
10292
10292
10292
10136
10136
10000
10000
9632
9632
9632
9632
9632
9632
9632
9474.4
9474.4
9474.4
9474.4
9382.4
9382.4
9382.4
9382.4
