17848.8
17848.8
17848.8
17848.8
17546.8
17130
17102.8
16920.4
16920.4
16920.4
16920.4
16502
16502
16502
16502
16502
16502
16502
16502
16098.4
16098.4
16098.4
15794.4
15794.4
15794.4
15794.4
15794.4
15127.6
15127.6
14831.2
14831.2
14831.2
14831.2
14742.8
14742.8
14560.4
14560.4
14560.4
14560.4
14560.4
14560.4
14560.4
14560.4
14560.4
14560.4
14517.2
14517.2
14517.2
14517.2
14517.2
13896.8
13896.8
13896.8
13896.8
13896.8
13896.8
13896.8
13896.8
13896.8
13896.8
13861.6
13788
13788
13788
13788
13788
13788
13600
13600
13600
13600
13600
13552.8
13552.8
13552.8
13552.8
13552.8
13552.8
13552.8
13552.8
13552.8
13552.8
13552.8
13552.8
13552.8
13552.8
13386
13386
13386
13270
13270
13270
13270
13270
13270
13270
13270
13222.8
13185.2
13185.2
