16635.2
13686.8
11892.4
11892.4
11798.4
11288.4
11288.4
11288.4
10878.4
10204
10204
10132
10132
10098
10098
10078
9994.4
9912.4
9912.4
9892.4
9892.4
9810.4
9790.4
9790.4
9790.4
9730.4
9730.4
9730.4
9730.4
9730.4
9722.4
9560.4
9560.4
9560.4
9552.4
9552.4
9552.4
9552.4
9552.4
9552.4
9552.4
9552.4
9552.4
9552.4
9552.4
9552.4
9552.4
9552.4
9552.4
9552.4
9552.4
9552.4
9552.4
9552.4
9552.4
9552.4
9552.4
9552.4
9548.4
9548.4
9548.4
9548.4
9548.4
9548.4
9548.4
9548.4
9548.4
9548.4
9548.4
9548.4
9548.4
9548.4
9548.4
9548.4
9548.4
9548.4
9548.4
9548.4
9548.4
9548.4
9548.4
9548.4
9548.4
9548.4
9548.4
9548.4
9448.4
9448.4
9448.4
9448.4
9448.4
9448.4
9448.4
9448.4
9448.4
9448.4
9448.4
9448.4
9448.4
9448.4
