14798.4
14669.2
13293.6
12178.8
12178.8
11825.6
11825.6
11825.6
11382.8
11382.8
11294.8
11294.8
11160.8
9656
9518
9518
9518
9518
9518
9518
9518
9518
9518
9518
9518
9518
9518
9518
9518
9518
9518
9518
9518
9518
9518
9518
9518
9518
9518
9518
9518
9518
9518
9518
9518
9518
9518
9518
9518
9424.4
9424.4
9424.4
9364.4
9364.4
9364.4
9364.4
9364.4
8979.2
8979.2
8979.2
8979.2
8979.2
8979.2
8979.2
8979.2
8979.2
8979.2
8979.2
8977.2
8977.2
8953.2
8953.2
8802.4
8802.4
8802.4
8592.4
8592.4
8592.4
8592.4
8592.4
8568.4
8568.4
8568.4
8568.4
8568.4
8548.4
8548.4
8516.4
8516.4
8516.4
8516.4
8516.4
8516.4
8496.4
8496.4
8496.4
8496.4
8496.4
8496.4
8496.4
