18302.8
17470.8
16010.8
15333.2
15333.2
15143.2
15135.2
14901.2
14901.2
14893.2
14893.2
14893.2
14893.2
14893.2
14893.2
14893.2
14893.2
14893.2
14893.2
14893.2
14893.2
14893.2
14893.2
14893.2
14893.2
14893.2
14893.2
14893.2
14893.2
14893.2
14893.2
14893.2
14893.2
14893.2
14893.2
14893.2
14893.2
14893.2
14893.2
14893.2
14893.2
14893.2
14893.2
14893.2
14893.2
14491.2
14491.2
14491.2
14491.2
14491.2
14489.2
14489.2
14489.2
14489.2
14489.2
14489.2
14489.2
14489.2
14489.2
14331.2
14331.2
14331.2
14331.2
14331.2
14331.2
14215.2
14215.2
14215.2
14215.2
14215.2
14215.2
14215.2
14215.2
14215.2
14215.2
14215.2
14215.2
14215.2
14215.2
14215.2
14215.2
14215.2
14215.2
14215.2
14215.2
14215.2
14215.2
14215.2
14215.2
14215.2
14215.2
14215.2
14215.2
14215.2
14215.2
14215.2
14215.2
14215.2
14215.2
14215.2
