13714
13200
13002
13002
13002
13002
12633.6
12587.6
12272.8
11968
11968
11968
11086.4
11018.4
11018.4
11018.4
11018.4
11018.4
11018.4
11018.4
11018.4
11018.4
11018.4
11018.4
11018.4
11018.4
11018.4
11018.4
11018.4
11018.4
10961.6
10959.6
10781.6
10707.6
10707.6
10707.6
10707.6
10707.6
10707.6
10707.6
10707.6
10707.6
10707.6
10707.6
10707.6
10707.6
10707.6
10707.6
10707.6
10707.6
10707.6
10707.6
10707.6
10418.8
10418.8
10418.8
10210
9321.6
9321.6
9321.6
9321.6
9321.6
9321.6
9321.6
9321.6
9321.6
9321.6
9321.6
9321.6
9321.6
9321.6
9321.6
9321.6
9321.6
9321.6
9321.6
9321.6
9321.6
9321.6
9321.6
9321.6
9321.6
9321.6
9321.6
9321.6
9321.6
9321.6
9321.6
9321.6
9321.6
9321.6
9321.6
9321.6
9321.6
9321.6
9321.6
8613.6
8613.6
8613.6
8613.6
