15172.8
13313.2
12376.8
12376.8
12376.8
11878.4
11878.4
11754.4
11754.4
11599.2
11511.2
11389.2
11213.2
11213.2
11213.2
11097.2
11097.2
11097.2
11097.2
11083.2
11083.2
11083.2
11083.2
11083.2
10885.2
10885.2
10885.2
10885.2
10885.2
10831.2
10831.2
10831.2
10528
10332
10332
10318
10264
10264
10264
10264
10264
10264
10264
10264
10264
10264
10264
10264
10264
10264
10264
10264
10264
10264
10264
10264
10264
10264
10264
9962
9962
9962
9962
9962
9962
9962
9962
9962
9962
9962
9962
9962
9962
9962
9962
9962
9962
9962
9962
9962
9962
9962
9962
9962
9962
9962
9962
9962
9962
9962
9962
9962
9962
9962
9962
9962
9962
9962
9962
9962
