22765.6
22765.6
22338.8
21416.8
21340.8
21340.8
21340.8
21222.8
21146.8
21146.8
21146.8
21146.8
21146.8
21146.8
21146.8
21146.8
20922.4
20922.4
20922.4
20922.4
20922.4
20922.4
20804.4
20776.4
20776.4
20291.2
20291.2
20291.2
20291.2
20291.2
20291.2
20291.2
20291.2
20291.2
20291.2
20291.2
20291.2
20211.2
20203.2
20203.2
20203.2
20132
20132
19921.2
19631.2
19562.8
18762
18428
18428
18428
18428
18428
18284.8
18284.8
18284.8
18263.2
18123.2
17610
17610
17540.4
17540.4
17440.4
17366.8
16942.8
16942.8
16942.8
16942.8
16942.8
16862.4
16862.4
16862.4
16862.4
16806.4
16806.4
16806.4
16806.4
16642.4
16642.4
16642.4
16642.4
16642.4
16642.4
16642.4
16642.4
16466.4
16466.4
16466.4
16466.4
16466.4
16466.4
16466.4
16466.4
16466.4
16466.4
16466.4
16466.4
16466.4
16466.4
16466.4
16466.4
