22434.8
20180
20008.8
20002.8
19565.2
19383.6
19146
17813.6
16902.8
16832.8
16716
16716
16610.8
16434
16258.8
16248.8
16248.8
16248.8
16248.8
16248.8
16248.8
16191.6
16191.6
16191.6
16191.6
16171.6
16171.6
16171.6
16171.6
16171.6
16171.6
16171.6
16171.6
14320
14320
14320
14320
14320
14320
14320
14320
14301.6
14301.6
14301.6
14301.6
14280.4
14142.4
14129.2
13788.8
13788.8
13788.8
13596
13578.8
13450.8
13450.8
13450.8
13383.6
13296
13291.6
13255.2
13190.8
13000.8
13000.8
13000.8
13000.8
13000.8
13000.8
13000.8
13000.8
13000.8
13000.8
13000.8
13000.8
13000.8
13000.8
13000.8
13000.8
13000.8
13000.8
13000.8
13000.8
13000.8
13000.8
13000.8
13000.8
13000.8
13000.8
13000.8
13000.8
13000.8
13000.8
13000.8
13000.8
13000.8
13000.8
13000.8
13000.8
13000.8
13000.8
13000.8
