26508.8
14354.8
14194.4
13524.4
11748.4
11748.4
11748.4
11071.6
11071.6
11071.6
10967.6
10967.6
10967.6
10967.6
10967.6
10967.6
10967.6
10967.6
10967.6
10967.6
10967.6
10967.6
10967.6
10967.6
10967.6
10967.6
10967.6
10967.6
10967.6
10967.6
10967.6
10967.6
10967.6
10967.6
10967.6
10967.6
10953.2
10373.6
10373.6
10373.6
10373.6
10373.6
10373.6
10373.6
10373.6
10373.6
10359.2
10359.2
10359.2
10359.2
10359.2
10359.2
10359.2
10351.2
10351.2
10351.2
10351.2
10351.2
10351.2
10351.2
10351.2
10351.2
10351.2
10351.2
10351.2
10351.2
10351.2
10351.2
10351.2
10351.2
10351.2
10351.2
10351.2
10351.2
10351.2
10351.2
10351.2
10351.2
10351.2
10351.2
10351.2
10351.2
10351.2
10351.2
10351.2
10351.2
10199.2
10199.2
10199.2
10199.2
10199.2
10199.2
10199.2
10199.2
10199.2
10199.2
10199.2
10199.2
10199.2
10199.2
