31980.4
29230.8
28161.2
28021.2
27214.8
26166.4
25192
24920
24664.4
24664.4
24648.4
23798.4
23736.4
23662.4
23622.4
23622.4
23622.4
23594.4
23594.4
23594.4
23436.4
23354.8
23354.8
23282.8
22628.8
22628.8
22516.8
22459.2
22459.2
22415.2
22403.2
22403.2
22372.8
22304.8
22304.8
22120.8
22120.8
22114.8
21946.4
21946.4
21918.4
21918.4
21800.4
21800.4
21800.4
21800.4
21534.4
21458.4
21458.4
21458.4
21458.4
21458.4
21458.4
20932
20718
20356
20288
20282
19967.6
19611.2
19611.2
19554
19554
19546
19518
19518
19518
19518
19488
19488
19488
19488
19488
19488
19488
19488
19488
19488
19488
19488
19488
19488
19488
19488
19446
19426
19426
19426
19426
19426
19386
19386
19386
19386
19386
19386
19386
19386
19386
19386
