26010
25482
24014.8
22594
21360.4
19882.4
19418.4
19338.4
19166.4
19102.4
18458
18394
18394
18394
18374
18374
18358
18025.6
18025.6
17939.6
17705.6
17705.6
17705.6
17663.6
17663.6
17663.6
17611.6
17611.6
17489.6
17489.6
17489.6
17489.6
17489.6
17489.6
17489.6
16600
16590
16590
16590
16590
16080
16080
16080
16022
16022
16022
15904
15904
15810
15758
15758
15758
15758
15758
15656
15656
15656
15652
15648
15648
15642
15642
15642
15642
15642
15642
15642
15642
15642
15642
15642
15642
15642
15642
15642
15642
15642
15642
15642
15642
15642
15642
15642
15642
15642
15642
15642
15642
15642
15642
15642
15642
15642
15642
15642
15642
15642
15642
15642
15642
