27835.2
22669.2
22665.2
21023.2
21023.2
20609.2
20135.2
19865.2
19865.2
19641.2
18793.2
17884.8
17884.8
17512.8
17512.8
17432.8
16884.8
16710.8
16710.8
16710.8
16602.8
16602.8
16602.8
16602.8
16406.8
16406.8
16406.8
16406.8
16406.8
16406.8
16167.6
16167.6
16165.6
16139.6
16139.6
16109.6
16109.6
15927.6
15927.6
15628.4
15596.4
15596.4
15596.4
15574.4
15574.4
15496.4
15496.4
15496.4
15496.4
15344.4
15344.4
15344.4
15344.4
15344.4
15344.4
15344.4
15344.4
15344.4
15344.4
15344.4
15344.4
15344.4
15344.4
15344.4
15344.4
15344.4
15344.4
15344.4
15344.4
15344.4
15344.4
15344.4
15344.4
15344.4
15344.4
15344.4
15344.4
15344.4
15344.4
15344.4
15344.4
15344.4
15344.4
15344.4
15344.4
15344.4
15344.4
15344.4
15344.4
15344.4
15344.4
15344.4
15344.4
15344.4
15344.4
15344.4
15344.4
15344.4
15344.4
15344.4
