24730
24624.8
23095.6
23020
23020
22966.8
22753.6
22753.6
22721.6
22721.6
22220
22026
20131.6
19682
19288
19210
19190
18620
18438
18438
18326
18324
18324
18262.4
18262.4
17489.6
17489.6
17489.6
17489.6
17489.6
17036
17036
17036
17023.2
17023.2
17023.2
17023.2
17023.2
16980.8
16980.8
16980.8
16782.8
16158.4
15982.4
15618
15308.8
15078.8
14968
14792
14714
14714
14714
14556
14019.2
13935.2
13893.2
13893.2
13893.2
13871.2
13871.2
13871.2
13871.2
13871.2
13787.2
13787.2
13787.2
13787.2
13693.2
13693.2
13693.2
13693.2
13693.2
13693.2
13693.2
13693.2
13693.2
13693.2
13693.2
13693.2
13693.2
13693.2
13693.2
13693.2
13693.2
13693.2
13693.2
13693.2
13693.2
13693.2
13693.2
13693.2
13693.2
13693.2
13693.2
13693.2
13693.2
13693.2
13693.2
13693.2
13693.2
