14218.4
13762.4
13762.4
13762.4
13762.4
13762.4
13762.4
13762.4
13762.4
13762.4
13762.4
13762.4
13762.4
13762.4
13762.4
13762.4
13762.4
13762.4
13762.4
13762.4
13762.4
13762.4
13762.4
13762.4
13762.4
13762.4
13762.4
13762.4
13762.4
13762.4
13762.4
13762.4
13762.4
13762.4
13762.4
13762.4
13762.4
13762.4
13762.4
13762.4
13762.4
13762.4
13762.4
13762.4
13762.4
13762.4
13762.4
13762.4
13762.4
13762.4
13762.4
13762.4
13762.4
13762.4
13762.4
13762.4
13762.4
13762.4
13762.4
13762.4
13762.4
13762.4
13762.4
13762.4
13762.4
13762.4
13762.4
13762.4
13762.4
13762.4
13762.4
13762.4
13762.4
13762.4
13762.4
13762.4
13762.4
13762.4
13762.4
13762.4
13762.4
13762.4
13762.4
13762.4
13762.4
13762.4
13762.4
13762.4
13762.4
13762.4
13762.4
13762.4
13762.4
13762.4
13762.4
13762.4
13762.4
13762.4
13762.4
13762.4
