14354
11574.4
10830.8
10698.8
10564.8
10564.8
10264.4
10254.4
10254.4
10254.4
10254.4
10254.4
10242.4
10242.4
10242.4
10242.4
10242.4
10242.4
10242.4
10242.4
10242.4
10242.4
10242.4
10242.4
10242.4
10242.4
10242.4
10242.4
10242.4
10242.4
10242.4
10242.4
10242.4
10242.4
10242.4
10242.4
10242.4
10242.4
10242.4
10242.4
10242.4
10242.4
10242.4
10242.4
10242.4
10242.4
10242.4
10242.4
10242.4
10242.4
10242.4
10242.4
9773.6
9773.6
9586
9586
9457.6
9338.8
9338.8
9338.8
9270.8
8873.2
8795.2
8659.2
8659.2
8659.2
8659.2
8659.2
8659.2
8659.2
8659.2
8659.2
8659.2
8659.2
8659.2
8659.2
8659.2
8659.2
8659.2
8659.2
8659.2
8659.2
8659.2
8659.2
8659.2
8659.2
8659.2
8659.2
8659.2
8659.2
8659.2
8659.2
8659.2
8659.2
8659.2
8659.2
8659.2
8659.2
8659.2
8659.2
