26549.6
26066
24810
24668
21156.8
21098.8
21098.8
21058.8
21058.8
20962
20962
20684
20684
20684
20684
19761.2
19761.2
19761.2
19761.2
19761.2
19542.4
19542.4
19522.4
19522.4
19522.4
19522.4
19522.4
19522.4
19522.4
19522.4
19522.4
19522.4
19522.4
19522.4
19522.4
19522.4
19522.4
19522.4
18976
18848
18848
18848
18848
18848
18848
18834
18816
18601.6
18601.6
18379.6
18379.6
18379.6
18379.6
18209.6
18209.6
18209.6
18209.6
18209.6
18209.6
18209.6
18209.6
18209.6
18209.6
18199.6
18199.6
18199.6
18199.6
18199.6
18199.6
18199.6
18199.6
18199.6
18199.6
18199.6
18199.6
18199.6
18199.6
18199.6
18199.6
18199.6
18199.6
18199.6
18199.6
18199.6
18199.6
18199.6
18199.6
18199.6
18199.6
18199.6
18199.6
18199.6
18199.6
18199.6
18199.6
18199.6
18199.6
18199.6
18199.6
18199.6
