22641.2
22641.2
22641.2
22641.2
22235.6
21955.6
21413.6
20438.4
20365.2
18520
18520
18520
18520
18080.8
18026
18026
17776.4
17776.4
17776.4
17217.2
17207.2
17207.2
16049.2
16049.2
16049.2
16049.2
16049.2
16049.2
16049.2
16049.2
15193.2
15193.2
15153.2
15153.2
15153.2
15153.2
15153.2
15153.2
15153.2
15153.2
15153.2
15153.2
15153.2
15153.2
15153.2
15153.2
15153.2
15153.2
15153.2
15153.2
15153.2
14428.4
14428.4
14387.6
14387.6
14387.6
14355.6
14355.6
14355.6
14355.6
14355.6
14355.6
14355.6
14355.6
14355.6
14355.6
14355.6
14355.6
14355.6
14355.6
14355.6
14355.6
14355.6
14355.6
14355.6
13938.8
13938.8
13938.8
13638.4
13638.4
12831.6
12831.6
12831.6
12831.6
12733.6
12733.6
12733.6
12733.6
12733.6
12733.6
12733.6
12733.6
12733.6
12733.6
12733.6
12733.6
12510
12510
12510
12510
