27234.4
25681.6
21260
20300.4
18952.8
18691.6
18691.6
18457.6
18457.6
18242
17697.2
17140
16728.8
16722.8
16692.8
16670.4
16602.4
16138.4
15994.4
15994.4
15868.4
15868.4
15846.4
15846.4
15846.4
15846.4
15800.4
15558.8
14853.6
14619.2
13969.2
13969.2
13969.2
13969.2
13969.2
13969.2
13969.2
13969.2
13969.2
13969.2
13969.2
13969.2
13969.2
13969.2
13969.2
13969.2
13957.2
13528.8
13528.8
13528.8
13528.8
13528.8
13528.8
13528.8
13528.8
13528.8
13528.8
13528.8
13205.2
13205.2
13205.2
13205.2
13205.2
13205.2
13205.2
13205.2
13205.2
13205.2
13205.2
13205.2
13205.2
12881.2
12881.2
12875.2
12875.2
12661.2
12649.2
12613.2
12613.2
12613.2
12613.2
12613.2
12613.2
12609.2
12609.2
12609.2
12609.2
12493.2
12493.2
12493.2
12493.2
12493.2
12403.6
12403.6
12403.6
12403.6
12403.6
12403.6
12403.6
12403.6
