21708.8
10979.6
10979.6
10979.6
9898.4
9898.4
9663.6
9663.6
9663.6
9663.6
9663.6
9663.6
9663.6
9663.6
9627.2
9627.2
9627.2
9627.2
9627.2
9627.2
9627.2
9489.2
9489.2
9489.2
9489.2
9489.2
9489.2
9489.2
9401.2
9401.2
9401.2
9401.2
9401.2
9311.2
9311.2
9311.2
9311.2
9311.2
9311.2
9311.2
9311.2
9311.2
9311.2
9311.2
9311.2
9127.2
9127.2
9127.2
9073.2
9073.2
9073.2
9073.2
9073.2
9073.2
9073.2
9073.2
9073.2
9073.2
9073.2
9073.2
9073.2
9073.2
9073.2
9073.2
9073.2
9073.2
9073.2
9073.2
9073.2
9073.2
9073.2
9073.2
9073.2
9073.2
9073.2
9073.2
9073.2
9073.2
9073.2
9073.2
9073.2
9073.2
9073.2
9073.2
9073.2
9073.2
9073.2
9073.2
9073.2
9073.2
9073.2
9073.2
9073.2
9073.2
9073.2
9073.2
9073.2
9073.2
9073.2
9073.2
