29867.2
29103.2
27950.4
27567.6
27347.6
27347.6
26865.2
26779.2
26779.2
26217.6
25342.8
24814.8
23988.8
23988.8
23830.8
23830.8
23830.8
23035.6
23033.6
23033.6
22525.2
22525.2
22471.2
22471.2
22471.2
22471.2
22457.2
22457.2
22363.6
22363.6
22363.6
22363.6
22363.6
22363.6
22325.6
22325.6
22303.6
22303.6
22303.6
22303.6
22303.6
22153.6
22153.6
22153.6
22153.6
22153.6
22153.6
22153.6
22115.6
21895.6
21895.6
21895.6
21895.6
20900
20900
20810
20810
20486
20486
20486
20486
20424.4
20424.4
20424.4
20424.4
20424.4
20156.8
20106.8
20092.8
20092.8
20092.8
20092.8
20092.8
19827.6
18977.2
18977.2
18919.2
18919.2
18919.2
18919.2
18919.2
18737.2
18737.2
18425.6
18425.6
18201.6
18201.6
18201.6
18201.6
18101.2
18101.2
18101.2
18101.2
17929.2
17427.2
17235.2
17235.2
17109.2
17031.2
16938
16922
