29928.4
28997.6
26114.4
24677.6
24677.6
24604
24604
24212
24212
24184
23962
23962
23886
23886
23564
23318
23318
23280
23280
23198
23186.8
23070.8
23070.8
23070.8
23070.8
22156.8
22156.8
22156.8
22156.8
21944.8
21652.4
20552.8
20552.8
20340
20340
20340
20340
20340
20340
20340
20340
20340
20340
20204
20204
20204
20204
20204
20118
20118
20062
20062
20042
20042
20042
20042
20042
20014
20014
20014
20014
20014
20014
20014
20014
20014
20014
20014
19966
19966
19758
19758
19758
19758
19758
19758
19758
19758
19758
19758
19758
19758
19758
19758
19758
19758
19758
19758
19758
19758
19758
19758
19758
19758
19758
19758
19758
19758
19758
19758
