12931.2
12931.2
12931.2
12931.2
12931.2
11898.8
11210.8
11210.8
11210.8
11210.8
11210.8
11210.8
9779.2
9779.2
9779.2
9779.2
9779.2
9779.2
9779.2
9779.2
9779.2
9779.2
9779.2
9690.4
9401.2
9401.2
9373.2
9373.2
9373.2
9368.4
9368.4
8765.2
8765.2
8765.2
8531.2
8531.2
8531.2
8519.2
8519.2
8519.2
8519.2
8519.2
8519.2
8519.2
8519.2
8519.2
8519.2
8519.2
8447.2
8447.2
8447.2
8447.2
8447.2
8447.2
8435.2
8435.2
8370.4
8294.8
8294.8
8294.8
8294.8
8294.8
8281.2
8281.2
8238.8
8164.4
8132.4
8132.4
8132.4
8124
8124
7975.6
7975.6
7975.6
7975.6
7548.8
7548.8
7548.8
7509.2
7509.2
7146.4
7146.4
7146.4
7146.4
7146.4
7146.4
7146.4
7146.4
7146.4
7146.4
7146.4
7146.4
7146.4
7072
7050.4
7050.4
7050.4
7050.4
7050.4
7050.4
