34447.2
33893.2
32356.8
30504
24532
24176
22138
22138
21782
21782
21242
20466
20466
20388
20388
20332
20332
20332
20332
20332
20332
20332
20332
20332
20332
20332
20332
20332
20332
20332
19688.8
19688.8
19688.8
19688.8
19688.8
19688.8
19688.8
19688.8
19688.8
19688.8
19688.8
19688.8
19688.8
19688.8
19688.8
19688.8
19688.8
19688.8
19688.8
19688.8
19678.8
19678.8
19678.8
19678.8
19678.8
19678.8
19678.8
19678.8
19678.8
19678.8
19678.8
19678.8
19678.8
19678.8
19678.8
19678.8
19678.8
19678.8
19678.8
19678.8
19678.8
19678.8
19678.8
19678.8
19678.8
19678.8
19678.8
19678.8
19678.8
19678.8
19678.8
19678.8
19678.8
19678.8
19678.8
19678.8
19678.8
19678.8
19678.8
19678.8
19678.8
19678.8
19678.8
19678.8
19678.8
19678.8
19678.8
19678.8
19678.8
19678.8
