122015
119714
97614.8
97614.8
97614.8
97614.8
97614.8
97614.8
97614.8
97614.8
97614.8
90534.4
90534.4
88573.2
88051.6
88051.6
83127.6
83127.6
83127.6
83127.6
82502
78106.4
75062.8
75062.8
73832.4
73832.4
72894.8
72894.8
72894.8
72894.8
72894.8
72894.8
72894.8
72894.8
72894.8
72894.8
72356.4
70245.2
68766.4
68766.4
68766.4
68766.4
68766.4
68088.4
68088.4
68088.4
68088.4
68030.4
68030.4
68030.4
66854.4
66854.4
66854.4
66854.4
66854.4
66757.6
66438.4
65686
65686
65686
65686
65686
65686
65686
65686
65686
65546
65546
65546
65546
65546
65456
64987.2
64987.2
64987.2
64677.2
64677.2
64657.2
64657.2
64657.2
64657.2
64604
64604
64604
64604
64110
63053.6
63053.6
63053.6
63053.6
62583.2
62507.2
62239.6
62239.6
62239.6
62239.6
62239.6
62239.6
62239.6
61837.6
