108878
108878
108878
108878
108878
108878
108878
108878
108624
108370
108318
108318
108318
108318
107308
107308
106472
106472
106472
106472
106472
104479
104229
103100
103100
102652
101993
99884.8
99884.8
99884.8
99884.8
98079.6
98079.6
98079.6
98061.6
98061.6
97169.6
97169.6
97169.6
97169.6
97169.6
97169.6
97169.6
97169.6
96694.4
96694.4
96694.4
96694.4
96694.4
96694.4
96694.4
96694.4
96694.4
96694.4
94918
92609.6
92609.6
92609.6
92609.6
92609.6
92609.6
92609.6
92609.6
92609.6
92609.6
92609.6
92609.6
92609.6
92609.6
92609.6
92609.6
92609.6
92609.6
92458.4
92299.2
92299.2
92299.2
90401.2
87566.4
87566.4
87566.4
87566.4
87566.4
87566.4
87390.4
87390.4
87390.4
87390.4
87390.4
87390.4
87390.4
86678.8
86678.8
86678.8
86678.8
86460.8
85423.2
85423.2
85423.2
85423.2
