120397
111951
110896
109179
109179
105227
104830
104830
104830
104830
104640
104640
104640
104640
104640
102041
101755
101755
101755
101755
101755
100130
99514
99514
99514
99514
99514
99514
99514
99514
99514
99514
99514
99514
99514
99514
99514
99514
99514
99514
99514
98289.2
98289.2
98289.2
98111.2
98111.2
97810.8
97810.8
97810.8
97810.8
97810.8
97810.8
97810.8
97810.8
97810.8
97572.4
97242
97242
97242
97242
97242
97242
97242
97242
96898
96560.8
96560.8
96560.8
96560.8
96560.8
96560.8
95979.2
95979.2
95696.4
95696.4
95696.4
95696.4
95696.4
94614
94614
94614
94614
94614
94614
94159.2
94159.2
93811.2
93811.2
93811.2
93619.2
93619.2
93619.2
93286.8
93286.8
93286.8
93286.8
93286.8
93286.8
93286.8
93286.8
