123322
114978
112238
108298
104745
104745
104745
104321
102839
102821
102771
102666
102666
102666
102666
102564
102564
102564
99971.6
99971.6
99971.6
99901.6
99823.6
99823.6
99529.6
99529.6
99529.6
99529.6
99529.6
99517.6
99513.6
99513.6
99169.6
99159.6
99159.6
99159.6
99159.6
99159.6
99159.6
99159.6
99159.6
98837.6
98811.2
98451.6
98451.6
98411.6
98411.6
98411.6
98411.6
98411.6
98411.6
98321.6
98321.6
98271.6
98271.6
98221.2
98187.2
98187.2
98187.2
98187.2
98187.2
98187.2
98187.2
98187.2
98187.2
98187.2
97933.2
97933.2
97933.2
97933.2
97933.2
97933.2
97933.2
97933.2
97933.2
97933.2
97933.2
97933.2
97933.2
97933.2
97933.2
97933.2
97933.2
97933.2
97933.2
97933.2
97933.2
97933.2
97933.2
97933.2
97933.2
97933.2
97933.2
97933.2
97933.2
97933.2
97933.2
97933.2
97933.2
97933.2
