115737
110853
106976
104095
102875
97709.2
95952.8
95558.8
93811.6
93811.6
93801.6
93801.6
93705.6
93681.6
93681.6
93681.6
93396.8
93396.8
90966
90966
90555.2
90555.2
90090
89958
89958
89958
89958
89892
89892
89856
89732
89732
88122.4
88122.4
87092.8
87092.8
86972.8
86956.8
86762.8
86762.8
86756.8
86440
86440
86440
86386
86386
86226
85655.2
85655.2
85655.2
85655.2
85651.6
85651.6
85651.6
85651.6
85651.6
85521.6
84810
84810
84810
84798
84798
84798
84762
84748
84748
84738
84738
84732
84732
84634
84634
84634
84634
84634
84634
84634
84634
84634
84634
84634
84634
84634
84634
84634
84634
84634
84634
84634
84634
84634
84634
84634
84634
84634
84634
84634
84634
84634
84634
