121844
121844
121844
121844
121844
119637
118388
118388
118332
115020
114270
114270
114164
114164
114164
114164
106012
106012
106012
106012
106012
106012
106012
104618
104618
104618
104618
104618
104618
104618
104618
104618
104618
104618
104618
104618
102474
102474
102474
102004
102004
102004
102004
102004
102004
102004
101900
101025
100360
100360
100360
100360
100360
100360
100360
100360
100360
100360
99128
98668.4
98668.4
96707.2
96707.2
96707.2
96707.2
96707.2
96707.2
96707.2
96707.2
96707.2
96707.2
96707.2
96707.2
96707.2
96707.2
96707.2
96707.2
96707.2
96707.2
96707.2
96707.2
96707.2
96707.2
96567.6
96567.6
96567.6
96373.6
96373.6
96373.6
96373.6
96373.6
96373.6
96373.6
96373.6
96373.6
94797.2
94797.2
94797.2
94797.2
94797.2
