5795.2
5795.2
5795.2
5795.2
5795.2
5687.2
5687.2
5418.8
5418.8
5156.8
5156.8
5156.8
5156.8
5156.8
5156.8
5156.8
5156.8
5156.8
5156.8
5156.8
5156.8
5156.8
5156.8
5156.8
5156.8
5156.8
5156.8
5156.8
5156.8
5156.8
5156.8
5156.8
5156.8
5156.8
5156.8
5156.8
5087.2
5087.2
5087.2
5087.2
5087.2
4845.2
4845.2
4845.2
4845.2
4845.2
4840
4840
4349.2
4349.2
4349.2
4349.2
4349.2
4349.2
4349.2
4349.2
4349.2
4349.2
4349.2
4349.2
4349.2
4349.2
4349.2
4349.2
4349.2
4349.2
4349.2
4349.2
4349.2
4349.2
4349.2
4349.2
4349.2
4349.2
4349.2
4349.2
4349.2
4349.2
4349.2
4349.2
4349.2
4349.2
4349.2
4349.2
4349.2
4128
4128
4128
4128
4128
4128
4128
4128
4128
4128
4128
4096
3948
3948
3948
