8411.6
8411.6
7976.4
7426.4
7426.4
7304.8
7218
6966.8
6966.8
6966.8
6966.8
6966.8
6248.4
6248.4
6248.4
6204
6204
6154.4
6154.4
6154.4
6154.4
5621.2
5621.2
5621.2
5621.2
5621.2
5621.2
5621.2
5621.2
5621.2
5621.2
5434
5434
5434
5434
5434
5434
5434
5434
5434
4812
4812
4812
4812
4812
4812
4812
4812
4812
4812
4812
4812
4812
4812
4812
4712
4712
4690
4690
4690
4690
4690
4690
4690
4690
4622
4622
4622
4622
4622
4622
4616
4616
4616
4616
4616
4616
4616
4616
4476
4476
4476
4476
4476
4476
4476
4476
4476
4476
4476
4430
4430
4430
4430
4430
4430
4430
4424
4424
4424
