3859.6
3709.2
3571.2
3535.2
3155.2
3155.2
3155.2
3155.2
3155.2
3155.2
3151.2
3151.2
3151.2
3151.2
3151.2
3151.2
3151.2
3151.2
3151.2
3151.2
3151.2
3151.2
3151.2
2718
2718
2718
2718
2718
2718
2718
2718
2718
2718
2718
2718
2718
2718
2718
2718
2718
2718
2718
2718
2718
2718
2718
2718
2718
2718
2718
2718
2718
2718
2718
2718
2718
2718
2718
2718
2718
2718
2718
2718
2718
2718
2718
2718
2718
2718
2718
2718
2718
2718
2718
2718
2718
2718
2718
2718
2718
2718
2718
2718
2718
2718
2718
2718
2718
2718
2718
2718
2718
2718
2718
2718
2718
2718
2718
2718
2718
