11174.8
11174.8
11174.8
11174.8
11174.8
11174.8
11174.8
11174.8
11087.2
10979.6
10721.2
10633.2
10633.2
10583.2
10583.2
10583.2
10238.8
10238.8
10234.8
9459.2
9459.2
9459.2
9459.2
9451.2
9451.2
9451.2
9447.2
9447.2
9447.2
9447.2
9447.2
9447.2
9251.2
9251.2
9251.2
9251.2
9251.2
9251.2
9251.2
9251.2
9239.2
9239.2
9239.2
9239.2
9239.2
9239.2
9233.2
9233.2
9233.2
9233.2
9233.2
9233.2
9233.2
9233.2
9033.2
9033.2
9033.2
9033.2
9033.2
9033.2
9033.2
9033.2
9033.2
8958.4
8958.4
8958.4
8958.4
8958.4
8958.4
8958.4
8958.4
8958.4
8958.4
8655.2
8655.2
8655.2
8655.2
8655.2
8473.2
8325.2
8325.2
8325.2
8313.6
8284.8
8284.8
8284.8
8280.8
8280.8
8004.8
7909.2
7909.2
7909.2
7909.2
7909.2
7909.2
7909.2
7909.2
7909.2
7909.2
7909.2
7909.2
