10715.6
9536
9132
9132
9132
9132
9132
9132
9132
9132
9132
9132
9132
9132
9132
9132
9132
9132
9132
9132
8965.6
8965.6
8965.6
8965.6
8965.6
8965.6
8000.8
8000.8
8000.8
7970.8
7970.8
7970.8
7878
7878
7824.4
7824.4
7824.4
7824.4
7409.6
7409.6
7409.6
7409.6
7091.6
7055.6
7055.6
7055.6
7055.6
6907.6
6907.6
6907.6
6907.6
6907.6
6907.6
6907.6
6907.6
6907.6
6907.6
6907.6
6907.6
6907.6
6520.8
6520.8
6110.4
6110.4
6110.4
6110.4
6110.4
6110.4
6110.4
6110.4
6110.4
6110.4
6110.4
6110.4
6110.4
6110.4
6110.4
6110.4
6110.4
6110.4
6110.4
6110.4
6110.4
6110.4
6110.4
5806.4
5806.4
5806.4
5806.4
5806.4
5806.4
5806.4
5464.8
5464.8
5464.8
5464.8
5464.8
5464.8
5464.8
5464.8
