10372.4
9883.6
8899.6
8182.8
7794.4
7470.4
7128
7050
6961.2
6846
6512
6429.2
6371.6
6371.6
6371.6
6371.6
6371.6
6371.6
6371.6
6371.6
6371.6
6371.6
6371.6
6371.6
6371.6
6371.6
6371.6
6371.6
6371.6
6371.6
6371.6
6371.6
6371.6
6371.6
6371.6
6371.6
6371.6
6371.6
6371.6
6371.6
6371.6
6371.6
6371.6
6371.6
6371.6
6371.6
6371.6
6371.6
6371.6
6371.6
6371.6
6371.6
6371.6
6371.6
6353.6
6353.6
6353.6
6313.6
6313.6
6313.6
6313.6
6313.6
6313.6
6313.6
6313.6
6313.6
6313.6
6313.6
6313.6
6313.6
6313.6
6313.6
6313.6
6313.6
6313.6
6313.6
6313.6
6313.6
6313.6
6313.6
6313.6
6313.6
6313.6
6313.6
6313.6
6313.6
6313.6
6313.6
6313.6
6313.6
6313.6
6313.6
6313.6
6313.6
6313.6
6313.6
6313.6
6313.6
6313.6
6313.6
