10386
8796
8796
8578
8578
8231.2
7887.2
7839.2
7839.2
7743.6
7685.6
7685.6
7633.2
7633.2
7633.2
7633.2
7633.2
7633.2
7633.2
7633.2
7615.2
7615.2
7615.2
7615.2
7497.6
7497.6
7497.6
7479.2
7479.2
7479.2
7351.2
7351.2
7279.2
7205.2
7089.6
7067.6
7067.6
7067.6
7067.6
7067.6
7067.6
7067.6
7067.6
7067.6
7067.6
7067.6
6905.6
6905.6
6905.6
6905.6
6905.6
6905.6
6843.6
6843.6
6843.6
6843.6
6843.6
6843.6
6843.6
6843.6
6843.6
6843.6
6811.2
6811.2
6811.2
6811.2
6811.2
6811.2
6779.2
6779.2
6779.2
6779.2
6779.2
6779.2
6779.2
6779.2
6779.2
6779.2
6779.2
6779.2
6779.2
6779.2
6779.2
6779.2
6779.2
6779.2
6779.2
6779.2
6779.2
6779.2
6779.2
6779.2
6779.2
6779.2
6779.2
6779.2
6779.2
6779.2
6779.2
6779.2
