12882.8
10105.6
9472
9472
9350
9350
9350
9315.2
9315.2
9300.8
9000
8909.2
8563.6
8279.6
7857.6
7857.6
7857.6
7337.2
7337.2
7302.8
7302.8
7292
7146
7146
7146
7146
7146
7146
7146
7146
7146
7146
7146
7060
6869.2
6869.2
6869.2
6869.2
6869.2
6869.2
6773.2
6773.2
6754
6754
6754
6754
6754
6754
6754
6754
6754
6754
6754
6754
6754
6754
6754
6754
6754
6754
6754
6754
6754
6754
6754
6754
6754
6754
6754
6754
6754
6754
6754
6754
6754
6754
6754
6754
6754
6754
6754
6754
6754
6754
6754
6754
6754
6754
6754
6754
6754
6754
6754
6754
6754
6754
6754
6754
6754
6754
