14595.2
13871.2
13242
13165.2
12792
12717.6
12395.6
12395.6
12395.6
12082
12082
11972.8
11746
11387.6
11387.6
11387.6
11387.6
11100.4
10764.4
10764.4
10497.6
10497.6
10497.6
10461.6
10316
10316
10316
10316
10316
10316
10234
10128
10128
10128
10128
10128
10128
10128
9979.2
9979.2
9979.2
9979.2
9979.2
9979.2
9979.2
9979.2
9979.2
9979.2
9979.2
9979.2
9979.2
9979.2
9979.2
9979.2
9979.2
9979.2
9979.2
9979.2
9979.2
9979.2
9979.2
9979.2
9979.2
9979.2
9934.8
9934.8
9934.8
9891.2
9891.2
9891.2
9891.2
9891.2
9891.2
9891.2
9891.2
9891.2
9891.2
9891.2
9891.2
9891.2
9891.2
9891.2
9891.2
9891.2
9891.2
9891.2
9891.2
9891.2
9891.2
9891.2
9891.2
9891.2
9891.2
9891.2
9891.2
9891.2
9891.2
9891.2
9891.2
9891.2
