10452
8888.8
8024.8
7933.6
7933.6
7707.6
6986
6708.8
6708.8
6708.8
6312
6312
6312
5988
5842
5842
5842
5842
5842
5842
5842
5842
5842
5842
5842
5842
5842
5842
5842
5842
5842
5842
5842
5842
5842
5842
5842
5842
5842
5842
5687.2
5687.2
5671.2
5671.2
5671.2
5671.2
5671.2
5671.2
5671.2
5671.2
5671.2
5671.2
5671.2
5582
5582
5582
5456
5456
5456
5456
5456
5456
5456
5456
5456
5456
5456
5456
5456
5456
5456
5456
5456
5456
5456
5456
5456
5456
5456
5456
5456
5456
5456
5456
5456
5456
5456
5456
5456
5456
5456
5456
5456
5456
5456
5456
5456
5456
5456
5456
