11744.8
11362
11362
11362
11362
11362
11362
11362
11362
11362
11362
11362
11362
11362
11362
11362
11362
11362
11362
11362
11362
11362
11362
11362
11362
11362
11362
11362
11362
11362
11362
11362
11362
11362
11362
11362
11362
11362
11362
11362
11362
11362
11362
11362
11362
11362
11362
11362
11362
11362
11362
11362
11362
11362
11362
11362
11362
11362
11362
11362
11362
11362
11362
11362
11362
11362
11362
11362
11362
11362
11362
11362
11362
11362
11362
11362
11362
11362
11362
11362
11362
11362
11362
11362
11362
11362
11362
11362
11362
11362
11362
11362
11362
11362
11362
11362
11362
11362
11362
11362
