5436.8
5050
4224.8
4014.8
3756.8
3546.8
3546.8
3546.8
3546.8
3459.6
3459.6
3459.6
3459.6
3459.6
3435.6
3435.6
3435.6
3433.6
3433.6
3433.6
3433.6
3433.6
3433.6
3433.6
3433.6
3433.6
3433.6
3433.6
3433.6
3433.6
3433.6
3433.6
3433.6
3433.6
3433.6
3433.6
3433.6
3433.6
3433.6
3429.2
3020.8
3020.8
3020.8
3020.8
3020.8
3020.8
3020.8
3020.8
3020.8
3020.8
3020.8
3020.8
3020.8
3020.8
3020.8
3020.8
3020.8
3020.8
3020.8
3020.8
3020.8
3020.8
3020.8
3020.8
3020.8
3020.8
3020.8
3020.8
3020.8
3020.8
3020.8
3020.8
3020.8
3020.8
3020.8
3020.8
3020.8
3020.8
3020.8
3020.8
3020.8
3020.8
3020.8
3020.8
3020.8
3020.8
3020.8
3020.8
3020.8
3020.8
3020.8
3020.8
3020.8
3020.8
3020.8
3020.8
3020.8
3020.8
3020.8
3020.8
