2752
2215.2
2091.2
2029.6
1903.2
1903.2
1831.6
1831.6
1831.6
1831.6
1831.6
1831.6
1831.6
1831.6
1574
1574
1574
1574
1574
1574
1574
1574
1574
1574
1574
1574
1574
1574
1574
1574
1574
1574
1574
1574
1574
1574
1574
1574
1574
1574
1574
1574
1574
1574
1574
1574
1574
1574
1574
1574
1574
1574
1574
1574
1574
1574
1574
1574
1574
1574
1574
1574
1574
1574
1574
1574
1574
1574
1574
1574
1574
1574
1574
1574
1574
1574
1574
1574
1574
1574
1574
1574
1574
1574
1574
1574
1574
1574
1574
1574
1574
1574
1574
1574
1574
1574
1574
1574
1574
1574
