4090.8
4090.8
3939.6
3748.8
3743.6
3532.8
3532.8
3532.8
3532.8
3532.8
3532.8
3532.8
3532.8
3524.8
3280.8
3280.8
3280.8
3280.8
3280.8
3280.8
3280.8
3280.8
3280.8
3182.8
3182.8
3182.8
3182.8
3182.8
3182.8
3170.8
3170.8
3170.8
3170.8
3170.8
3170.8
3131.6
2934.4
2840
2840
2840
2840
2840
2840
2840
2840
2840
2840
2840
2840
2840
2836
2836
2674
2674
2674
2550
2550
2550
2550
2550
2550
2550
2550
2550
2550
2550
2550
2550
2550
2550
2550
2550
2550
2550
2550
2550
2550
2550
2550
2550
2550
2550
2550
2506
2506
2506
2506
2506
2506
2506
2506
2506
2506
2506
2506
2506
2506
2506
2506
2506
