4302.8
3356.4
2954.4
2592.4
2422.4
2422.4
2422.4
2422.4
2422.4
2422.4
2300.4
2300.4
2300.4
2300.4
2300.4
2300.4
2300.4
2300.4
2300.4
2300.4
2300.4
2300.4
2300.4
2300.4
2300.4
2300.4
2300.4
2300.4
2300.4
2300.4
2300.4
2300.4
2300.4
2300.4
2300.4
2300.4
2300.4
2300.4
2300.4
2300.4
2300.4
2300.4
2300.4
2300.4
2300.4
2300.4
2300.4
2300.4
2300.4
2300.4
2300.4
2300.4
2300.4
2300.4
2300.4
2300.4
2300.4
2300.4
2300.4
2300.4
2300.4
2300.4
2300.4
2300.4
2300.4
2300.4
2300.4
2300.4
2300.4
2300.4
2300.4
2300.4
2300.4
2300.4
2300.4
2300.4
2300.4
2300.4
2300.4
2300.4
2300.4
2300.4
2300.4
2300.4
2300.4
2300.4
2300.4
2300.4
2300.4
2300.4
2300.4
2300.4
2300.4
2300.4
2300.4
2300.4
2300.4
2300.4
2300.4
2300.4
