3680
3182.4
2992.4
2900.4
2797.2
2797.2
2797.2
2733.2
2733.2
2733.2
2659.6
2659.6
2570.4
2564.4
2564.4
2540.4
2540.4
2390.4
2390.4
2390.4
2150.4
2150.4
2150.4
2150.4
2150.4
2150.4
2150.4
2150.4
2150.4
2150.4
2150.4
2150.4
2150.4
2150.4
2150.4
2150.4
2150.4
2150.4
2150.4
2150.4
2150.4
2150.4
2150.4
2150.4
2150.4
2150.4
2150.4
2150.4
2150.4
2150.4
2150.4
2150.4
2150.4
2150.4
2150.4
2150.4
2150.4
2150.4
2150.4
2150.4
2150.4
2150.4
2150.4
2150.4
2150.4
2150.4
2150.4
2150.4
2150.4
2150.4
2150.4
2150.4
2150.4
2150.4
2150.4
2150.4
2150.4
2150.4
2150.4
2150.4
2150.4
2150.4
2150.4
2150.4
2150.4
2150.4
2150.4
2150.4
2150.4
2150.4
2150.4
2150.4
2150.4
2150.4
2150.4
2150.4
2150.4
2150.4
2150.4
2150.4
