3845.2
3506.8
3266.4
3158.8
2638.8
2354.8
2354.8
2354.8
2331.2
2331.2
2331.2
2331.2
2331.2
2327.6
2284.8
2226.8
2208.8
2208.8
2208.8
2063.6
2063.6
2063.6
2063.6
2063.6
1982.4
1982.4
1931.2
1931.2
1693.2
1693.2
1693.2
1693.2
1693.2
1693.2
1693.2
1693.2
1693.2
1693.2
1693.2
1693.2
1693.2
1693.2
1693.2
1693.2
1693.2
1693.2
1693.2
1693.2
1693.2
1693.2
1693.2
1693.2
1693.2
1693.2
1693.2
1693.2
1687.2
1687.2
1687.2
1687.2
1687.2
1687.2
1687.2
1687.2
1687.2
1687.2
1687.2
1687.2
1687.2
1687.2
1687.2
1687.2
1687.2
1687.2
1687.2
1687.2
1687.2
1687.2
1687.2
1687.2
1673.2
1673.2
1673.2
1649.6
1649.6
1649.6
1649.6
1649.6
1649.6
1649.6
1649.6
1649.6
1649.6
1649.6
1649.6
1649.6
1649.6
1649.6
1649.6
1649.6
