4789.2
4377.2
4128.8
4128.8
4128.8
4128.8
4128.8
4018.8
3652
3652
3652
3652
3652
3652
3652
3652
3652
3652
3652
3652
3652
3652
3652
3652
3652
3652
3652
3652
3652
3652
3652
3652
3652
3652
3652
3652
3652
3652
3652
3652
3652
3652
3652
3652
3652
3652
3652
3652
3652
3652
3652
3652
3652
3249.6
3249.6
3249.6
2963.6
2935.6
2844.8
2839.6
2839.6
2720.8
2720.8
2720.8
2720.8
2720.8
2720.8
2720.8
2720.8
2720.8
2720.8
2720.8
2720.8
2720.8
2720.8
2720.8
2720.8
2624.8
2624.8
2624.8
2624.8
2624.8
2624.8
2624.8
2624.8
2624.8
2624.8
2624.8
2624.8
2624.8
2624.8
2624.8
2624.8
2624.8
2624.8
2624.8
2624.8
2624.8
2624.8
2624.8
