3966.8
3966.8
3966.8
3966.8
3828
3828
3828
3470
2832.4
2832.4
2832.4
2832.4
2832.4
2832.4
2783.6
2692
2368
2368
2352
2352
2284
2268
2268
2268
2268
2268
2100
2100
2100
2000
2000
2000
2000
1912
1912
1912
1906
1868
1868
1868
1868
1868
1868
1868
1868
1868
1868
1868
1868
1868
1868
1868
1801.6
1801.6
1801.6
1801.6
1723.6
1723.6
1719.6
1596.8
1596.8
1596.8
1596.8
1592.8
1592.8
1592.8
1592.8
1592.8
1592.8
1592.8
1592.8
1592.8
1592.8
1592.8
1592.8
1592.8
1592.8
1592.8
1592.8
1592.8
1592.8
1592.8
1592.8
1592.8
1592.8
1592.8
1592.8
1592.8
1592.8
1592.8
1592.8
1592.8
1592.8
1592.8
1592.8
1592.8
1592.8
1592.8
1592.8
1592.8
