3682.8
3682.8
3682.8
3682.8
3292.8
3240
2738.4
2738.4
2738.4
2738.4
2738.4
2738.4
2738.4
2738.4
2738.4
2738.4
2738.4
2738.4
2738.4
2738.4
2738.4
2738.4
2738.4
2738.4
2738.4
2738.4
2738.4
2738.4
2738.4
2738.4
2738.4
2738.4
2738.4
2738.4
2738.4
2738.4
2738.4
2738.4
2738.4
2738.4
2738.4
2738.4
2738.4
2738.4
2738.4
2738.4
2738.4
2738.4
2738.4
2738.4
2738.4
2738.4
2738.4
2738.4
2738.4
2738.4
2738.4
2738.4
2738.4
2738.4
2738.4
2738.4
2738.4
2738.4
2738.4
2738.4
2738.4
2738.4
2738.4
2738.4
2738.4
2738.4
2738.4
2738.4
2738.4
2738.4
2738.4
2738.4
2738.4
2738.4
2738.4
2738.4
2738.4
2382.4
2382.4
2382.4
2382.4
2382.4
2382.4
2382.4
2382.4
2382.4
2382.4
2382.4
2382.4
2382.4
2382.4
2382.4
2382.4
2382.4
