8429.2
6478
4457.6
4320.8
4300.8
4300.8
4300.8
4300.8
4300.8
4240.8
4240.8
4228.8
4228.8
4228.8
4228.8
4228.8
4228.8
4228.8
4228.8
4228.8
4228.8
4228.8
4206.8
4206.8
4206.8
4206.8
4206.8
4206.8
4206.8
4114.4
4114.4
4114.4
4114.4
4114.4
4114.4
4114.4
4114.4
4114.4
4114.4
4114.4
4114.4
4114.4
4114.4
4114.4
4114.4
4114.4
3950.8
3950.8
3720
3720
3720
3720
3720
3720
3720
3720
3720
3720
3720
3720
3720
3716.8
3716.8
3716.8
3716.8
3716.8
3716.8
3706.8
3706.8
3706.8
3706.8
3706.8
3706.8
3706.8
3706.8
3706.8
3706.8
3706.8
3706.8
3706.8
3706.8
3706.8
3706.8
3706.8
3706.8
3706.8
3706.8
3706.8
3706.8
3706.8
3706.8
3706.8
3706.8
3706.8
3706.8
3706.8
3706.8
3706.8
3706.8
3706.8
