8729.2
5149.6
5149.6
5149.6
5149.6
5149.6
5149.6
4832.8
4832.8
4548.4
4548.4
4534.4
4534.4
4534.4
4534.4
4534.4
4534.4
4534.4
4534.4
4522.4
4522.4
4522.4
4522.4
4522.4
4522.4
4522.4
4522.4
4522.4
4522.4
4522.4
4522.4
4522.4
4522.4
4522.4
4522.4
4522.4
4522.4
4522.4
4522.4
4222.4
4222.4
4222.4
4222.4
4222.4
4222.4
4222.4
4222.4
4222.4
4222.4
4222.4
4222.4
4088.4
4088.4
4088.4
4088.4
4046.8
4046.8
3910.8
3910.8
3910.8
3910.8
3910.8
3910.8
3784.8
3784.8
3784.8
3784.8
3784.8
3784.8
3772.8
3772.8
3772.8
3772.8
3772.8
3772.8
3772.8
3772.8
3772.8
3772.8
3772.8
3772.8
3772.8
3772.8
3772.8
3772.8
3772.8
3772.8
3772.8
3772.8
3772.8
3772.8
3772.8
3772.8
3772.8
3772.8
3772.8
3772.8
3772.8
3772.8
3772.8
