8158.8
8158.8
7682
6400.8
6400.8
6400.8
6400.8
6400.8
6400.8
6400.8
6400.8
6400.8
6371.6
6371.6
6041.6
6041.6
5888
5888
5888
5888
5888
5888
5888
5786
5748.8
5748.8
5631.2
5540.4
5540.4
5540.4
5540.4
5540.4
5540.4
5540.4
5540.4
5407.2
5407.2
5407.2
5387.6
4976.4
4976.4
4976.4
4772.8
4772.8
4727.2
4727.2
4610.4
4550
4550
4550
4550
4550
4550
4550
4550
4550
4532.4
4532.4
4532.4
4532.4
4532.4
4232.8
4232.8
4232.8
4232.8
4232.8
4232.8
4232.8
4232.8
4232.8
4232.8
4232.8
4232.8
4232.8
4232.8
4232.8
4232.8
4232.8
4232.8
4204
4104
4104
4104
4097.2
4097.2
4097.2
4097.2
4097.2
4025.2
4025.2
4025.2
4025.2
4025.2
4025.2
3994
3994
3896.8
3896.8
3896.8
3896.8
