5879.2
5639.6
5334.4
4956.4
4723.2
4723.2
4723.2
4714.4
4714.4
4714.4
4714.4
4714.4
4714.4
4518.4
4518.4
4518.4
4518.4
4518.4
3744.4
3744.4
3282.8
2954.8
2898.8
2896.8
2896.8
2800.8
2800.8
2710.8
2587.2
2587.2
2587.2
2587.2
2587.2
2520.8
2520.8
2520.8
2520.8
2520.8
2520.8
2520.8
2482.8
2482.8
2445.6
2291.6
2291.6
2291.6
2291.6
2291.6
2291.6
2144.8
1958.8
1958.8
1958.8
1946.8
1946.8
1946.8
1946.8
1946.8
1946.8
1946.8
1942.8
1942.8
1942.8
1860.8
1860.8
1860.8
1860.8
1860.8
1860.8
1860.8
1860.8
1860.8
1860.8
1860.8
1860.8
1860.8
1860.8
1860.8
1860.8
1860.8
1860.8
1860.8
1860.8
1860.8
1860.8
1860.8
1860.8
1758.8
1758.8
1758.8
1758.8
1758.8
1758.8
1758.8
1758.8
1758.8
1758.8
1758.8
1758.8
1758.8
1758.8
