6861.2
6172.4
4816.8
4688.8
4688.8
4546.8
4546.8
4491.2
4491.2
4161.2
4161.2
4161.2
4161.2
4155.2
3943.2
3943.2
3885.2
3885.2
3851.2
3691.6
3691.6
3617.6
3617.6
3617.6
3491.2
3491.2
3491.2
3491.2
3491.2
3491.2
3491.2
3491.2
3491.2
3491.2
3491.2
3491.2
3491.2
3491.2
3491.2
3491.2
3491.2
3491.2
3491.2
3491.2
3491.2
3491.2
3491.2
3491.2
3491.2
3491.2
3491.2
3491.2
3491.2
3491.2
3491.2
3491.2
3491.2
3491.2
3491.2
3491.2
3491.2
3491.2
3491.2
3491.2
3491.2
3491.2
3491.2
3491.2
3491.2
3491.2
3491.2
3491.2
3491.2
3491.2
3491.2
3491.2
3491.2
3491.2
3491.2
3491.2
3491.2
3491.2
3491.2
3491.2
3491.2
3491.2
3491.2
3491.2
3491.2
3491.2
3491.2
3491.2
3491.2
3491.2
3491.2
3491.2
3491.2
3491.2
3491.2
3491.2
