6598.4
5892
5712.8
4811.6
4811.6
4721.6
4422.8
4422.8
4306.8
4290.8
4290.8
4246.4
4244.4
4244.4
4203.2
4203.2
4203.2
4179.6
4179.6
4179.6
4179.6
4179.6
4179.6
4059.6
4059.6
4059.6
4059.6
4059.6
4059.6
4059.6
4059.6
4059.6
4053.6
4053.6
3867.2
3867.2
3867.2
3867.2
3842
3842
3842
3842
3842
3842
3842
3818
3818
3818
3818
3818
3818
3818
3818
3818
3818
3818
3818
3818
3818
3818
3818
3818
3818
3818
3818
3818
3818
3818
3818
3818
3818
3791.6
3791.6
3791.6
3791.6
3791.6
3791.6
3791.6
3791.6
3791.6
3791.6
3791.6
3791.6
3791.6
3791.6
3791.6
3791.6
3791.6
3791.6
3791.6
3791.6
3791.6
3791.6
3791.6
3791.6
3791.6
3791.6
3791.6
3791.6
3791.6
