5741.2
5673.2
5518.4
5518.4
5518.4
5518.4
4766.4
4766.4
4766.4
4766.4
4766.4
4766.4
4766.4
4766.4
4766.4
4766.4
3843.6
3843.6
3843.6
3843.6
3843.6
3843.6
3843.6
3843.6
3843.6
3843.6
3843.6
3843.6
3843.6
3843.6
3561.2
3423.2
3423.2
3423.2
3423.2
3423.2
3423.2
3249.2
3249.2
3232.8
3232.8
3232.8
3230.8
3230.8
3230.8
3230.8
3230.8
3030
3030
3030
3030
3030
3030
2896.8
2896.8
2896.8
2896.8
2878
2878
2878
2878
2878
2878
2690.4
2626.4
2626.4
2626.4
2626.4
2626.4
2626.4
2626.4
2626.4
2626.4
2626.4
2626.4
2626.4
2626.4
2626.4
2626.4
2626.4
2626.4
2626.4
2532.4
2532.4
2532.4
2500.4
2500.4
2500.4
2500.4
2500.4
2500.4
2500.4
2500.4
2500.4
2500.4
2500.4
2500.4
2478.4
2478.4
2478.4
