9789.6
8470.4
8325.6
6433.6
6417.6
6411.6
6322.4
6322.4
6322.4
6114.4
6114.4
5848.8
5664
5660
5660
5660
5532.8
5277.6
5243.6
4970.4
4892
4779.2
4779.2
4779.2
4779.2
4779.2
4660
4634.4
4622.4
4538.4
4538.4
4395.2
4395.2
4395.2
4395.2
4395.2
4389.2
4343.2
4343.2
4343.2
4237.2
4237.2
4237.2
4227.2
4227.2
4227.2
4227.2
4227.2
4227.2
4227.2
4227.2
4227.2
4227.2
4227.2
4227.2
4227.2
4227.2
4227.2
4227.2
4227.2
4227.2
4227.2
4227.2
4227.2
4227.2
4227.2
4227.2
4227.2
4227.2
4227.2
4227.2
4227.2
4227.2
4227.2
4227.2
4227.2
4227.2
4227.2
4227.2
4227.2
4227.2
4227.2
4227.2
4227.2
4227.2
4227.2
4227.2
4227.2
4227.2
4227.2
4227.2
4227.2
4227.2
4227.2
4227.2
4227.2
4227.2
4227.2
4227.2
4227.2
