8193.6
7094.4
6008
5548
5414
4943.2
4490
4407.2
4070
3926
3788.4
3658.4
3430.8
3324.4
3324.4
3324.4
3300.4
3208.4
3208.4
3208.4
3208.4
3134.4
3134.4
3132.4
3052.4
3052.4
3052.4
3052.4
3052.4
3052.4
3052.4
3052.4
2986.4
2986.4
2986.4
2986.4
2986.4
2986.4
2986.4
2986.4
2986.4
2986.4
2986.4
2986.4
2986.4
2986.4
2986.4
2986.4
2986.4
2986.4
2986.4
2986.4
2986.4
2986.4
2986.4
2920.4
2920.4
2920.4
2920.4
2920.4
2920.4
2824.4
2824.4
2824.4
2824.4
2824.4
2824.4
2824.4
2824.4
2824.4
2824.4
2824.4
2824.4
2824.4
2824.4
2824.4
2824.4
2824.4
2824.4
2824.4
2824.4
2824.4
2824.4
2824.4
2824.4
2824.4
2824.4
2824.4
2824.4
2824.4
2824.4
2824.4
2824.4
2824.4
2824.4
2824.4
2824.4
2824.4
2824.4
2824.4
