13768
11885.2
11688.8
11346.8
11045.2
10377.2
10377.2
10377.2
10377.2
10377.2
10377.2
10377.2
10377.2
10377.2
10091.6
10021.2
9882
9882
9866
9564.4
9564.4
9550.8
9390.8
9390.8
9306.8
9306.8
9123.6
9123.6
9123.6
9123.6
9123.6
9123.6
9123.6
9123.6
9123.6
9123.6
9123.6
9123.6
9123.6
9123.6
9123.6
9123.6
9123.6
9123.6
9123.6
9123.6
9123.6
9123.6
9123.6
9123.6
9123.6
9123.6
9123.6
9098.4
9098.4
9098.4
9098.4
9098.4
9098.4
9098.4
9098.4
9098.4
9098.4
9075.6
9075.6
9075.6
8891.6
8891.6
8891.6
8891.6
8891.6
8891.6
8891.6
8891.6
8891.6
8866.4
8866.4
8866.4
8866.4
8866.4
8866.4
8866.4
8866.4
8658.4
8658.4
8658.4
8658.4
8658.4
8658.4
8658.4
8658.4
8658.4
8658.4
8658.4
8658.4
8658.4
8658.4
8658.4
8658.4
8658.4
