10931.2
10209.6
10209.6
10209.6
10209.6
9793.6
6749.2
6749.2
6749.2
6749.2
6749.2
6749.2
5823.2
5823.2
5823.2
5823.2
5823.2
5823.2
5823.2
5823.2
5823.2
5823.2
5823.2
5488.4
5488.4
5488.4
5344.4
5344.4
5344.4
5344.4
5344.4
5344.4
5334.4
5334.4
5334.4
5334.4
5334.4
5334.4
5334.4
5334.4
5334.4
5334.4
5334.4
5334.4
5334.4
5334.4
5334.4
5334.4
5334.4
5334.4
5334.4
5334.4
5334.4
5334.4
5334.4
5334.4
5334.4
5334.4
5334.4
5334.4
5334.4
5334.4
5334.4
5334.4
5334.4
5334.4
5334.4
5334.4
5334.4
5334.4
5334.4
4636.4
4224.4
4224.4
4106
4106
4106
3922
3922
3900
3832
3832
3832
3832
3832
3832
3832
3832
3832
3832
3832
3832
3832
3832
3832
3832
3832
3832
3832
3832
