13472.8
10985.6
10985.6
10985.6
10876
10516.8
10516.8
9404.8
9404.8
9404.8
9336.4
8891.6
8540.8
8491.2
8491.2
8419.6
8419.6
7953.2
7953.2
7846.8
7846.8
7796.4
7796.4
7796.4
7400.4
7038
7038
7038
7038
7038
7038
7038
7038
7038
7038
7038
7038
7038
7038
7000
6875.2
6828.8
6712.4
6638.8
6638.8
6246.8
6246.8
6246.8
6246.8
6246.8
6246.8
6246.8
6246.8
6246.8
5906.4
5906.4
5906.4
5906.4
5906.4
5906.4
5906.4
5906.4
5906.4
5906.4
5906.4
5906.4
5906.4
5906.4
5906.4
5906.4
5798
5798
5798
5798
5798
5798
5798
5798
5798
5798
5798
5798
5798
5768
5768
5768
5768
5670
5670
5670
5670
5670
5670
5670
5670
5670
5646.8
5640
5640
5640
