11686.8
10927.6
10341.2
10341.2
10173.2
10154.4
10154.4
10034.8
10034.8
9873.6
9541.2
9392
9234
8647.6
8346
8231.6
8231.6
8231.6
8231.6
8231.6
8231.6
8231.6
8231.6
8231.6
8231.6
8231.6
8231.6
8231.6
8231.6
8231.6
8160.8
8160.8
8160.8
8160.8
8160.8
8160.8
8160.8
7971.2
7971.2
7971.2
7971.2
7971.2
7971.2
7971.2
7971.2
7971.2
7971.2
7971.2
7971.2
7971.2
7971.2
7971.2
7971.2
7971.2
7762
7762
7762
7762
7762
7762
7516.4
7516.4
7516.4
7516.4
7516.4
7516.4
7494.4
7494.4
7494.4
7494.4
7494.4
7494.4
7494.4
7494.4
7494.4
7494.4
7494.4
7494.4
7494.4
7494.4
7494.4
7494.4
7494.4
7494.4
7494.4
7494.4
7494.4
7494.4
7494.4
7494.4
7494.4
7494.4
7494.4
7494.4
7494.4
7494.4
7494.4
7494.4
7494.4
7494.4
