10782.4
9628.4
9628.4
8653.2
8551.6
8267.6
8248.8
8248.8
8091.2
8091.2
7912
7319.2
7258.4
7128.4
7128.4
6900
6900
6900
6730.8
6730.8
6730.8
6728.4
6270.8
6270.8
5840.4
5840.4
5840.4
5840.4
5827.2
5827.2
5672.8
5672.8
5672.8
5672.8
5672.8
5628.4
5628.4
5628.4
5628.4
5628.4
5628.4
5583.6
5558.8
5558.8
5406
5406
5310.4
5310.4
5310.4
5310.4
5310.4
5310.4
5239.2
5239.2
5239.2
5239.2
5239.2
5239.2
5239.2
5239.2
5239.2
5239.2
5239.2
5239.2
5194.4
5076.8
5076.8
5076.8
4914
4914
4914
4713.6
4713.6
4713.6
4713.6
4713.6
4713.6
4713.6
4713.6
4713.6
4713.6
4713.6
4713.6
4713.6
4713.6
4713.6
4713.6
4713.6
4713.6
4713.6
4713.6
4713.6
4713.6
4713.6
4713.6
4713.6
4713.6
4713.6
4713.6
4713.6
