9482
9204
8914.4
8914.4
7657.6
7200
7200
7200
6915.6
6905.6
6905.6
6905.6
6828.8
6718.4
6718.4
6422.4
6422.4
6422.4
6346.4
6290.4
6290.4
6290.4
6290.4
6290.4
6290.4
6102.4
6102.4
6102.4
6102.4
6102.4
6102.4
6102.4
6102.4
6008.4
6008.4
5968.4
5968.4
5968.4
5968.4
5938.4
5938.4
5938.4
5938.4
5938.4
5886.4
5886.4
5886.4
5886.4
5878.4
5878.4
5878.4
5878.4
5878.4
5878.4
5878.4
5878.4
5878.4
5878.4
5870.4
5870.4
5870.4
5870.4
5870.4
5870.4
5870.4
5870.4
5870.4
5870.4
5870.4
5870.4
5793.2
5781.2
5741.2
5741.2
5741.2
5741.2
5741.2
5510.8
5510.8
5510.8
5480.8
5480.8
5462.8
5462.8
5362.8
5154.8
5154.8
5154.8
5154.8
5154.8
5154.8
5154.8
5154.8
5150.8
5142.8
5142.8
5142.8
5142.8
5142.8
5142.8
5142.8
