12254.8
10677.6
10366.8
9576.8
9058.8
9058.8
8394.8
8044
8044
7990
7990
7789.2
7696.8
7696.8
7668.8
7636.8
7443.2
7394.8
6636.4
6484.8
6399.2
5671.2
5473.2
5473.2
5473.2
5473.2
5473.2
5267.2
4781.2
4781.2
4781.2
4679.2
4679.2
4679.2
4635.2
4635.2
4635.2
4571.2
4323.2
4323.2
4323.2
4317.2
4317.2
4317.2
4317.2
4317.2
4253.2
4253.2
4253.2
4059.2
4059.2
4059.2
4059.2
4059.2
4059.2
4059.2
4059.2
4059.2
4059.2
4059.2
4059.2
4029.2
4029.2
4029.2
4029.2
4001.2
3985.2
3889.2
3889.2
3889.2
3889.2
3889.2
3873.2
3873.2
3873.2
3873.2
3873.2
3873.2
3873.2
3873.2
3873.2
3873.2
3873.2
3873.2
3873.2
3873.2
3873.2
3873.2
3873.2
3873.2
3873.2
3873.2
3873.2
3873.2
3873.2
3873.2
3873.2
3873.2
3873.2
3873.2
