10014
9850
9850
9850
9815.2
9810.8
9810.8
9810.8
9539.2
9539.2
9539.2
9117.2
9117.2
9117.2
9117.2
8912.4
8912.4
8912.4
8912.4
8912.4
8912.4
8912.4
8656.4
8656.4
7823.2
7823.2
7823.2
7823.2
7823.2
7777.2
7553.2
7441.2
7441.2
7441.2
7441.2
7329.2
7112.4
7112.4
7112.4
7112.4
7112.4
7112.4
7112.4
7112.4
6917.6
6917.6
6917.6
6659.6
6659.6
6659.6
6659.6
6659.6
6659.6
6659.6
6641.2
6641.2
6641.2
6400
6358
6358
6358
6358
6260
6260
6260
6260
5838.4
5838.4
5838.4
5838.4
5838.4
5838.4
5838.4
5838.4
5838.4
5670.8
5670.8
5670.8
5670.8
5670.8
5670.8
5670.8
5670.8
5670.8
5670.8
5608
5608
5608
5608
5608
5608
5608
5560.4
5560.4
5450
5450
5450
5450
5450
5450
