13334
11925.6
11307.2
10396
10396
8525.6
7582
7582
7065.6
6709.6
6707.6
6663.6
6663.6
6663.6
6663.6
6663.6
6663.6
6540.8
6540.8
6540.8
6540.8
6540.8
6484.8
6484.8
6470.8
6470.8
6470.8
6470.8
6470.8
6470.8
6464.8
6464.8
6464.8
6464.8
6464.8
6464.8
6464.8
6464.8
6464.8
6464.8
6464.8
6464.8
6464.8
6464.8
6464.8
6464.8
6464.8
6464.8
6462.8
6462.8
6462.8
6462.8
6462.8
6462.8
6462.8
6462.8
6462.8
6462.8
6462.8
6460.8
6460.8
6460.8
6460.8
6460.8
6460.8
6460.8
6460.8
6460.8
6460.8
6460.8
6460.8
6460.8
6460.8
6460.8
6460.8
6460.8
6460.8
6460.8
6460.8
6460.8
6460.8
6460.8
6460.8
6460.8
6460.8
6460.8
6460.8
6460.8
6460.8
6460.8
6460.8
6460.8
6460.8
6460.8
6460.8
6460.8
6460.8
6460.8
6460.8
6460.8
