4966.8
3246.8
3246.8
3246.8
3246.8
3246.8
3246.8
3246.8
3246.8
3246.8
3246.8
3246.8
3246.8
3246.8
3246.8
3246.8
3246.8
3246.8
3246.8
3246.8
3246.8
3246.8
3246.8
3246.8
3246.8
3246.8
3246.8
3246.8
3246.8
3246.8
3246.8
3246.8
3246.8
3246.8
3246.8
3246.8
3246.8
3246.8
3246.8
3246.8
3246.8
3246.8
3246.8
3246.8
3246.8
3246.8
3246.8
3246.8
3246.8
3246.8
3246.8
3246.8
3246.8
3246.8
3246.8
3246.8
3246.8
3246.8
3246.8
3246.8
3246.8
3246.8
3246.8
3246.8
3246.8
3246.8
3246.8
3246.8
2872.4
2872.4
2872.4
2872.4
2872.4
2872.4
2872.4
2872.4
2872.4
2872.4
2872.4
2872.4
2872.4
2872.4
2872.4
2872.4
2872.4
2872.4
2872.4
2872.4
2872.4
2872.4
2872.4
2872.4
2872.4
2872.4
2872.4
2872.4
2872.4
2872.4
2872.4
2872.4
