6617.6
6522.4
6011.6
5773.6
5317.6
5317.6
4973.6
4973.6
4754
4754
4754
4754
4754
4607.6
4555.6
4555.6
4555.6
4469.6
4469.6
4469.6
4469.6
4469.6
4469.6
4469.6
4469.6
4469.6
4469.6
4469.6
4283.6
4283.6
4283.6
4283.6
4283.6
4283.6
4283.6
4283.6
4283.6
4283.6
4283.6
4283.6
4283.6
4283.6
4283.6
4283.6
4283.6
4283.6
4283.6
4283.6
4283.6
4283.6
4283.6
4283.6
4283.6
4283.6
4283.6
4283.6
4283.6
4283.6
4283.6
4283.6
4283.6
4283.6
4283.6
4283.6
4283.6
4283.6
4283.6
4283.6
4283.6
4283.6
4283.6
4283.6
4283.6
4283.6
4283.6
4283.6
4283.6
4283.6
4283.6
4283.6
4283.6
4283.6
4283.6
4283.6
4283.6
4283.6
4283.6
4283.6
4283.6
4283.6
4283.6
4283.6
4283.6
4283.6
4283.6
4283.6
4283.6
4283.6
4283.6
4283.6
