9403.6
8499.6
8364
8364
8364
8364
8364
8364
8364
8296
8296
8296
8296
8296
8296
8296
8296
8094
8094
8094
8094
8094
8085.6
8085.6
8085.6
8085.6
8085.6
8085.6
8085.6
8085.6
8025.6
8025.6
8025.6
8025.6
8025.6
8025.6
8025.6
8025.6
8025.6
8025.6
8025.6
8025.6
8025.6
8025.6
8025.6
8025.6
8025.6
8025.6
8025.6
8025.6
8025.6
8025.6
8025.6
8025.6
8025.6
8025.6
8025.6
8025.6
8025.6
8025.6
8025.6
8025.6
8025.6
8025.6
8025.6
8025.6
8025.6
8025.6
8025.6
8025.6
8025.6
8025.6
8025.6
8025.6
8025.6
8025.6
8025.6
8025.6
8025.6
8025.6
8025.6
8025.6
8025.6
8025.6
8025.6
8025.6
8025.6
8025.6
8025.6
8025.6
8025.6
8025.6
8025.6
8025.6
8025.6
8025.6
8025.6
8025.6
8025.6
8025.6
