9209.2
8804.4
8802.4
8312
8312
8312
7958
7644
7644
7644
7644
7532
7532
7532
7146
7124
6920
6920
6920
6918
6918
6918
6918
6918
6918
6918
6918
6918
6918
6918
6918
6918
6918
6918
6918
6918
6898
6898
6898
6898
6898
6898
6898
6898
6898
6898
6898
6898
6898
6898
6898
6898
6898
6898
6780
6780
6780
6780
6780
6780
6780
6780
6780
6780
6780
6780
6780
6780
6780
6780
6780
6780
6780
6780
6780
6780
6780
6780
6780
6780
6780
6780
6780
6780
6780
6780
6780
6780
6780
6780
6780
6780
6780
6780
6780
6780
6780
6780
6780
6780
