6391.2
6358
6301.2
6301.2
6301.2
6301.2
5799.6
5799.6
5799.6
5324
5218
4607.6
4383.6
4383.6
4383.6
4383.6
4383.6
4383.6
4383.6
4383.6
4383.6
4383.6
4383.6
4383.6
4383.6
4383.6
4383.6
4383.6
4383.6
4383.6
4383.6
4383.6
4383.6
4383.6
4383.6
4383.6
4383.6
4383.6
4383.6
4383.6
4383.6
4383.6
4383.6
4383.6
4383.6
4383.6
4383.6
4383.6
4383.6
4383.6
4383.6
4383.6
4383.6
4383.6
4383.6
4383.6
4383.6
4383.6
4383.6
4383.6
4383.6
4383.6
4383.6
4383.6
4369.6
4369.6
4369.6
4369.6
4369.6
4369.6
4369.6
4231.6
4231.6
4231.6
4231.6
4231.6
4231.6
4231.6
4231.6
4231.6
4231.6
4231.6
4231.6
4231.6
4231.6
4231.6
4231.6
4231.6
4231.6
4231.6
4231.6
4231.6
4231.6
4231.6
4231.6
4231.6
4231.6
4231.6
4231.6
4231.6
