9570.4
8844.8
8844.8
8434.4
7610
7610
7610
7610
7610
7610
7610
7610
7610
7610
7610
7610
7610
7610
7610
7610
7610
7610
7610
7610
7548
7548
7510
7510
7510
7510
7510
7298
7298
7298
7298
7298
7298
7294
7088
7088
7088
7088
7088
7088
7088
7088
7088
7088
7088
7088
7088
7088
7088
7088
6796
6796
6796
6796
6796
6730
6730
6730
6730
6730
6730
6730
6730
6730
6730
6730
6730
6730
6730
6730
6730
6730
6730
6730
6730
6730
6730
6730
6616
6616
6616
6616
6616
6616
6616
6616
6616
6616
6616
6616
6616
6616
6616
6616
6616
6616
