8723.6
7356.8
7356.8
7356.8
6961.6
6961.6
6961.6
6961.6
6961.6
6961.6
6846.8
6846.8
6846.8
6846.8
6846.8
6796.4
6796.4
6730.4
6730.4
6730.4
6284.8
6284.8
6076.8
6076.8
6076.8
6076.8
5863.2
5863.2
5863.2
5863.2
5863.2
5729.2
5729.2
5729.2
5729.2
5729.2
5729.2
5543.2
5543.2
5513.2
5513.2
5513.2
5513.2
5412.8
5412.8
5412.8
5412.8
5141.2
5133.2
5133.2
5133.2
5133.2
5133.2
5133.2
5133.2
5133.2
4973.2
4973.2
4973.2
4973.2
4973.2
4973.2
4973.2
4973.2
4973.2
4973.2
4973.2
4973.2
4973.2
4973.2
4973.2
4973.2
4973.2
4973.2
4973.2
4973.2
4915.2
4915.2
4915.2
4915.2
4915.2
4915.2
4915.2
4915.2
4915.2
4881.2
4881.2
4881.2
4881.2
4881.2
4847.2
4847.2
4799.2
4799.2
4799.2
4799.2
4799.2
4729.2
4715.2
4715.2
