5630.8
4892.8
4892.8
3478
3478
3478
3478
3478
3478
3478
3478
3478
3478
3478
3410
3410
3410
3410
3410
3244
3244
3244
3021.2
3007.2
3007.2
3007.2
3007.2
3007.2
3007.2
3007.2
3007.2
3007.2
3007.2
3007.2
3007.2
3007.2
3007.2
3007.2
2832.8
2832.8
2832.8
2832.8
2832.8
2832.8
2832.8
2832.8
2832.8
2832.8
2832.8
2832.8
2832.8
2832.8
2832.8
2832.8
2832.8
2832.8
2832.8
2832.8
2832.8
2832.8
2832.8
2832.8
2832.8
2832.8
2832.8
2832.8
2832.8
2832.8
2832.8
2832.8
2832.8
2832.8
2832.8
2832.8
2832.8
2832.8
2832.8
2832.8
2832.8
2832.8
2832.8
2832.8
2832.8
2832.8
2832.8
2832.8
2832.8
2832.8
2832.8
2832.8
2832.8
2832.8
2832.8
2832.8
2832.8
2832.8
2832.8
2832.8
2832.8
2832.8
