6516
6300
6140
5826
5556
5556
5556
4946
4946
4946
4946
4946
4946
4946
4946
4946
4902
4902
4902
4902
4902
4902
4902
4902
4902
4902
4902
4902
4902
4902
4902
4902
4902
4902
4902
4902
4902
4902
4902
4902
4902
4902
4902
4902
4902
4902
4902
4902
4902
4902
4902
4902
4902
4902
4902
4902
4902
4902
4902
4902
4902
4902
4902
4902
4902
4902
4902
4902
4902
4902
4902
4902
4902
4902
4902
4902
4902
4902
4902
4902
4902
4902
4902
4902
4902
4902
4902
4902
4902
4902
4902
4902
4902
4902
4902
4902
4902
4902
4902
4902
