13329.6
13329.6
12593.2
12593.2
12445.6
10396.8
10396.8
10396.8
10396.8
10396.8
10396.8
10396.8
10396.8
10396.8
10396.8
10396.8
10396.8
10396.8
10396.8
10396.8
10396.8
10396.8
10184
9844.4
9844.4
9844.4
9844.4
9623.6
9623.6
9623.6
9623.6
9623.6
9623.6
9623.6
9623.6
9623.6
9623.6
9623.6
9623.6
9488.8
9296
9296
9296
9043.2
9043.2
8857.6
8857.6
8649.6
8649.6
8649.6
8649.6
8649.6
8649.6
8649.6
8397.2
8397.2
8397.2
8397.2
8397.2
8397.2
8397.2
8397.2
8397.2
8275.2
7664.4
7664.4
7664.4
7602.4
7602.4
7602.4
7602.4
7602.4
7602.4
7602.4
7602.4
7564.4
7534.4
7534.4
7534.4
7534.4
7388.4
7388.4
7388.4
7388.4
7388.4
7388.4
7272.4
7272.4
7272.4
7272.4
7272.4
7272.4
7272.4
7272.4
7272.4
7272.4
7272.4
7272.4
7272.4
7272.4
