17498
17012.4
17008.4
16950.4
15612.8
15612.8
15612.8
15612.8
15612.8
15612.8
15612.8
15612.8
15612.8
15612.8
15612.8
15612.8
15612.8
15612.8
15612.8
15612.8
15612.8
15612.8
15612.8
15612.8
15612.8
15612.8
15612.8
15612.8
15612.8
15612.8
15612.8
15612.8
15612.8
15612.8
15612.8
15612.8
15612.8
15612.8
15612.8
15612.8
15612.8
14920
14920
14920
14920
14760
14544
14544
14544
14544
14544
14544
14544
14544
14449.2
14449.2
14449.2
14449.2
14449.2
14449.2
14449.2
14449.2
14449.2
14449.2
14449.2
14449.2
14449.2
14449.2
14449.2
14449.2
14449.2
14449.2
14449.2
14449.2
14449.2
14449.2
14269.2
14269.2
14269.2
13873.2
13873.2
13873.2
13873.2
13873.2
13873.2
13873.2
13873.2
13873.2
13873.2
13873.2
13873.2
13873.2
13873.2
13873.2
13873.2
13873.2
13873.2
13873.2
13873.2
13873.2
