16776.8
15326.4
14490.4
11142.4
11142.4
11142.4
10968.4
10968.4
9821.2
9599.2
9599.2
9599.2
9599.2
9569.2
9569.2
9569.2
9569.2
9569.2
9569.2
9569.2
9446.8
9371.6
9371.6
9371.6
9371.6
9075.6
9075.6
9075.6
9075.6
9075.6
9075.6
9075.6
9075.6
9075.6
9075.6
9075.6
9075.6
9075.6
9075.6
9075.6
9075.6
9075.6
9075.6
9075.6
9075.6
9075.6
9075.6
9075.6
9075.6
8937.6
8937.6
8937.6
8937.6
8937.6
8937.6
8937.6
8937.6
8937.6
8937.6
8937.6
8937.6
8937.6
8751.6
8745.6
8745.6
8745.6
8745.6
8745.6
8745.6
8745.6
8745.6
8737.6
8737.6
8737.6
8737.6
8737.6
8737.6
8737.6
8737.6
8737.6
8737.6
8737.6
8737.6
8737.6
8737.6
8737.6
8737.6
8737.6
8737.6
8737.6
8737.6
8737.6
8737.6
8737.6
8737.6
8737.6
8737.6
8737.6
8737.6
8737.6
