12653.6
10962
10393.2
9370.4
9072.4
9072.4
9030.4
9026.4
9026.4
9026.4
8982.4
8982.4
8982.4
8205.6
7948
7925.6
7915.6
7905.6
7905.6
7905.6
7689.6
7689.6
7689.6
7689.6
7689.6
7689.6
7689.6
7689.6
7689.6
7689.6
7689.6
7689.6
7687.6
7687.6
7635.6
7521.6
7491.6
7491.6
7357.6
7357.6
7357.6
7357.6
7357.6
7357.6
7357.6
7241.6
7241.6
7221.6
7221.6
7221.6
7205.6
7205.6
7205.6
7199.6
7199.6
7199.6
7199.6
7119.6
7119.6
7119.6
7119.6
7119.6
7119.6
7119.6
7119.6
7119.6
7119.6
7119.6
7119.6
7119.6
7119.6
7119.6
7119.6
7119.6
7119.6
7119.6
7119.6
7119.6
7119.6
7119.6
7119.6
7119.6
7119.6
7119.6
7119.6
7119.6
7119.6
7119.6
7119.6
7119.6
7119.6
7119.6
7119.6
7119.6
7119.6
7119.6
7119.6
7119.6
7119.6
7119.6
