12995.6
11800
11513.6
10536.8
10398
9480
9267.2
7917.6
7917.6
7917.6
7917.6
7840.4
7784.4
7784.4
7303.2
7303.2
7303.2
7143.2
7143.2
7143.2
7143.2
7143.2
7143.2
7143.2
7143.2
7143.2
7143.2
7143.2
7143.2
7143.2
7143.2
7143.2
7143.2
7143.2
7143.2
7143.2
7143.2
7143.2
7143.2
7143.2
7143.2
7143.2
7143.2
7143.2
7143.2
7143.2
7143.2
7143.2
7143.2
7143.2
7143.2
7143.2
7143.2
7143.2
7143.2
7143.2
7143.2
7143.2
7143.2
7143.2
7143.2
7143.2
7143.2
7143.2
7143.2
7143.2
7143.2
7143.2
7143.2
7143.2
7143.2
7143.2
7143.2
7143.2
7143.2
7143.2
7143.2
7143.2
7143.2
7143.2
7143.2
7143.2
7143.2
7143.2
7143.2
7143.2
7143.2
7143.2
7143.2
7143.2
7143.2
7143.2
7143.2
7143.2
7143.2
7143.2
7143.2
7143.2
7143.2
7143.2
