12851.6
10580.8
10164.4
10164.4
10164.4
10164.4
10164.4
9850
9850
9850
9730.4
9730.4
9730.4
9546.4
9546.4
9216.4
9216.4
9216.4
8872
8872
8788
8788
8788
8788
8788
8788
8788
8598
8488
8394
8394
8394
8394
8394
8394
8394
8394
8344
8284
8284
8284
8284
8284
8284
8284
8284
8284
8284
8284
8238
8238
8238
8238
8238
8238
8238
8238
8238
8238
8238
8238
8238
8238
8238
8238
8238
8238
8238
8238
8238
8238
8238
8238
8238
8238
8238
8238
8238
8238
8238
8238
8238
8238
8238
8238
8238
8238
8238
8238
8238
8238
8238
8238
8238
8238
8238
8238
8238
8238
8238
8238
