14441.6
14441.6
14270.8
13845.6
13837.6
13731.6
13242.8
12890.4
12680.4
12582.8
12554.8
12554.8
12510.8
12510.8
12510.8
12510.8
12502.8
12502.8
12494.8
12494.8
12494.8
12478.4
12304.4
12304.4
12304.4
11819.6
11819.6
11772.8
11772.8
11772.8
11772.8
11772.8
11772.8
11772.8
11772.8
11772.8
11772.8
11772.8
11772.8
11772.8
11772.8
11772.8
11772.8
11772.8
11772.8
11772.8
11772.8
11772.8
11772.8
11772.8
11772.8
11772.8
11772.8
11772.8
11772.8
11772.8
11772.8
11772.8
11772.8
11772.8
11772.8
11772.8
11772.8
11772.8
11772.8
11772.8
11772.8
11772.8
11772.8
11772.8
11772.8
11772.8
11772.8
11772.8
11772.8
11772.8
11772.8
11772.8
11772.8
11772.8
11772.8
11772.8
11772.8
11772.8
11772.8
11772.8
11772.8
11672.8
11672.8
11672.8
11672.8
11672.8
11672.8
11662.8
11662.8
11662.8
11662.8
11662.8
11662.8
11662.8
