15938.8
13854.8
13854.8
13854.8
13854.8
10352
10352
10352
10352
10352
10352
10352
10352
10352
10352
10352
10352
10352
10352
10352
10352
10352
10352
10352
10352
10352
10352
10352
10352
10352
10352
10352
10352
10352
10352
10352
10352
10352
10352
10352
10352
10352
10352
10159.6
10159.6
10159.6
10159.6
10159.6
10159.6
10159.6
10159.6
10159.6
10159.6
10159.6
10159.6
10034
10034
9934
9934
9934
9934
9934
9934
9934
9934
9934
9934
9934
9934
9934
9934
9934
9934
9934
9934
9934
9934
9934
9805.6
9805.6
9805.6
9805.6
9805.6
9805.6
9805.6
9805.6
9710.4
9710.4
9710.4
9710.4
9710.4
9523.6
9521.6
9521.6
9521.6
9521.6
9521.6
9521.6
9521.6
9521.6
