23150.8
21490.8
20650.8
19976.4
19207.6
18637.6
18440.8
18256.8
17938.8
17662.4
17662.4
17507.2
17307.2
17241.2
17241.2
17017.2
17017.2
17017.2
16891.6
16870.8
16870.8
16868.8
16602.8
16602.8
16602.8
16602.8
16532.4
16532.4
16532.4
16532.4
16532.4
16532.4
16532.4
16508.4
16450.4
16450.4
16450.4
16450.4
16450.4
16450.4
16386.4
16386.4
16386.4
16386.4
16231.2
16231.2
16231.2
16231.2
16231.2
16231.2
16231.2
16231.2
16231.2
16231.2
16231.2
16231.2
16231.2
16231.2
16231.2
16231.2
16231.2
16231.2
16231.2
16231.2
16231.2
16231.2
16231.2
16231.2
16231.2
16231.2
16231.2
16231.2
16231.2
16231.2
16231.2
16231.2
16231.2
16231.2
16231.2
16231.2
16231.2
16231.2
16231.2
16231.2
16231.2
16231.2
16231.2
16231.2
16231.2
16231.2
16231.2
16231.2
16231.2
16231.2
16231.2
16231.2
16231.2
16231.2
16231.2
16231.2
