14792.4
11104.4
10870.8
10830.8
10161.6
9684
8953.6
8953.6
8953.6
8765.6
8765.6
8747.6
8415.6
8415.6
8373.6
8373.6
8373.6
8341.6
8341.6
8171.6
8132
8132
7743.2
7415.2
7385.2
7329.2
7329.2
7245.2
7245.2
7235.2
7235.2
7235.2
7235.2
7235.2
7225.2
7225.2
7105.2
7105.2
7075.2
7051.2
7051.2
6869.2
6869.2
6869.2
6869.2
6869.2
6785.2
6785.2
6567.2
6567.2
6567.2
6567.2
6565.2
6565.2
6525.2
6525.2
6525.2
6481.2
6481.2
6481.2
6481.2
6481.2
6481.2
6481.2
6481.2
6481.2
6481.2
6481.2
6481.2
6481.2
6481.2
6481.2
6481.2
6481.2
6481.2
6481.2
6481.2
6481.2
6481.2
6481.2
6481.2
6481.2
6481.2
6481.2
6481.2
6481.2
6481.2
6481.2
6481.2
6481.2
6481.2
6481.2
6481.2
6481.2
6481.2
6481.2
6481.2
6481.2
6481.2
6481.2
