14611.2
13262.4
12798.4
11380.4
11300.4
11300.4
11300.4
11300.4
11062.4
11062.4
11062.4
11062.4
11018.4
11018.4
11018.4
11018.4
11018.4
11018.4
11018.4
11018.4
11018.4
11018.4
11018.4
10905.6
10905.6
10905.6
10905.6
10905.6
10709.6
10701.6
10627.6
10627.6
10627.6
10627.6
10627.6
10627.6
10585.6
10585.6
10585.6
10585.6
10435.6
10435.6
10435.6
10285.6
10285.6
10281.6
10281.6
10281.6
10173.6
10173.6
10173.6
10173.6
10173.6
10173.6
10173.6
10173.6
10173.6
10173.6
10173.6
10173.6
10173.6
10138.8
9914.8
9914.8
9858.8
9858.8
9858.8
9696.8
9696.8
9696.8
9658.8
9658.8
9658.8
9658.8
9658.8
9658.8
9658.8
9658.8
9658.8
9658.8
9658.8
9658.8
9658.8
9658.8
9658.8
9658.8
9658.8
9658.8
9658.8
9658.8
9433.6
9433.6
9433.6
9433.6
9433.6
9433.6
8946
8946
8946
8946
