18390.4
18357.6
18357.6
18357.6
17066.4
17066.4
17066.4
17066.4
17066.4
17066.4
16739.2
15474
15474
15474
15474
15474
15474
15474
15474
15474
15474
15474
15474
15474
15349.2
15349.2
15349.2
15349.2
15349.2
15349.2
15110
14828.4
14828.4
14828.4
14828.4
14828.4
14358
13932.4
13932.4
13932.4
13932.4
13932.4
13932.4
13932.4
13753.6
13753.6
13753.6
13586.4
13586.4
13586.4
13292.4
13292.4
13292.4
12954.4
12954.4
12944.8
12760.4
12760.4
12646.4
12646.4
12646.4
12646.4
12480.4
12480.4
12480.4
12480.4
12295.6
12295.6
12295.6
12295.6
12295.6
12295.6
12295.6
12295.6
12295.6
12295.6
12295.6
12107.6
12107.6
11959.6
11959.6
11959.6
11959.6
11959.6
11959.6
11959.6
11959.6
11907.6
11814.4
11814.4
11814.4
11814.4
11791.6
11791.6
11791.6
11791.6
11791.6
11771.6
11771.6
11695.6
