18920.8
16563.2
15776.4
14970
14970
14392
14106
13272
12874
12842
12842
12764
12570.8
12570.8
12570.8
12462.8
12430.8
12360.8
12207.6
12207.6
12089.6
11921.6
11236.4
11062.4
11062.4
11062.4
11062.4
11062.4
10948.4
10862.4
10744.4
10744.4
10744.4
10744.4
10744.4
10744.4
10744.4
10744.4
10744.4
10732.4
10730.4
10730.4
10730.4
10730.4
10730.4
10730.4
10730.4
10730.4
10730.4
10730.4
10730.4
10730.4
10730.4
10730.4
10730.4
10730.4
10730.4
10658.4
10658.4
10658.4
10499.6
10499.6
10499.6
10499.6
10499.6
10499.6
10499.6
10499.6
10499.6
10499.6
10499.6
10499.6
10499.6
10499.6
10499.6
10499.6
10499.6
10499.6
10499.6
10499.6
10499.6
10499.6
10499.6
10499.6
10499.6
10499.6
10499.6
10499.6
10499.6
10499.6
10499.6
10499.6
10499.6
10499.6
10499.6
10499.6
10499.6
10499.6
10499.6
10499.6
