16918.8
16918.8
9899.6
8375.6
7869.6
7869.6
7559.6
7559.6
7095.6
7091.6
7091.6
7091.6
7091.6
7091.6
7091.6
7091.6
7047.6
6987.6
6987.6
6987.6
6987.6
6987.6
6987.6
6959.6
6959.6
6959.6
6959.6
6959.6
6959.6
6959.6
6959.6
6959.6
6959.6
6959.6
6959.6
6959.6
6959.6
6959.6
6959.6
6915.6
6915.6
6895.6
6895.6
6895.6
6895.6
6807.6
6807.6
6807.6
6807.6
6807.6
6807.6
6807.6
6807.6
6807.6
6807.6
6807.6
6807.6
6807.6
6807.6
6807.6
6807.6
6807.6
6807.6
6807.6
6807.6
6807.6
6805.6
6805.6
6805.6
6805.6
6805.6
6805.6
6805.6
6805.6
6799.6
6799.6
6799.6
6799.6
6799.6
6799.6
6799.6
6799.6
6799.6
6799.6
6799.6
6799.6
6799.6
6799.6
6799.6
6799.6
6799.6
6799.6
6799.6
6799.6
6799.6
6799.6
6799.6
6799.6
6799.6
6799.6
