20255.2
19362.8
17488
16535.2
15074.4
14830.4
14542.4
13888.4
13768.4
13768.4
13768.4
13526.4
13526.4
13486.4
13486.4
13124.4
13124.4
13124.4
13074.4
13074.4
12998.4
12890.4
12890.4
12890.4
12890.4
12802.4
12802.4
12802.4
12802.4
12802.4
12802.4
12776.4
12776.4
12688.4
12688.4
12686.4
12624.4
12624.4
12624.4
12624.4
12624.4
12604.4
12514.4
12514.4
12514.4
12514.4
12514.4
12514.4
12514.4
12486.4
12486.4
12486.4
12264.4
12264.4
12264.4
12264.4
12264.4
12264.4
12264.4
12156.4
12156.4
12156.4
12156.4
12156.4
12156.4
12050.4
12050.4
12050.4
12050.4
12002.4
12002.4
12002.4
12002.4
12002.4
12002.4
11998.4
11998.4
11998.4
11998.4
11998.4
11998.4
11998.4
11998.4
11998.4
11854.4
11854.4
11854.4
11854.4
11854.4
11773.6
11773.6
11773.6
11773.6
11773.6
11719.6
11719.6
11719.6
11719.6
11697.6
11615.6
