17392.8
17182
14319.2
14319.2
14319.2
14317.6
14317.6
13255.2
13255.2
13255.2
13255.2
13255.2
13255.2
12972.4
12972.4
12917.6
12307.6
12307.6
12307.6
12307.6
12177.2
12177.2
12143.2
12047.2
12047.2
12047.2
12047.2
12047.2
12047.2
12047.2
11970
11970
11217.2
11217.2
11217.2
11217.2
11217.2
11217.2
11152
11152
11152
11152
11152
11152
11019.6
10835.2
10809.6
10425.6
10425.6
10425.6
10425.6
10425.6
10425.6
10425.6
10425.6
10425.6
10425.6
10425.6
10425.6
10425.6
10425.6
10425.6
10425.6
10425.6
10425.6
10425.6
10425.6
10425.6
10425.6
10425.6
10425.6
10343.6
10343.6
10343.6
10343.6
10343.6
10343.6
10343.6
10343.6
10343.6
10343.6
9969.6
9969.6
9969.6
9969.6
9969.6
9969.6
9969.6
9969.6
9969.6
9969.6
9969.6
9969.6
9969.6
9969.6
9969.6
9969.6
9969.6
9969.6
9969.6
