36316
33253.6
32759.6
29695.6
29176.8
25858.8
25606.8
24356.4
24228.4
23928.4
23928.4
23822
23822
23642
23524
23524
23524
23248
23248
23248
23248
23200.4
23200.4
23158.4
23158.4
23158.4
23158.4
23100.4
23100.4
23100.4
23100.4
23100.4
22932.4
22927.6
22554.8
22554.8
22402.8
22402.8
22220.8
22220.8
22136.8
22136.8
22066.8
22066.8
22066.8
22066.8
21992.8
21992.8
21992.8
21992.8
21992.8
21992.8
21992.8
21992.8
21992.8
21992.8
21992.8
21992.8
21992.8
21936.8
21936.8
21936.8
21936.8
21936.8
21936.8
21936.8
21936.8
21936.8
21936.8
21936.8
21936.8
21936.8
21510
21510
21510
21510
21510
21510
21510
21510
21510
21510
21510
21510
21510
21510
21510
21510
21510
21510
21510
21510
21510
21510
21510
21510
21510
21510
21510
21510
