32772.8
32772.8
29694
29694
29694
29694
29694
29694
29316.8
28208
27158
26026.8
23150.4
22991.2
22991.2
22555.2
22113.2
22113.2
20932.8
20932.8
20932.8
20932.8
20932.8
20932.8
20932.8
20932.8
20932.8
20932.8
20932.8
20932.8
20932.8
20932.8
20932.8
20932.8
20932.8
20932.8
20932.8
20932.8
20932.8
20932.8
20932.8
20932.8
20932.8
20932.8
20932.8
20932.8
20932.8
20932.8
20932.8
20932.8
20932.8
20932.8
20932.8
20576.4
20576.4
20576.4
20576.4
20576.4
20576.4
20576.4
20576.4
20576.4
20576.4
20576.4
20576.4
20296.4
20296.4
20296.4
20296.4
20296.4
20108.4
20108.4
20108.4
20108.4
20108.4
20108.4
20108.4
20108.4
20108.4
20108.4
20108.4
20108.4
20089.2
20089.2
20089.2
20089.2
20015.2
20015.2
20015.2
20015.2
20015.2
20015.2
20015.2
20015.2
20015.2
20015.2
20015.2
20015.2
20015.2
20015.2
