41064.8
32080
31225.2
29508.8
29247.6
28798.8
27824.8
27824.8
27824.8
27824.8
27708.8
27024.4
26377.6
26333.6
25857.6
25693.6
25693.6
25693.6
25693.6
25339.6
25304
25304
24866
24462
23830.4
23683.6
23568.8
23081.6
22729.2
22616.8
22550.8
22381.6
22381.6
22243.6
22121.6
22121.6
21922.8
21922.8
21782.4
21782.4
21782.4
21716.4
21716.4
21646.4
21646.4
21646.4
21646.4
21524.8
21322.4
21322.4
21322.4
21212.4
21212.4
21174.4
21174.4
20704.4
20704.4
20704.4
20704.4
20704.4
20480.4
20480.4
20480.4
20480.4
20480.4
20480.4
20480.4
20480.4
20480.4
20358.8
20358.8
20358.8
20358.8
20301.2
20301.2
20301.2
20301.2
20301.2
20301.2
20301.2
20301.2
20301.2
20301.2
20301.2
20301.2
20301.2
20301.2
20301.2
20301.2
20301.2
20301.2
20301.2
20301.2
20301.2
20301.2
20301.2
20301.2
20301.2
20301.2
20301.2
