39357.6
34539.2
31113.6
30955.6
30355.6
29245.6
28731.6
27953.6
27580
27430
27390
27390
27060
27060
26950
26626
26614
26614
26040.4
25897.6
25825.6
25663.6
25663.6
24718
24512
24512
24512
24512
24325.6
24325.6
24290.4
23907.6
23897.6
23797.2
23797.2
23689.2
23689.2
23625.2
23625.2
23625.2
23625.2
23513.2
23513.2
23513.2
23433.2
23433.2
23433.2
22996.4
22996.4
22820.4
22820.4
22820.4
22820.4
22820.4
22820.4
22820.4
22820.4
22820.4
22820.4
22820.4
22820.4
22782.4
22782.4
22782.4
22782.4
22782.4
22604.4
22580.4
22580.4
22580.4
22572.4
22572.4
22572.4
22424.4
22424.4
22424.4
22424.4
22424.4
22424.4
22424.4
22424.4
22424.4
22424.4
22372.4
22372.4
22372.4
22372.4
22372.4
22372.4
22372.4
22372.4
22372.4
22372.4
22372.4
22372.4
22350.4
22350.4
22314.4
22314.4
22314.4
