36036.4
31782.8
29429.6
27574.4
27490.4
25810.4
25810.4
25810.4
25772.4
25654.8
25504.8
25424.4
24674.4
24674.4
24569.2
24355.2
24111.2
24027.2
23772
23549.2
23549.2
23281.2
23281.2
23062.8
22435.6
22435.6
22435.6
21852
21664
21664
21390
21390
21390
21390
21078
21078
21078
21078
21078
21066
21066
20905.2
20649.2
20649.2
20649.2
20565.2
20565.2
20495.2
20451.2
20355.2
20355.2
19894.8
19894.8
19806.8
19806.8
19516.8
19516.8
19516.8
19516.8
19516.8
19516.8
19516.8
19502.8
19478.8
19478.8
19478.8
19478.8
19478.8
19478.8
19478.8
19478.8
19478.8
19478.8
19464.8
19464.8
19464.8
19464.8
19464.8
19464.8
19464.8
19464.8
19464.8
19464.8
19464.8
19464.8
19464.8
19464.8
19464.8
19464.8
19464.8
19464.8
19464.8
19464.8
19464.8
19464.8
19464.8
19464.8
19464.8
19464.8
19464.8
