21922.8
21922.8
19954.8
19954.8
19954.8
19954.8
19954.8
19954.8
19954.8
18122
18122
17706
17706
17706
17706
17706
17706
17706
17706
17706
17706
17706
17122.4
16860.4
16528.4
16528.4
16480.4
16458.4
16402.4
16402.4
16330.4
16272.4
16272.4
16272.4
16184.4
16184.4
16184.4
16146.4
16146.4
16146.4
16146.4
16146.4
16146.4
16146.4
16144.4
16144.4
16144.4
16144.4
16142.4
16142.4
16142.4
16142.4
16142.4
16142.4
16126.4
16126.4
16126.4
16126.4
16126.4
16126.4
16126.4
16126.4
16126.4
16126.4
16126.4
16126.4
16126.4
16126.4
16126.4
16126.4
16126.4
16126.4
16126.4
16126.4
16126.4
16126.4
16126.4
16126.4
16126.4
16126.4
16126.4
16126.4
16126.4
16126.4
16126.4
16126.4
16126.4
16126.4
16126.4
16126.4
16126.4
16126.4
16126.4
16126.4
16126.4
16126.4
16126.4
16126.4
16126.4
16126.4
