20186.8
16659.2
14704
14490
14046
13984
13984
13856
13798
13766
13766
13766
13766
13766
13588
13186.4
12996.4
12996.4
12940.4
12542.4
12308.4
12266.4
12266.4
12112.4
12112.4
12112.4
11950.4
11950.4
11834
11834
11834
11396
11396
11396
11396
11396
11396
11396
11396
11144
11144
11054
11054
11054
11054
11054
11054
11054
11054
11054
11054
11054
11054
11054
11054
11054
11054
11054
11054
11054
11054
11054
11054
11054
11054
11054
11054
11054
11054
11054
11054
11054
11054
11054
11054
11054
11054
11054
11054
11054
11054
11054
11054
11054
11054
11054
11054
11054
11054
11054
11054
11054
11054
11054
11054
11054
11054
11054
11054
11054
