14436
14436
14300
14300
13228
13222
12230
12230
12230
12230
12164
11946
11946
11946
11932
11932
11932
11932
11932
11932
11932
11932
11932
11932
11932
11932
11932
11932
11932
11932
11932
11932
11932
11932
11932
11932
11932
11932
11932
11902.4
11902.4
11891.2
11785.2
11785.2
11723.2
11723.2
11723.2
11615.2
11615.2
11569.2
11569.2
11569.2
11569.2
11569.2
11549.2
11549.2
11549.2
11549.2
11395.2
11395.2
11395.2
11395.2
11395.2
11395.2
11022.4
11022.4
11022.4
11022.4
11022.4
11022.4
11022.4
11022.4
11022.4
11022.4
11022.4
11022.4
11022.4
11022.4
11022.4
11022.4
11022.4
11022.4
11022.4
11022.4
11022.4
11022.4
11022.4
11022.4
11022.4
11022.4
11022.4
11022.4
11022.4
11022.4
11022.4
11022.4
11022.4
11022.4
11022.4
11022.4
