16170.4
14584
14042
13996.8
13406.8
11746
11746
11746
11746
10792.8
10792.8
10690.8
10690.8
10690.8
10690.8
10690.8
10690.8
10690.8
10690.8
10690.8
10690.8
10690.8
10690.8
10690.8
10690.8
10690.8
10690.8
10690.8
10690.8
10690.8
10673.6
10673.6
10673.6
10673.6
10410.4
10410.4
10410.4
10410.4
10410.4
10410.4
10410.4
10410.4
10410.4
10410.4
10151.2
9906
9906
9906
9828.8
9828.8
9828.8
9828.8
9828.8
9828.8
9828.8
9828.8
9828.8
9828.8
9828.8
9828.8
9828.8
9828.8
9828.8
9828.8
9828.8
9828.8
9828.8
9825.6
9825.6
9825.6
9825.6
9825.6
9825.6
9798.4
9798.4
9798.4
9798.4
9798.4
9571.6
9571.6
9571.6
9571.6
9571.6
9571.6
9571.6
9571.6
9571.6
9571.6
9571.6
9571.6
9571.6
9571.6
9571.6
9571.6
9571.6
9571.6
9571.6
9571.6
9571.6
9571.6
