10324.4
9902.4
9682.8
9648.4
9456.4
8790.4
8652.4
8542.4
8516.4
8516.4
8516.4
8516.4
8516.4
8516.4
8516.4
8516.4
8516.4
8516.4
8516.4
8516.4
8516.4
8516.4
8516.4
8516.4
8516.4
8204.4
8204.4
8066.4
8066.4
8066.4
7858.4
7858.4
7850.4
7850.4
7850.4
7850.4
7850.4
7850.4
7850.4
7850.4
7850.4
7780.4
7780.4
7780.4
7780.4
7780.4
7780.4
7780.4
7780.4
7780.4
7780.4
7780.4
7780.4
7780.4
7780.4
7780.4
7780.4
7780.4
7780.4
7780.4
7780.4
7780.4
7780.4
7780.4
7780.4
7780.4
7780.4
7780.4
7780.4
7780.4
7780.4
7688.4
7688.4
7688.4
7688.4
7688.4
7688.4
7688.4
7688.4
7688.4
7688.4
7688.4
7688.4
7688.4
7688.4
7688.4
7688.4
7688.4
7688.4
7688.4
7688.4
7688.4
7688.4
7688.4
7688.4
7688.4
7688.4
7688.4
7688.4
7688.4
