13813.6
13517.2
12762
12762
12762
12632
12632
12632
12632
11748.4
11748.4
11219.2
11219.2
11073.2
11073.2
10672
10672
10672
10672
10672
10672
10672
10672
10643.2
10643.2
10015.6
10015.6
10015.6
10015.6
10015.6
10015.6
10015.6
10015.6
10015.6
10015.6
10015.6
10015.6
10015.6
10015.6
10015.6
10015.6
10015.6
9970.4
9970.4
9970.4
9970.4
9970.4
9798.8
9798.8
9798.8
9798.8
9678.8
9678.8
9678.8
9678.8
9678.8
9678.8
9678.8
9678.8
9678.8
9406
9278.8
9278.8
9278.8
9278.8
9278.8
9278.8
9238.4
9238.4
9156.4
9156.4
9156.4
9118.4
8994.4
8994.4
8994.4
8994.4
8994.4
8994.4
8994.4
8994.4
8994.4
8994.4
8994.4
8994.4
8994.4
8994.4
8994.4
8994.4
8994.4
8994.4
8994.4
8994.4
8994.4
8994.4
8958.4
8958.4
8958.4
8938.8
8938.8
