17378
14486.4
13164
12838
12838
12838
12796
12267.2
11924.8
11864
11704
11514
11514
11514
11402
11402
11402
11402
11368
10384
10384
10352
10246
10246
10246
10246
10246
10246
10246
10246
10216
10092
10092
10092
10092
9982
9982
9982
9982
9942
9936
9936
9936
9936
9936
9936
9936
9936
9936
9936
9936
9936
9936
9918
9918
9650
9650
9650
9650
9650
9650
9650
9650
9650
9650
9650
9650
9650
9650
9650
9650
9650
9650
9650
9650
9650
9650
9650
9650
9650
9650
9650
9650
9650
9650
9650
9650
9650
9650
9650
9650
9650
9650
9650
9650
9650
9650
9650
9650
9650
