11464.4
9370.4
8968.4
8800.4
8611.2
8611.2
8521.2
8521.2
8031.2
8031.2
8031.2
8031.2
8031.2
8031.2
8031.2
8031.2
7921.2
7921.2
7921.2
7921.2
7921.2
7921.2
7921.2
7921.2
7921.2
7921.2
7921.2
7921.2
7921.2
7917.2
7917.2
7917.2
7917.2
7917.2
7917.2
7917.2
7917.2
7917.2
7917.2
7917.2
7917.2
7917.2
7917.2
7917.2
7917.2
7917.2
7917.2
7917.2
7917.2
7917.2
7917.2
7917.2
7917.2
7917.2
7917.2
7917.2
7917.2
7917.2
7917.2
7917.2
7917.2
7917.2
7917.2
7917.2
7917.2
7917.2
7917.2
7917.2
7917.2
7917.2
7917.2
7917.2
7917.2
7917.2
7917.2
7917.2
7917.2
7907.2
7907.2
7907.2
7907.2
7907.2
7907.2
7907.2
7907.2
7907.2
7907.2
7907.2
7907.2
7907.2
7907.2
7873.2
7873.2
7873.2
7873.2
7873.2
7873.2
7873.2
7873.2
7873.2
