17528
15022
14038
14038
14038
14038
14038
14038
14030
14030
14030
14030
14030
14030
14030
14030
14030
14030
14030
14030
14030
14030
14030
14030
14030
14030
14030
14030
14030
14030
14030
14030
14030
14030
14030
14030
14030
14030
14030
14030
13966.4
13966.4
13468.4
13176.4
13176.4
12564.8
12522.8
12522.8
12522.8
12522.8
12522.8
12522.8
12522.8
12522.8
12522.8
12522.8
12390.8
12390.8
12390.8
12390.8
12390.8
12390.8
12390.8
12310.4
12310.4
12310.4
12310.4
12302.4
12302.4
12302.4
12302.4
12302.4
12302.4
12302.4
12302.4
12302.4
12302.4
11916
11916
11916
11916
11916
11846
11846
11846
11818
11818
11818
11818
11818
11818
11818
11812
11812
11661.6
11661.6
11661.6
11661.6
11661.6
11661.6
