13743.2
13675.2
13675.2
13675.2
13675.2
13675.2
13633.2
13531.2
13531.2
13107.2
13107.2
12679.6
12369.2
12369.2
12026
12026
12026
11926
11926
11871.6
11811.6
11811.6
11811.6
11811.6
11811.6
11811.6
11811.6
11811.6
11811.6
11811.6
11811.6
11811.6
11811.6
11811.6
11811.6
11811.6
11811.6
11811.6
11811.6
11811.6
11811.6
11811.6
11538
11538
11538
11538
11538
11515.2
11515.2
11515.2
11515.2
11515.2
11515.2
11515.2
11515.2
11515.2
11515.2
11515.2
11515.2
11515.2
11515.2
11515.2
11515.2
11515.2
11515.2
11515.2
11515.2
11515.2
11515.2
11515.2
11515.2
11515.2
11515.2
11515.2
11515.2
11515.2
11515.2
11515.2
11499.2
11499.2
11499.2
11499.2
11499.2
11499.2
11499.2
11499.2
11485.2
11485.2
11485.2
11485.2
11485.2
11485.2
11485.2
11451.2
11277.2
11277.2
11277.2
11277.2
11277.2
11277.2
11083.2
