25720.8
25217.2
25217.2
23453.2
23453.2
23388.4
23388.4
23130.4
23066.4
23066.4
23066.4
23056.4
23056.4
23056.4
22312.8
22312.8
22312.8
22312.8
21841.6
21841.6
21841.6
21785.6
21643.6
21487.6
21487.6
21487.6
21358.4
21053.6
21053.6
20997.6
20997.6
20784.8
20560.8
20560.8
20464.8
20464.8
20464.8
20464.8
20464.8
20464.8
20464.8
20464.8
20464.8
20464.8
20464.8
20464.8
20464.8
20426.8
20426.8
20426.8
20426.8
20426.8
20426.8
20380.8
20380.8
20380.8
20380.8
20380.8
20380.8
20380.8
20380.8
20380.8
20380.8
20380.8
20380.8
20380.8
20380.8
20366.8
20366.8
20366.8
20366.8
20366.8
20366.8
20366.8
20366.8
20366.8
20366.8
20366.8
20366.8
20366.8
20366.8
20366.8
20366.8
20366.8
20366.8
20366.8
20366.8
20366.8
20366.8
20366.8
20366.8
20366.8
20366.8
20366.8
20334.8
20334.8
20320.8
20320.8
20320.8
20320.8
