34802
31716.8
31394
30703.2
30472.8
30216.8
26839.2
24947.2
24453.2
23975.2
23558.4
23414.4
23414.4
23328.4
23226.4
23220.4
22972.4
22972.4
22972.4
22972.4
22972.4
22917.6
22671.2
22671.2
22671.2
22671.2
22671.2
22671.2
22671.2
22671.2
22671.2
22671.2
22495.2
22495.2
22495.2
22495.2
22433.2
22433.2
22433.2
22433.2
22433.2
22433.2
22433.2
22433.2
22433.2
22433.2
22433.2
22433.2
22433.2
22367.2
22367.2
22361.2
22361.2
22361.2
22361.2
22361.2
22361.2
22361.2
22361.2
22361.2
22288
22288
22233.2
22233.2
22233.2
22225.2
22225.2
22225.2
22225.2
22225.2
22225.2
22225.2
22225.2
22225.2
22225.2
22225.2
22225.2
22225.2
22225.2
22225.2
22225.2
22225.2
22225.2
22225.2
22225.2
22225.2
22225.2
22225.2
22225.2
22225.2
22225.2
22225.2
22225.2
22225.2
22225.2
22225.2
22225.2
22225.2
22225.2
22179.2
