30102.8
28035.2
27775.2
27358.8
27090.4
25827.6
25399.6
24587.6
24587.6
24479.6
24355.6
24355.6
24355.6
24212
24212
24212
24206
24206
23877.2
23852.4
23826.4
23826.4
23826.4
23826.4
23316.4
23133.6
23133.6
23058
22910
22510
22486
22188
21974.8
21850
21529.2
21529.2
21287.2
20842.8
20750.8
20480.8
20480.8
20476.8
20476.8
20384.8
20004
19766
19766
19766
19303.6
19303.6
19303.6
19303.6
19303.6
19303.6
19303.6
19188
19188
19188
19172
19172
19162
19162
19162
19162
19162
19162
19162
19056
19026
19026
19026
19026
19026
19026
19022
19022
19022
19022
18996
18996
18996
18996
18996
18996
18996
18996
18996
18996
18996
18996
18996
18996
18996
18996
18996
18996
18996
18996
18996
18996
