37306
34646.8
33260.4
32821.6
32478.4
31244
29390
29390
27734.4
27734.4
27734.4
27734.4
27734.4
27734.4
27734.4
27734.4
27059.2
27059.2
27059.2
27059.2
25321.6
25321.6
25321.6
25321.6
25321.6
25321.6
25321.6
25321.6
25321.6
25321.6
25321.6
25321.6
25321.6
25217.6
25217.6
25217.6
25216.4
24956.4
24956.4
24956.4
23674
23674
23674
23674
23674
23674
23350.8
23350.8
23350.8
23350.8
23350.8
23350.8
23350.8
23350.8
23350.8
23350.8
23350.8
23350.8
23350.8
23350.8
23350.8
23350.8
23350.8
23350.8
23350.8
23350.8
23350.8
23350.8
23350.8
23350.8
23350.8
23350.8
23350.8
23350.8
23350.8
23208
23208
23208
23208
23208
23208
23208
23208
23208
23208
23208
23208
23208
23208
23208
23208
23208
23208
22890.4
22732
22732
22732
22514.4
22368.8
22286.8
