26137.6
25305.6
19786.8
19064.8
19064.8
18989.6
18989.6
18989.6
18883.6
18883.6
18882.4
18813.6
18813.6
18356.4
18356.4
17661.2
17661.2
17503.2
17357.2
17357.2
17357.2
17357.2
17357.2
17357.2
17016.8
17016.8
16940.8
16940.8
16940.8
16940.8
16938.8
16938.8
16932.8
16932.8
16918.8
16918.8
16918.8
16908.8
16908.8
16862.8
16806
16806
16806
16754
16664
16664
16664
16664
16580
16580
16580
16580
16580
16580
16580
16580
16580
16376
16376
16376
16376
16376
16376
16376
16376
16376
16376
16376
16240
16240
16240
16240
16158
16158
16158
16158
16158
16158
16158
16158
16158
16158
16158
16158
16158
16158
16158
16158
16158
16158
16158
16158
16158
16158
16158
16158
16158
16158
16158
16158
