33814.4
30861.6
30760.8
30760.8
30433.2
30433.2
30217.6
28285.6
28285.6
28285.6
28285.6
28285.6
28285.6
26334
26334
26334
26334
26334
26334
26334
26334
26334
26334
25960
25960
25960
25960
25960
25022.4
25022.4
25022.4
25022.4
24114.4
23564
23564
23564
23564
23564
23564
23564
23564
23564
23564
23564
23564
23564
23491.6
23491.6
23256.4
23256.4
23256.4
23256.4
23076.4
23076.4
23076.4
23076.4
23076.4
23076.4
23076.4
23076.4
23076.4
23076.4
23076.4
22595.6
22595.6
22332
22332
22332
21957.2
21957.2
21957.2
21957.2
21957.2
21957.2
21211.2
21211.2
21211.2
21211.2
21211.2
21211.2
21211.2
21211.2
21211.2
21211.2
21075.2
21075.2
21075.2
21075.2
21075.2
21075.2
20961.6
20961.6
20961.6
20961.6
20961.6
20961.6
20961.6
20961.6
20961.6
20961.6
