24253.6
18319.6
11845.6
11421.2
10866.8
10654
10177.6
10177.6
10177.6
10177.6
10121.2
10121.2
10093.2
10093.2
10079.2
9953.2
9889.6
9889.6
9889.6
9889.6
9889.6
9889.6
9889.6
9889.6
9889.6
9889.6
9889.6
9889.6
9889.6
9889.6
9877.6
9877.6
9877.6
9877.6
9877.6
9877.6
9877.6
9877.6
9877.6
9877.6
9877.6
9877.6
9877.6
9877.6
9877.6
9877.6
9877.6
9877.6
9877.6
9877.6
9877.6
9877.6
9877.6
9877.6
9877.6
9877.6
9877.6
9877.6
9877.6
9877.6
9877.6
9877.6
9877.6
9877.6
9877.6
9877.6
9877.6
9877.6
9877.6
9877.6
9877.6
9877.6
9877.6
9877.6
9877.6
9877.6
8767.6
8767.6
8767.6
8767.6
8673.6
8673.6
8673.6
8673.6
8673.6
8673.6
8673.6
8661.6
8661.6
8661.6
8589.6
8589.6
8577.6
8465.6
8465.6
8465.6
8465.6
8465.6
8465.6
8465.6
