27927.6
17242.4
17242.4
17242.4
17242.4
17242.4
17242.4
17242.4
17242.4
17242.4
17242.4
17242.4
17242.4
17242.4
17242.4
17242.4
17242.4
17242.4
17242.4
17242.4
17242.4
17242.4
17242.4
17242.4
16475.2
16475.2
16475.2
16475.2
16475.2
16475.2
16475.2
16475.2
16475.2
16475.2
16475.2
16475.2
16475.2
16475.2
16475.2
16475.2
16475.2
16222.8
16222.8
16222.8
16222.8
16222.8
16222.8
16222.8
15951.6
15867.6
15867.6
15867.6
14982.8
14982.8
14982.8
14982.8
14982.8
14982.8
14953.2
14842.4
14842.4
14842.4
14842.4
14842.4
14842.4
14842.4
14586.8
14586.8
14562.4
14562.4
14562.4
14562.4
14562.4
14312.4
14312.4
14312.4
14312.4
14312.4
14312.4
14312.4
14312.4
14310.4
14310.4
14310.4
14274.4
14274.4
14274.4
14274.4
14274.4
14274.4
14274.4
14094.4
14094.4
14094.4
14094.4
14094.4
14094.4
14094.4
14094.4
14094.4
