128970
128970
127466
113316
113316
113316
113316
113316
113316
113316
113316
113316
113316
110769
110769
110769
110769
110769
110769
110769
110769
110769
110769
110655
110655
110655
110655
110655
110655
110655
110655
109278
109278
108926
108311
108311
108311
108311
108311
108311
108311
108311
104185
104185
104079
104079
104079
104079
104079
104079
104079
102127
102127
102112
102112
102112
102112
102112
102112
102112
102112
102112
102112
102112
102112
102112
102112
101954
100230
98674.4
98674.4
95485.6
95485.6
95485.6
95485.6
95485.6
95485.6
95485.6
95485.6
95485.6
95485.6
95485.6
95485.6
95485.6
95485.6
95485.6
95485.6
95485.6
95485.6
95485.6
95485.6
95485.6
95485.6
95485.6
95485.6
95485.6
95485.6
95485.6
95485.6
95485.6
