113046
103879
88456.4
70130.4
59122.4
53861.6
53645.6
53323.6
53323.6
53263.6
53237.2
51802.4
49812.4
49812.4
49812.4
49730.4
49522
49522
49522
49522
49522
49522
49378
48294
48294
47716
47716
47650
47650
47646
47534
47530
47530
47530
47530
47530
47522
47416
47408
47067.6
46895.6
46745.6
46745.6
46745.6
46745.6
46745.6
46745.6
46629.6
46629.6
46502
46502
46502
46402
46402
46362
46238
46238
46238
46238
46216
46216
46216
46080.4
46080.4
45928.8
45928.8
45928.8
45928.8
45928.8
45888.8
45888.8
45858.8
45858.8
45858.8
45858.8
45858.8
45858.8
45858.8
45858.8
45858.8
45858.8
45858.8
45858.8
45858.8
45858.8
45858.8
45858.8
45858.8
45858.8
45858.8
45858.8
45858.8
45858.8
45858.8
45858.8
45858.8
45858.8
45858.8
45858.8
45858.8
