122624
122624
122624
110874
110874
110874
110874
110874
107878
107878
107878
107878
107878
107878
107878
107878
107878
107878
107878
107878
107878
107878
107878
107878
107878
107878
107878
107878
107878
107878
107878
107878
107878
107878
107878
107878
107878
107878
107878
107878
107878
107815
107758
107758
104950
104950
104950
104950
104950
104950
104950
104950
104950
104950
104950
104950
104950
104950
104950
104950
104950
104950
104950
104950
104950
104950
104950
104950
104950
104950
104868
104868
102248
102248
102248
102248
102248
102248
102248
102248
102248
102248
102248
102248
102248
102248
102248
102248
102248
102248
102248
102248
102248
102248
102248
101590
101590
101590
101590
101590
