127859
119381
119381
115621
114106
113598
113063
113063
113063
112797
112563
111837
111837
111723
111564
107239
107239
107131
106122
106122
105650
105642
105642
105408
105408
105408
104539
104539
104178
104036
104036
103884
103884
103874
103731
103731
103731
103637
103536
103536
103163
103163
103155
103155
103147
103147
103147
103147
103147
103147
103147
103147
103073
103073
102449
102449
101736
101736
101736
101736
101736
101726
101726
101726
101726
101726
101726
101726
101726
101726
101726
101726
101726
101726
101726
101726
101726
101726
101726
101726
101726
101726
101726
101726
101726
101726
101726
101726
101726
101726
101726
101726
101726
101726
101726
101726
101726
101726
101726
101726
