119488
119488
114089
112390
112390
106798
104753
104189
103637
103306
103306
102968
97911.6
97813.2
97721.6
97721.6
97392
97392
97392
97172
97172
97172
97172
96844.8
96487.6
96487.6
95859.6
95771.6
94685.6
94685.6
94685.6
94685.6
94540.8
93927.2
93657.2
92932.8
91756.8
91756.8
91756.8
90894
90894
90661.6
90661.6
90661.6
90661.6
90661.6
90595.6
90583.6
90411.6
90411.6
90101.6
90101.6
89878.8
89860.8
89782.8
89782.8
89034
89034
89034
89034
89034
89034
88433.2
88433.2
88433.2
88433.2
88433.2
88395.2
88395.2
88395.2
88395.2
88395.2
88072.8
88072.8
87964.8
87964.8
87964.8
87964.8
87964.8
87964.8
87964.8
87964.8
87946.8
87946.8
87946.8
87946.8
87924.8
87924.8
85652.8
85652.8
85652.8
85652.8
85652.8
85652.8
83552.4
83552.4
83552.4
83552.4
83552.4
83552.4
83552.4
