126498
104630
104630
103348
102640
102636
102125
102125
102125
102125
101526
100784
95494.4
95236.4
88128
87005.6
86829.6
73560.4
68427.6
68427.6
65524.8
65524.8
65524.8
65524.8
65524.8
65524.8
65524.8
65524.8
65270.8
65174.8
64874.8
64874.8
64874.8
64874.8
64874.8
64874.8
64874.8
64874.8
64874.8
64874.8
64874.8
64874.8
64874.8
62336.8
62104.8
62104.8
62104.8
62104.8
62104.8
62104.8
62104.8
61999.6
61363.2
61363.2
61363.2
61363.2
61363.2
61363.2
61363.2
61363.2
61363.2
61363.2
61363.2
60890.8
60890.8
60890.8
60890.8
60890.8
60890.8
60890.8
60890.8
60890.8
60890.8
60890.8
60890.8
60890.8
60890.8
60890.8
60890.8
60890.8
60890.8
60890.8
60890.8
60890.8
60890.8
60890.8
59496.8
59308.8
59308.8
59308.8
59308.8
59308.8
59286.8
59286.8
59286.8
59286.8
59286.8
59286.8
59286.8
59286.8
