119382
117460
116037
114943
113723
113723
112360
112218
111345
111119
110486
109927
109754
109726
109650
109518
109342
106713
106707
106707
106430
105964
104993
104824
104824
104824
104790
104778
104778
104662
104577
104577
104317
104317
103838
103838
103810
103782
103610
103610
103554
103554
103554
103526
103522
103522
100386
100271
100173
100077
99489.2
99489.2
98627.2
98244.8
98244.8
98094.8
98030.8
97955.2
97955.2
97857.2
97831.2
97728
96215.2
95573.6
95573.6
95429.6
94898.8
93642.8
93642.8
93628.8
93628.8
93628.8
93226.4
93144.8
93144.8
93144.8
93076
92900
92900
92900
92900
92900
92900
92900
92874
91615.2
91615.2
91615.2
91448
91448
91370
91370
88986.8
88841.6
88841.6
88799.6
88439.6
88235.6
88235.6
88235.6
