9547.6
8688
8158
8134
7820
7820
7792.8
7651.2
7451.2
7255.2
7221.2
7205.2
7205.2
7205.2
7103.2
7103.2
7103.2
7071.2
7071.2
7071.2
7071.2
7071.2
7071.2
7071.2
7071.2
7071.2
7071.2
7071.2
7071.2
7071.2
7071.2
7071.2
7071.2
7071.2
7071.2
7071.2
7071.2
7071.2
7071.2
7071.2
7071.2
7071.2
7071.2
7071.2
6734
6686
6686
6644
6644
6644
6644
6622
6622
6622
6622
6622
6608
6608
6608
6608
6608
6608
6608
6608
6608
6592
6592
6592
6592
6592
6592
6592
6592
6592
6506
6506
6506
6506
6506
6506
6506
6506
6506
6506
6506
6506
6506
6506
6506
6506
6506
6506
6506
6506
6506
6506
6506
6506
6506
6506
