6221.2
6221.2
5425.6
5425.6
5425.6
5292
5292
5292
5292
5240
5240
5240
5240
5240
4932
4932
4932
4932
4932
4932
4932
4932
4932
4932
4932
4932
4932
4932
4932
4932
4932
4932
4932
4891.2
4827.2
4827.2
4827.2
4746
4746
4746
4746
4724.4
4724.4
4724.4
4724.4
4724.4
4724.4
4724.4
4724.4
4724.4
4724.4
4724.4
4724.4
4724.4
4724.4
4724.4
4724.4
4724.4
4724.4
4724.4
4724.4
4724.4
4724.4
4724.4
4724.4
4724.4
4724.4
4724.4
4724.4
4724.4
4724.4
4724.4
4724.4
4724.4
4724.4
4724.4
4724.4
4724.4
4724.4
4724.4
4724.4
4724.4
4724.4
4724.4
4724.4
4724.4
4724.4
4724.4
4724.4
4724.4
4724.4
4724.4
4724.4
4724.4
4724.4
4724.4
4724.4
4724.4
4724.4
4724.4
