4982
4833.6
4833.6
4833.6
4833.6
4833.6
4833.6
4833.6
4833.6
4833.6
4655.6
4655.6
4595.6
4595.6
4595.6
4595.6
4595.6
4595.6
4595.6
4595.6
4487.6
4487.6
4487.6
4487.6
4487.6
4487.6
4487.6
4487.6
4487.6
4487.6
4487.6
4487.6
4487.6
4487.6
4487.6
4487.6
4487.6
4487.6
4487.6
4487.6
4487.6
4487.6
4487.6
4246
4000
4000
4000
4000
4000
4000
4000
4000
4000
4000
4000
4000
4000
4000
4000
3928
3928
3928
3928
3928
3928
3928
3928
3928
3928
3928
3928
3928
3928
3928
3928
3928
3928
3928
3928
3928
3928
3928
3928
3928
3928
3928
3928
3928
3928
3928
3928
3928
3928
3928
3928
3928
3928
3928
3928
3928
3928
