5124.4
5020.4
4854.8
4429.2
4429.2
4429.2
4429.2
4275.2
4275.2
4275.2
4275.2
4275.2
4275.2
4275.2
4275.2
4275.2
4275.2
4275.2
4275.2
4275.2
4275.2
4275.2
4275.2
4275.2
4275.2
4275.2
4275.2
4275.2
4275.2
4275.2
4275.2
4275.2
4275.2
4275.2
4275.2
4275.2
4275.2
4275.2
4275.2
4275.2
4275.2
4275.2
4275.2
4275.2
4275.2
4275.2
4275.2
4275.2
4262
4170.8
4002.8
3708.8
3534.8
3155.6
2997.6
2907.6
2907.6
2907.6
2907.6
2907.6
2851.6
2819.6
2819.6
2667.6
2667.6
2667.6
2667.6
2661.6
2587.6
2587.6
2587.6
2587.6
2583.6
2583.6
2583.6
2583.6
2583.6
2583.6
2583.6
2583.6
2583.6
2479.6
2437.6
2437.6
2437.6
2437.6
2437.6
2437.6
2437.6
2437.6
2437.6
2437.6
2437.6
2437.6
2437.6
2437.6
2437.6
2437.6
2437.6
2437.6
