9282
9026
8748
7730
7504
7249.6
7249.6
7249.6
7209.6
7209.6
7209.6
7209.6
7209.6
7209.6
7209.6
7209.6
7209.6
7209.6
7115.6
7115.6
7115.6
7039.6
7039.6
7039.6
7039.6
7039.6
7039.6
7039.6
7039.6
7039.6
7039.6
7039.6
7039.6
7039.6
7039.6
7039.6
7039.6
7039.6
7039.6
7039.6
7039.6
7039.6
7039.6
7039.6
7039.6
7029.6
7029.6
7029.6
7029.6
7029.6
7029.6
7029.6
7029.6
7029.6
7029.6
7029.6
7029.6
7029.6
7029.6
7029.6
7029.6
7029.6
7029.6
7029.6
6953.6
6953.6
6403.6
6403.6
6403.6
6403.6
6403.6
6403.6
6403.6
6403.6
6403.6
6403.6
6403.6
6403.6
6403.6
6403.6
6403.6
6403.6
6403.6
6403.6
6403.6
6403.6
6403.6
6403.6
6403.6
6403.6
6403.6
6403.6
6403.6
6403.6
6403.6
6403.6
6403.6
6403.6
6403.6
6403.6
