3426.4
3426.4
3426.4
3426.4
2944.4
2944.4
2944.4
2944.4
2944.4
2896.8
2750
2686
2686
2686
2620.8
2620.8
2214
2214
2214
2214
2214
1978.8
1978.8
1978.8
1978.8
1768.4
1768.4
1768.4
1768.4
1768.4
1768.4
1768.4
1768.4
1752.8
1552.4
1552.4
1532.4
1532.4
1532.4
1422.4
1378.4
1378.4
1378.4
1378.4
1378.4
1378.4
1378.4
1378.4
1378.4
1376.4
1376.4
1376.4
1376.4
1376.4
1359.2
1359.2
1359.2
1359.2
1359.2
1169.2
1169.2
1169.2
1005.2
1005.2
1003.2
1003.2
1003.2
1003.2
1003.2
1003.2
1003.2
1003.2
1003.2
1003.2
1003.2
1003.2
996
996
996
947.2
947.2
947.2
947.2
947.2
947.2
947.2
945.2
945.2
945.2
945.2
945.2
945.2
945.2
945.2
935.2
935.2
935.2
935.2
935.2
935.2
