8218.8
6994.8
6826.8
6826.8
6826.8
6732.8
6720.8
6720.8
6720.8
6618.8
6618.8
6608.8
6508.8
6108.8
6108.8
6108.8
6020.8
6020.8
6020.8
6020.8
6020.8
6020.8
5947.6
5947.6
5947.6
5943.6
5943.6
5943.6
5943.6
5943.6
5943.6
5943.6
5943.6
5943.6
5943.6
5943.6
5943.6
5943.6
5943.6
5943.6
5943.6
5943.6
5943.6
5943.6
5943.6
5943.6
5943.6
5943.6
5943.6
5943.6
5943.6
5943.6
5943.6
5943.6
5943.6
5943.6
5943.6
5943.6
5943.6
5943.6
5943.6
5943.6
5943.6
5765.6
5765.6
5765.6
5765.6
5765.6
5765.6
5765.6
5765.6
5765.6
5765.6
5765.6
5765.6
5765.6
5765.6
5765.6
5765.6
5765.6
5765.6
5765.6
5765.6
5765.6
5765.6
5765.6
5765.6
5765.6
5765.6
5765.6
5765.6
5765.6
5765.6
5688
5688
5688
5688
5688
5688
5688
