6398.4
6170
5524.8
5239.2
5239.2
4011.2
4011.2
4011.2
4011.2
4011.2
4011.2
4011.2
4011.2
4011.2
3940.4
3940.4
3940.4
3940.4
3940.4
3940.4
3940.4
3940.4
3940.4
3940.4
3940.4
3940.4
3940.4
3940.4
3940.4
3940.4
3940.4
3660.8
3660.8
3660.8
3660.8
3660.8
3450.4
3450.4
3450.4
3450.4
3450.4
3450.4
3450.4
3450.4
3338.4
3076.4
3076.4
3076.4
3076.4
3076.4
3076.4
3076.4
3076.4
3076.4
3076.4
3076.4
3076.4
3076.4
3076.4
3076.4
3076.4
3076.4
3076.4
3076.4
3076.4
3076.4
3076.4
3076.4
3076.4
3076.4
3076.4
3076.4
3076.4
3076.4
3076.4
3076.4
3076.4
3076.4
3076.4
3076.4
3076.4
3076.4
3076.4
3076.4
3076.4
3076.4
3076.4
3076.4
3076.4
3076.4
3076.4
3076.4
3076.4
3076.4
3076.4
3076.4
3076.4
3076.4
3076.4
3076.4
