10719.6
10016
9826
9557.2
9557.2
9557.2
9557.2
9071.2
9071.2
9071.2
9071.2
9071.2
9071.2
9071.2
9071.2
9071.2
8933.6
8731.6
7651.6
7431.2
7283.2
7283.2
7193.2
6685.2
6659.2
6294
6284.4
6250.8
6250.8
6250.8
6250.8
6250.8
6250.8
6250.8
6250.8
6250.8
6241.2
6241.2
6241.2
6241.2
6241.2
6241.2
6241.2
6241.2
6241.2
6241.2
6241.2
6241.2
6241.2
6241.2
6241.2
6241.2
6241.2
6241.2
6241.2
6241.2
6241.2
6241.2
6241.2
6241.2
6241.2
6241.2
6241.2
6241.2
6241.2
6241.2
6241.2
6241.2
6241.2
6241.2
6241.2
6241.2
6241.2
6241.2
6241.2
6241.2
6241.2
6241.2
6241.2
6235.2
6235.2
6235.2
6235.2
6235.2
6235.2
6235.2
6235.2
6235.2
6235.2
6235.2
6235.2
6235.2
6235.2
6235.2
6235.2
6235.2
6235.2
6235.2
6235.2
6235.2
