10357.2
10309.2
9653.2
8550
8550
8192
7950.8
7926.8
7446
6996
6750
6028.4
5970.4
5970.4
5970.4
5822.4
5822.4
5822.4
5822.4
5822.4
5704.4
5704.4
5698.4
5698.4
5698.4
5670.4
5670.4
5670.4
5670.4
5670.4
5670.4
5670.4
5670.4
5670.4
5670.4
5600.4
5600.4
5600.4
5600.4
5600.4
5600.4
5578.4
5578.4
5570.4
5570.4
5570.4
5570.4
5570.4
5570.4
5570.4
5570.4
5570.4
5570.4
5570.4
5570.4
5570.4
5570.4
5570.4
5570.4
5570.4
5570.4
5567.2
5567.2
5567.2
5567.2
5567.2
5567.2
5567.2
5567.2
5567.2
5567.2
5567.2
5567.2
5567.2
5567.2
5567.2
5567.2
5567.2
5567.2
5567.2
5567.2
5567.2
5567.2
5567.2
5567.2
5567.2
5567.2
5567.2
5567.2
5567.2
5567.2
5567.2
5567.2
5567.2
5567.2
5567.2
5567.2
5567.2
5567.2
5567.2
