14593.2
13749.6
11386
9346
8752
8462
8462
8357.6
8357.6
8261.6
8121.6
8121.6
8121.6
8121.6
8121.6
8121.6
8121.6
8121.6
8054
8054
8054
8054
7883.2
7883.2
7819.2
7819.2
7819.2
7819.2
7819.2
7732.4
7570.8
7570.8
7570.8
7570.8
7570.8
7570.8
7440.8
7440.8
7440.8
7440.8
7422.8
7422.8
7422.8
7422.8
7422.8
7422.8
7422.8
7422.8
7422.8
7422.8
7341.2
7341.2
7341.2
7341.2
7341.2
7341.2
7341.2
7341.2
7341.2
7341.2
7341.2
7341.2
7341.2
7341.2
7341.2
7341.2
7341.2
7341.2
7341.2
7341.2
7341.2
7341.2
7341.2
7341.2
7341.2
7341.2
7341.2
7341.2
7341.2
7341.2
7341.2
7341.2
7341.2
7341.2
7341.2
7341.2
7341.2
7341.2
7341.2
7341.2
7341.2
7341.2
7341.2
7341.2
7341.2
7341.2
7341.2
7341.2
7341.2
7341.2
