12866.4
11984.4
10672.8
9108.4
9108.4
9108.4
8764.4
8764.4
8764.4
8764.4
8764.4
8764.4
8764.4
8764.4
8764.4
7199.2
7199.2
7199.2
7199.2
7199.2
7199.2
7199.2
7199.2
7199.2
7199.2
7199.2
7199.2
7199.2
7199.2
7199.2
7199.2
7199.2
7199.2
7199.2
7199.2
7199.2
7199.2
7199.2
7199.2
7199.2
7199.2
7199.2
7199.2
7199.2
7199.2
7199.2
7199.2
7199.2
7199.2
7199.2
7199.2
6812.4
6812.4
6812.4
6526.4
6526.4
6526.4
5985.6
5985.6
5985.6
5985.6
5985.6
5985.6
5985.6
5985.6
5985.6
5985.6
5985.6
5985.6
5985.6
5985.6
5985.6
5985.6
5985.6
5985.6
5985.6
5985.6
5985.6
5985.6
5985.6
5985.6
5985.6
5985.6
5985.6
5985.6
5985.6
5985.6
5985.6
5985.6
5985.6
5985.6
5985.6
5985.6
5985.6
5985.6
5985.6
5985.6
5985.6
5985.6
5985.6
