10231.2
9318.8
9318.8
9294
9294
9294
9294
9294
9294
9294
9294
9294
7788.4
7788.4
7788.4
7788.4
7788.4
7788.4
7788.4
7788.4
7788.4
7788.4
7788.4
7788.4
7788.4
7788.4
7788.4
7788.4
7788.4
7788.4
7788.4
7788.4
7788.4
7417.2
7417.2
7417.2
7148.8
6994.8
6994.8
6992.8
6832.8
6758
6714.4
6714.4
6714.4
6714.4
6714.4
6714.4
6620.8
6620.8
6168.4
6168.4
6006.4
6006.4
6006.4
6006.4
6006.4
5831.6
5831.6
5831.6
5831.6
5816.8
5816.8
5816.8
5816.8
5735.6
5735.6
5735.6
5735.6
5735.6
5735.6
5484.4
5484.4
5484.4
5351.2
5296
5296
5296
5296
5296
5296
5296
5296
5287.6
5287.6
5287.6
5287.6
5287.6
5287.6
5147.2
5147.2
5147.2
5147.2
5147.2
5147.2
5147.2
4991.2
4991.2
4991.2
4991.2
