11495.6
10413.2
10249.6
10066.8
8986
8902.4
7975.6
7791.2
7718.8
7718.8
7618.4
7618.4
7618.4
7508.8
7398.8
7398.8
7156.8
7032.4
7032.4
7032.4
6944.4
6914.4
6914.4
6845.6
6845.6
6507.2
6244.8
6244.8
5561.2
5561.2
5531.2
5531.2
5491.2
5476.4
5476.4
5354.4
5328.4
5328.4
5262.4
5238
5076.4
5076.4
5076.4
5076.4
4987.2
4987.2
4891.2
4891.2
4891.2
4891.2
4834.4
4834.4
4834.4
4820
4820
4820
4820
4814
4814
4814
4780.4
4644.4
4644.4
4644.4
4644.4
4644.4
4562.8
4562.8
4562.8
4562.8
4562.8
4562.8
4562.8
4562.8
4562.8
4562.8
4562.8
4562.8
4562.8
4562.8
4562.8
4562.8
4562.8
4562.8
4562.8
4562.8
4562.8
4562.8
4562.8
4562.8
4562.8
4562.8
4562.8
4562.8
4562.8
4562.8
4562.8
4562.8
4562.8
4562.8
