12450.4
12450.4
11584.4
11208.8
11208.8
7864.4
7864.4
7864.4
7864.4
7864.4
7864.4
7864.4
7864.4
7864.4
7864.4
7864.4
7864.4
7864.4
6667.2
6667.2
6667.2
6667.2
5620.8
5620.8
5620.8
5588.8
5510.8
5510.8
5510.8
5510.8
5510.8
5510.8
5510.8
5510.8
5510.8
5491.6
5491.6
5491.6
5491.6
5413.6
5413.6
5413.6
5413.6
5413.6
5413.6
5413.6
5321.6
5321.6
5321.6
5185.6
5185.6
5185.6
5185.6
5185.6
5185.6
5185.6
5185.6
5124
5124
5124
5124
5124
5124
5124
5124
5124
4918
4918
4918
4918
4918
4918
4918
4918
4918
4918
4918
4918
4918
4918
4918
4918
4918
4918
4918
4918
4918
4918
4918
4918
4918
4918
4918
4918
4918
4918
4918
4918
4918
4918
