11796.8
11084.4
11084.4
11084.4
11084.4
10740.8
10335.6
10335.6
10290.4
10028
9728
9728
9499.2
9499.2
9499.2
9499.2
9499.2
9499.2
9499.2
9499.2
8391.2
8163.6
8163.6
8163.6
8163.6
8079.6
8079.6
8079.6
8079.6
8079.6
8079.6
8079.6
8079.6
8079.6
8079.6
8079.6
7949.6
7818
7614
7612
7612
7366
7260.4
7260.4
7096.4
7096.4
7096.4
7096.4
7096.4
7096.4
7096.4
7096.4
7096.4
7096.4
7024.4
7024.4
7024.4
7012.4
7012.4
7012.4
7012.4
7012.4
7012.4
7012.4
7012.4
7012.4
7012.4
7012.4
7012.4
7012.4
7012.4
7012.4
7012.4
7012.4
7012.4
6984.4
6982.4
6968.4
6968.4
6968.4
6968.4
6968.4
6968.4
6968.4
6968.4
6968.4
6968.4
6968.4
6968.4
6746
6746
6746
6746
6746
6746
6746
6746
6746
6746
6746
