10391.2
10187.2
10086.4
9974
9974
9974
9524
9176.4
9168.4
9168.4
8918.8
8687.6
8687.6
8687.6
8687.6
8687.6
8687.6
8687.6
8610.8
8610.8
8529.2
8417.2
8417.2
8417.2
8417.2
8417.2
8417.2
8411.2
8411.2
8411.2
8411.2
8411.2
8411.2
8411.2
8411.2
8411.2
8411.2
8411.2
8411.2
8411.2
8411.2
8411.2
8411.2
8335.2
8335.2
8335.2
8335.2
8335.2
8335.2
8335.2
8335.2
8335.2
8335.2
8335.2
8185.6
8185.6
8185.6
8185.6
8185.6
8185.6
8185.6
8185.6
8185.6
8185.6
8185.6
8185.6
8185.6
8185.6
8185.6
8185.6
8185.6
8185.6
8185.6
8185.6
8185.6
8185.6
8185.6
8185.6
8185.6
8185.6
8185.6
8185.6
8185.6
8185.6
8185.6
8185.6
8185.6
8185.6
8185.6
8185.6
8185.6
8185.6
8185.6
8185.6
8185.6
8185.6
8185.6
8185.6
8185.6
8185.6
8185.6
