14759.6
13551.6
13348
13348
12989.6
12927.2
12927.2
12501.6
12501.6
12501.6
12501.6
12501.6
12501.6
12402.4
11894
11894
11732.8
11732.8
11732.8
11732.8
11646.4
11539.2
11379.2
11141.6
11141.6
11141.6
11141.6
10895.6
10895.6
10829.6
10829.6
10829.6
10829.6
10715.6
10715.6
10715.6
10715.6
10715.6
10609.2
9961.2
9814.8
9409.6
9315.6
9315.6
9315.6
9315.6
9315.6
9264.8
9264.8
9168.8
8954.8
8565.2
7928.4
7681.2
7590.8
7578.8
7461.2
7449.2
7449.2
7449.2
7201.2
7201.2
7201.2
7201.2
7201.2
7201.2
7201.2
7201.2
7201.2
7201.2
7201.2
7147.2
7147.2
7147.2
7147.2
7147.2
7147.2
7147.2
7147.2
7019.2
7019.2
7019.2
7019.2
7005.2
7005.2
7005.2
7005.2
7005.2
7005.2
7005.2
7005.2
7005.2
7005.2
7005.2
7005.2
7005.2
7005.2
7005.2
7005.2
7005.2
