11236
9899.2
9188
8087.2
7790.4
7790.4
7478.4
7098.8
7098.8
7098.8
7098.8
7098.8
7098.8
7098.8
7098.8
7098.8
7098.8
6796
6796
6796
6796
6796
6796
6796
6796
6796
6796
6796
6796
6796
6796
6796
6788
6788
6788
6788
6788
6788
6788
6730.8
6730.8
6730.8
6730.8
6730.8
6730.8
6730.8
6730.8
6730.8
6730.8
6730.8
6730.8
6730.8
6730.8
6730.8
6730.8
6730.8
6730.8
6730.8
6730.8
6730.8
6730.8
6722.8
6600.8
6600.8
6600.8
6600.8
6600.8
6600.8
6600.8
6600.8
6600.8
6600.8
6600.8
6600.8
6600.8
6600.8
6600.8
6600.8
6600.8
6600.8
6600.8
6600.8
6600.8
6600.8
6600.8
6600.8
6600.8
6600.8
6600.8
6600.8
6600.8
6600.8
6600.8
6600.8
6600.8
6600.8
6600.8
6600.8
6600.8
6600.8
