5692.8
4910.8
4687.6
4639.6
4397.6
4397.6
4397.6
4397.6
4397.6
4397.6
4397.6
4397.6
4397.6
4397.6
4397.6
4397.6
4397.6
4397.6
4397.6
4397.6
4397.6
4397.6
4397.6
4397.6
4397.6
4397.6
4397.6
4397.6
4397.6
4397.6
4397.6
4397.6
4397.6
4397.6
4397.6
4397.6
4397.6
4397.6
4397.6
4397.6
4397.6
4397.6
4397.6
4397.6
4397.6
4397.6
4397.6
4397.6
4397.6
4397.6
4397.6
4397.6
4397.6
4397.6
4397.6
4397.6
4397.6
4397.6
4397.6
4397.6
4397.6
4397.6
4397.6
4397.6
4397.6
4397.6
4397.6
4397.6
4397.6
4397.6
4397.6
4397.6
4397.6
4397.6
4397.6
4397.6
4397.6
4397.6
4397.6
4397.6
4397.6
4397.6
4397.6
4397.6
4397.6
4397.6
4397.6
4397.6
4397.6
4397.6
4397.6
4397.6
4397.6
4397.6
4397.6
4397.6
4397.6
4397.6
4397.6
4397.6
