2347.6
2347.6
2070
1675.2
1675.2
1675.2
1348.4
1184.4
1184.4
1184.4
1184.4
1184.4
1184.4
1184.4
1184.4
1184.4
1184.4
1184.4
1184.4
1184.4
1184.4
1184.4
1184.4
1184.4
1184.4
1184.4
1184.4
1184.4
1184.4
1184.4
1184.4
1184.4
1184.4
1184.4
944.4
944.4
944.4
944.4
944.4
944.4
833.6
833.6
833.6
833.6
833.6
833.6
833.6
833.6
833.6
833.6
833.6
833.6
833.6
833.6
833.6
833.6
833.6
833.6
833.6
833.6
833.6
833.6
833.6
833.6
833.6
833.6
833.6
833.6
833.6
833.6
833.6
833.6
833.6
833.6
833.6
833.6
833.6
833.6
833.6
833.6
833.6
833.6
833.6
833.6
833.6
833.6
833.6
833.6
833.6
833.6
833.6
833.6
833.6
833.6
833.6
833.6
833.6
833.6
833.6
833.6
