4220.8
3652.4
3652.4
3393.6
3393.6
3393.6
2789.2
2789.2
2789.2
2789.2
2789.2
2789.2
2789.2
2789.2
2690.4
2690.4
2690.4
2690.4
2676.4
2676.4
2676.4
2676.4
2676.4
2676.4
2572.8
2572.8
2572.8
2572.8
2572.8
2572.8
2572.8
2572.8
2572.8
2572.8
2572.8
2572.8
2572.8
2572.8
2542.4
2542.4
2542.4
2542.4
2542.4
2519.2
2519.2
2519.2
2519.2
2519.2
2513.6
2513.6
2513.6
2513.6
2513.6
2513.6
2513.6
2513.6
2513.6
2483.6
2483.6
2267.6
2267.6
2267.6
2267.6
2267.6
2267.6
2267.6
2267.6
2267.6
2267.6
2267.6
2267.6
2267.6
2267.6
2267.6
2267.6
2267.6
2266.4
2266.4
2266.4
2266.4
2266.4
2266.4
2266.4
2266.4
2266.4
2266.4
2266.4
2266.4
2266.4
2266.4
2266.4
2266.4
2266.4
2266.4
2266.4
2266.4
2266.4
2266.4
2266.4
2266.4
