3638.8
2986.8
2627.2
2544.8
2544.8
2522.8
2522.8
2522.8
2522.8
2522.8
2522.8
2522.8
2306.8
2306.8
2270.8
2270.8
2270.8
2270.8
2270.8
2270.8
2270.8
2270.8
2270.8
2270.8
2270.8
2270.8
2270.8
2270.8
2270.8
2270.8
2270.8
2270.8
2270.8
2270.8
2270.8
2270.8
2008.8
2008.8
2008.8
2008.8
2008.8
2008.8
2008.8
2008.8
2008.8
2008.8
2008.8
2008.8
2008.8
2008.8
2008.8
2008.8
2008.8
2008.8
2008.8
2008.8
2008.8
2008.8
1976.8
1976.8
1976.8
1976.8
1976.8
1976.8
1976.8
1976.8
1976.8
1976.8
1976.8
1976.8
1976.8
1976.8
1976.8
1976.8
1976.8
1976.8
1976.8
1976.8
1976.8
1976.8
1976.8
1976.8
1976.8
1976.8
1976.8
1976.8
1976.8
1976.8
1976.8
1976.8
1976.8
1976.8
1976.8
1976.8
1976.8
1976.8
1976.8
1976.8
1976.8
1976.8
