3879.6
3266
3047.2
2941.2
2941.2
2941.2
2937.2
2876.8
2866.8
2866.8
2866.8
2866.8
2864.4
2669.6
2635.6
2635.6
2619.6
2379.6
2379.6
2379.6
2379.6
2379.6
2379.6
2379.6
2379.6
2379.6
2379.6
2379.6
2379.6
2379.6
2379.6
2379.6
2379.6
2379.6
2379.6
2379.6
2379.6
2379.6
2379.6
2379.6
2379.6
2379.6
2379.6
2379.6
2379.6
2379.6
2379.6
2379.6
2379.6
2379.6
2379.6
2379.6
2379.6
2379.6
2379.6
2379.6
2379.6
2379.6
2379.6
2379.6
2379.6
2379.6
2379.6
2379.6
2299.6
2299.6
2299.6
2299.6
2299.6
2299.6
2299.6
2299.6
2299.6
2299.6
2299.6
2299.6
2299.6
2299.6
2275.6
2275.6
2275.6
2275.6
2275.6
2229.2
2229.2
2229.2
2125.2
2125.2
2125.2
2119.2
2119.2
2119.2
2119.2
2119.2
2119.2
2119.2
2119.2
2119.2
2119.2
2119.2
