4139.6
3854.8
3810
3411.2
3411.2
3411.2
3411.2
3352.4
3260.8
3260.8
3260.8
3260.8
3156.4
3156.4
3080.8
3080.8
2840.8
2764
2764
2583.2
2583.2
2583.2
2583.2
2583.2
2583.2
2583.2
2423.6
2423.6
2423.6
2423.6
2411.6
2411.6
2350.4
2350.4
2350.4
2273.6
2273.6
2273.6
2273.6
2273.6
2257.6
2257.6
2257.6
2257.6
2257.6
2257.6
2257.6
2235.6
2235.6
2235.6
2235.6
2235.6
2235.6
2235.6
2235.6
2235.6
2235.6
2235.6
2235.6
2235.6
2235.6
2235.6
2235.6
2235.6
2235.6
2235.6
2235.6
2235.6
2235.6
2235.6
2235.6
2235.6
2235.6
2235.6
2235.6
2235.6
2235.6
2235.6
2235.6
2191.6
2191.6
2191.6
2191.6
2191.6
2191.6
2191.6
2191.6
2191.6
2095.6
2095.6
2095.6
1933.6
1933.6
1933.6
1933.6
1933.6
1933.6
1933.6
1933.6
1933.6
