4983.2
4983.2
4643.6
4442.4
4103.6
4103.6
3797.2
3797.2
3797.2
3797.2
3797.2
3797.2
3797.2
3797.2
3797.2
3797.2
3797.2
3797.2
3797.2
3797.2
3797.2
3550
3550
3550
3550
3550
3550
3550
3550
3550
3550
3550
3550
3550
3550
3550
3550
3550
3550
3550
3548
3548
3496
3496
3496
3496
3496
3496
3496
3496
3496
3496
3496
3496
3496
3496
3496
3496
3496
3496
3496
3496
3496
3496
3496
3496
3496
3496
3496
3496
3496
3496
3496
3496
3496
3496
3496
3496
3496
3496
3496
3496
3496
3496
3496
3496
3496
3496
3496
3496
3496
3496
3496
3496
3496
3496
3496
3496
3496
3496
