4593.2
4171.2
4092.8
4059.6
4004
3827.6
3827.6
3827.6
3827.6
3827.6
3827.6
3827.6
3827.6
3827.6
3827.6
3827.6
3827.6
3827.6
3827.6
3827.6
3827.6
3827.6
3827.6
3827.6
3827.6
3827.6
3827.6
3827.6
3827.6
3827.6
3827.6
3827.6
3827.6
3827.6
3827.6
3827.6
3827.6
3827.6
3827.6
3827.6
3827.6
3827.6
3827.6
3827.6
3827.6
3827.6
3827.6
3827.6
3827.6
3827.6
3827.6
3827.6
3827.6
3827.6
3827.6
3827.6
3827.6
3827.6
3827.6
3827.6
3827.6
3827.6
3827.6
3827.6
3827.6
3827.6
3827.6
3827.6
3827.6
3827.6
3827.6
3827.6
3735.2
3735.2
3735.2
3735.2
3735.2
3735.2
3735.2
3735.2
3735.2
3735.2
3735.2
3735.2
3735.2
3735.2
3735.2
3735.2
3735.2
3735.2
3735.2
3735.2
3735.2
3735.2
3735.2
3735.2
3735.2
3735.2
3735.2
3735.2
