6519.2
5271.2
4694
4011.2
4011.2
4011.2
3978.8
3938
3700
3357.6
3316.8
3306.8
3306.8
3306.8
3112.4
3006.4
3004.4
3004.4
3004.4
3004.4
2987.2
2987.2
2987.2
2580
2580
2384
2384
2384
2384
2384
2384
2384
2384
2384
2384
2384
2384
2384
2372.4
2372.4
2372.4
2372.4
2372.4
2372.4
2372.4
2372.4
2338.4
2338.4
2338.4
2286
2286
2272
2272
2272
2272
2272
2272
2272
2198
2198
2198
2198
2176
2176
2176
2176
2143.2
2143.2
2143.2
2143.2
2143.2
2121.2
2121.2
2121.2
2121.2
2121.2
2121.2
2121.2
2121.2
2121.2
2121.2
2121.2
2121.2
2121.2
2121.2
2121.2
2121.2
2121.2
2121.2
2121.2
2121.2
2121.2
2121.2
2121.2
2121.2
2121.2
2121.2
2121.2
2121.2
2121.2
