6112
6112
5824
5824
5824
5760
5710
5710
5710
5527.6
5527.6
5489.6
5303.6
5303.6
5303.6
5303.6
5303.6
5303.6
5303.6
5303.6
5303.6
5303.6
5303.6
5197.6
5091.6
5091.6
5091.6
5047.6
5039.6
5039.6
5039.6
5039.6
5039.6
5039.6
5039.6
5039.6
5039.6
5039.6
5039.6
5039.6
5039.6
5039.6
5039.6
5039.6
4687.2
4687.2
4687.2
4687.2
4687.2
4687.2
4687.2
4687.2
4687.2
4687.2
4687.2
4687.2
4687.2
4687.2
4687.2
4687.2
4440.4
4440.4
4440.4
4440.4
4440.4
4365.6
4365.6
4365.6
4365.6
4365.6
4301.6
4251.6
4247.6
4247.6
4247.6
4247.6
4247.6
4247.6
4233.6
4233.6
4233.6
4233.6
4233.6
4233.6
4233.6
4233.6
4233.6
4233.6
4233.6
4233.6
4233.6
4233.6
4233.6
4233.6
4233.6
4233.6
4233.6
4233.6
4233.6
4175.6
4175.6
