10877.6
10766.8
9683.2
9683.2
9586
9065.6
8712
8592.4
8584.4
8584.4
8584.4
8584.4
8584.4
8321.6
8321.6
8321.6
8321.6
8321.6
8321.6
8321.6
8321.6
8062.4
8062.4
8062.4
8062.4
8062.4
7850
7850
7683.6
7683.6
7672.4
7672.4
7603.6
7414.8
7414.8
7414.8
7414.8
7414.8
7414.8
7414.8
7414.8
7414.8
7228
7228
7228
7228
7228
7228
7228
7228
7228
7228
7228
7228
7228
7228
7228
7228
7228
7228
7228
7228
7228
7228
7228
7228
7228
7228
7228
7228
7228
7228
7228
7228
7228
7228
7228
7228
7228
7228
7228
7228
7228
7228
7228
7228
7228
7228
7228
7228
7228
7228
7228
7228
7228
7228
7228
7228
7228
7228
