10117.6
7272
6763.6
6763.6
6487.6
6375.2
6137.2
6037.6
6019.6
5885.6
5731.6
5522.4
5325.2
4929.2
4541.2
4541.2
4479.2
4479.2
4479.2
4479.2
4479.2
4479.2
4479.2
4443.2
4443.2
4443.2
4443.2
4443.2
4443.2
4443.2
4443.2
4443.2
4443.2
4443.2
4443.2
4384
4253.2
4253.2
4253.2
4253.2
4253.2
4253.2
4253.2
4253.2
4253.2
4253.2
4253.2
4253.2
4253.2
4253.2
4253.2
4253.2
4253.2
4253.2
4253.2
4253.2
4253.2
4253.2
4253.2
4253.2
4253.2
4253.2
4253.2
4253.2
4253.2
4253.2
4253.2
4253.2
4253.2
4253.2
4253.2
4253.2
4253.2
4253.2
4253.2
4253.2
4253.2
4253.2
4247.2
4247.2
4233.2
4221.2
4221.2
4221.2
4211.2
4211.2
4205.2
4205.2
4205.2
4203.2
4203.2
3971.2
3971.2
3971.2
3971.2
3971.2
3971.2
3971.2
3971.2
3971.2
