7654.8
5938.8
5938.8
5303.6
5145.6
5145.6
5145.6
5056
4436.4
4436.4
3811.6
3811.6
3811.6
3658.4
3658.4
3658.4
3658.4
3533.6
3533.6
2995.6
2517.6
2517.6
2517.6
2517.6
2517.6
2517.6
2517.6
2517.6
2517.6
2517.6
2517.6
2517.6
2517.6
2517.6
2517.6
2517.6
2517.6
2517.6
2517.6
2517.6
2517.6
2517.6
2517.6
2517.6
2517.6
2517.6
2517.6
2517.6
2517.6
2517.6
2517.6
2517.6
2517.6
2453.6
2376
2376
2376
2354
2354
2354
2354
2332.4
2332.4
2332.4
2332.4
2332.4
2332.4
2320.4
2235.6
2235.6
2235.6
2235.6
2235.6
2235.6
2235.6
2235.6
2235.6
2235.6
2235.6
2235.6
2235.6
2235.6
2235.6
2235.6
2235.6
2235.6
2235.6
2235.6
2235.6
2235.6
2235.6
2235.6
2235.6
1919.2
1919.2
1919.2
1919.2
1919.2
1919.2
1919.2
