8378
7558.8
7438.4
7040.4
7040.4
6990.4
6990.4
6730
6680
6462.8
6412.8
6412.8
6412.8
6412.8
6412.8
6412.8
6412.8
6312.8
6312.8
6312.8
6312.8
6312.8
6230.4
6230.4
5963.2
5963.2
5779.2
5779.2
5779.2
5453.2
5453.2
5453.2
5453.2
5289.2
5289.2
5289.2
5289.2
5289.2
5289.2
5289.2
5289.2
5289.2
5289.2
5289.2
5289.2
5289.2
5289.2
5289.2
5289.2
5289.2
5289.2
5289.2
5289.2
5289.2
5289.2
5289.2
5289.2
5289.2
5289.2
5289.2
5289.2
5289.2
5289.2
5289.2
5289.2
5289.2
5289.2
5289.2
5289.2
5289.2
5003.2
5003.2
5003.2
5003.2
5003.2
5003.2
5003.2
5003.2
5003.2
5003.2
5003.2
5003.2
5003.2
5003.2
5003.2
5003.2
5003.2
5003.2
5003.2
5003.2
5003.2
5003.2
5003.2
5003.2
5003.2
5003.2
5003.2
5003.2
5003.2
5003.2
