5220.8
4331.2
3831.6
3724
3525.6
3364.8
3088.4
3088.4
3088.4
2984
2928
2928
2868.8
2868.8
2793.2
2793.2
2793.2
2425.6
2396.4
2366.8
2366.8
2366.8
2300.8
2242.4
2176.4
2176.4
2176.4
2174.8
2174.8
2174.8
2174.8
2174.8
2174.8
2174.8
2174.8
2174.8
2174.8
2174.8
2174.8
2174.8
2174.8
2174.8
2174.8
2174.8
2174.8
2174.8
2174.8
2174.8
2174.8
2174.8
2174.8
2174.8
2174.8
2174.8
2174.8
2174.8
2174.8
2174.8
2174.8
2174.8
2174.8
2174.8
2174.8
2174.8
2174.8
2174.8
2174.8
2174.8
2174.8
2174.8
2174.8
2174.8
2174.8
2174.8
2174.8
2174.8
2174.8
2174.8
2174.8
2174.8
2174.8
2174.8
2174.8
2174.8
2174.8
2174.8
2174.8
2174.8
2174.8
2174.8
2174.8
2174.8
2174.8
2174.8
2174.8
2174.8
2174.8
2174.8
2174.8
2174.8
