7884.8
6317.2
6222
6041.6
5820.4
5697.6
5673.6
5673.6
5673.6
5673.6
5673.6
5673.6
5673.6
5673.6
5603.6
5603.6
5603.6
5603.6
5603.6
5556.8
5549.6
5422.8
5154.8
5154.8
5154.8
5154.8
5095.6
5083.6
4969.6
4969.6
4969.6
4969.6
4969.6
4847.6
4847.6
4847.6
4847.6
4847.6
4847.6
4847.6
4847.6
4847.6
4847.6
4847.6
4828.8
4828.8
4828.8
4828.8
4828.8
4828.8
4760.8
4760.8
4760.8
4753.6
4461.6
4461.6
4461.6
4456.8
4456.8
4456.8
4456.8
4456.8
4455.6
4455.6
4455.6
4455.6
4455.6
4455.6
4455.6
4455.6
4455.6
4447.6
4447.6
4447.6
4447.6
4447.6
4447.6
4447.6
4447.6
4447.6
4447.6
4447.6
4447.6
4447.6
4234.4
4234.4
4234.4
4234.4
4234.4
4234.4
4234.4
4234.4
4234.4
4234.4
4234.4
4185.6
4185.6
4185.6
4185.6
4185.6
