13528.4
12652.4
12304.4
11863.6
11714
11320.4
11230.4
11230.4
11230.4
11230.4
11210.4
11210.4
11210.4
11210.4
11210.4
11210.4
11210.4
11210.4
11210.4
11210.4
11210.4
11210.4
11210.4
11210.4
11210.4
11158.8
10890
10674
10674
10560
10544
10544
10498
10432
10427.2
10328
10328
10304
10304
10092
10092
10092
10092
10018
9986.4
9986.4
9932.4
9932.4
9932.4
9932.4
9932.4
9836.4
9836.4
9836.4
9836.4
9836.4
9836.4
9836.4
9828.4
9828.4
9828.4
9828.4
9828.4
9828.4
9778.4
9778.4
9778.4
9778.4
9265.2
9265.2
9265.2
9265.2
9265.2
9265.2
9265.2
9265.2
9265.2
9265.2
9265.2
9265.2
9265.2
9265.2
9265.2
9265.2
9265.2
9265.2
9265.2
9265.2
9265.2
9265.2
9265.2
9265.2
9265.2
9265.2
9265.2
9265.2
9265.2
9265.2
9265.2
9265.2
