12240
12240
12240
12240
11963.6
11573.2
11420.4
11420.4
11420.4
10840
9945.6
9945.6
9945.6
9945.6
9945.6
9940
9791.2
9791.2
9791.2
9493.2
9493.2
9493.2
8980
8980
8980
8980
8909.6
8909.6
8765.6
8681.6
8360
8360
8360
8360
8360
8360
8360
8360
7920.4
7417.2
7417.2
7417.2
7417.2
7417.2
7417.2
7417.2
7300.4
7300.4
7300.4
7300.4
7300.4
7300.4
7300.4
7300.4
7300.4
7300.4
7265.6
7265.6
7265.6
7265.2
7265.2
7248.8
7248.8
7248.8
7197.2
7197.2
7197.2
6670.8
6670.8
6670.8
6670.8
6670.8
6670.8
6670.8
6670.8
6670.8
6670.8
6670.8
6670.8
6670.8
6636.8
6636.8
6636.8
6636.8
6636.8
6636.8
6636.8
6636.8
6636.8
6636.8
6241.6
6241.6
6241.6
6241.6
6241.6
6241.6
6241.6
6241.6
6241.6
6241.6
