10269.2
9332.4
7421.6
7421.6
7065.6
6558.4
6348.4
6289.6
6253.6
6113.6
6113.6
6113.6
6095.6
6095.6
6095.6
6095.6
6080.8
6080.8
6080.8
6080.8
6080.8
6080.8
6080.8
5906.8
5906.8
5906.8
5828.8
5828.8
5828.8
5828.8
5828.8
5828.8
5828.8
5828.8
5828.8
5828.8
5828.8
5828.8
5828.8
5828.8
5828.8
5828.8
5828.8
5828.8
5828.8
5828.8
5828.8
5828.8
5828.8
5828.8
5828.8
5828.8
5828.8
5828.8
5780
5780
5780
5780
5780
5780
5762.8
5762.8
5762.8
5762.8
5762.8
5668
5668
5668
5668
5622
5559.6
5559.6
5559.6
5483.6
5483.6
5483.6
5483.6
5483.6
5483.6
5483.6
5483.6
5483.6
5483.6
5483.6
5483.6
5483.6
5483.6
5483.6
5483.6
5483.6
5483.6
5483.6
5483.6
5483.6
5483.6
5483.6
5483.6
5483.6
5483.6
5483.6
