14203.6
13709.6
13709.6
13036.4
12738.4
12384.4
12101.2
12101.2
11979.2
11546.8
11392
11214.4
11214.4
10996.8
10996.8
10996.8
10996.8
10996.8
10996.8
10889.6
10658
10658
10598
10570
10570
10570
10570
10318
10318
10205.2
10205.2
10205.2
10205.2
10205.2
10205.2
10205.2
10059.2
10059.2
10059.2
10059.2
10059.2
10059.2
10059.2
10059.2
10059.2
9630.4
9630.4
9482.8
9412.8
9412.8
9412.8
9412.8
9412.8
9412.8
9412.8
9412.8
9412.8
9412.8
9412.8
9412.8
9412.8
9412.8
9412.8
9412.8
9279.6
9161.6
9161.6
9129.6
9129.6
9129.6
8780.8
8780.8
8043.2
8043.2
8043.2
8043.2
8043.2
8043.2
8043.2
8007.6
8007.6
8007.6
7835.6
7835.6
7835.6
7835.6
7835.6
7835.6
7835.6
7835.6
7835.6
7835.6
7835.6
7835.6
7835.6
7835.6
7835.6
7835.6
7835.6
7835.6
