11752.4
11752.4
11752.4
11752.4
11752.4
11752.4
11752.4
11752.4
11138.4
10566.8
10566.8
10566.8
10566.8
9400.4
9400.4
9400.4
9303.6
9303.6
9303.6
9303.6
9303.6
9303.6
9303.6
9303.6
9249.6
9249.6
8955.2
8955.2
8948.8
8873.2
8827.2
8827.2
8827.2
8827.2
8632.8
8009.6
8009.6
8009.6
8009.6
8009.6
8009.6
8009.6
8009.6
8009.6
8009.6
7780.8
7780.8
7780.8
7780.8
7780.8
7780.8
7780.8
7780.8
7763.2
7763.2
7763.2
7638
7374.8
7374.8
7374.8
7374.8
7372.8
7372.8
7372.8
7372.8
7372.8
7372.8
7372.8
7372.8
7372.8
7372.8
7372.8
7372.8
7372.8
7354.4
7354.4
7354.4
7354.4
7354.4
7354.4
7354.4
7183.6
7183.6
7183.6
7183.6
7183.6
7183.6
7183.6
7183.6
7183.6
7183.6
7183.6
7061.6
7061.6
7061.6
7061.6
7061.6
7061.6
7061.6
7061.6
