4968.4
4968.4
4968.4
4968.4
4968.4
4932.4
4932.4
4932.4
4932.4
4771.6
4758.4
4758.4
4758.4
4758.4
4758.4
4758.4
4728.4
4728.4
4362.4
3758.8
3594.8
3594.8
3583.6
3583.6
3583.6
3583.6
3427.6
3427.6
3277.6
3277.6
3277.6
3277.6
3277.6
3277.6
3277.6
3277.6
3277.6
3277.6
3277.6
3277.6
3277.6
3277.6
3277.6
3277.6
3277.6
3277.6
3277.6
3277.6
3277.6
3277.6
3277.6
3277.6
3277.6
3277.6
3277.6
3277.6
3277.6
3277.6
3277.6
3277.6
3277.6
3277.6
3277.6
3277.6
3277.6
3277.6
3277.6
3277.6
3277.6
3277.6
3277.6
3277.6
3277.6
3277.6
3277.6
3267.6
3267.6
3267.6
3267.6
3267.6
3267.6
3267.6
3267.6
3267.6
3267.6
3267.6
3267.6
3267.6
3267.6
3267.6
3267.6
3267.6
3267.6
3267.6
3267.6
3267.6
3267.6
3267.6
3267.6
3267.6
