10616
10049.2
9274
8544.4
7814
7384
7384
7074
6896
6896
6873.2
6873.2
6873.2
6873.2
6699.2
6626
6397.2
6159.6
6159.6
6085.2
6027.2
6023.2
6023.2
6023.2
5843.6
5841.6
5567.2
5270
5186
5112
4958
4900
4900
4856.8
4856.8
4856.8
4834
4834
4804.8
4804.8
4804.8
4640.4
4640.4
4640.4
4640.4
4640.4
4640.4
4640.4
4640.4
4640.4
4577.2
4577.2
4577.2
4548
4548
4548
4548
4548
4548
4548
4548
4526
4526
4526
4526
4526
4526
4526
4514
4514
4514
4514
4514
4308
4308
4308
4308
4308
4308
4308
4308
4308
4308
4308
4308
4308
4308
4308
4308
4308
4308
4308
4308
4308
4188
4188
4188
4188
4188
4188
