10091.2
9464.4
9238.4
9230.4
9230.4
9230.4
9230.4
9230.4
9230.4
9230.4
9230.4
9230.4
9230.4
9230.4
9230.4
9230.4
9230.4
9230.4
9230.4
9230.4
9230.4
9230.4
9230.4
9230.4
9230.4
9230.4
9230.4
9230.4
9230.4
9230.4
9230.4
9230.4
9230.4
9230.4
9230.4
9230.4
9230.4
9230.4
9230.4
9230.4
9230.4
9230.4
9230.4
9230.4
9230.4
9230.4
9230.4
9230.4
9230.4
9230.4
9230.4
9230.4
9230.4
9230.4
9230.4
9230.4
9230.4
9230.4
9230.4
9230.4
9230.4
9230.4
9230.4
9230.4
9230.4
9230.4
9230.4
9230.4
9230.4
9230.4
9230.4
9230.4
9230.4
9230.4
9230.4
9230.4
9230.4
9230.4
9230.4
9230.4
9230.4
9230.4
9230.4
9230.4
9230.4
9230.4
9230.4
9230.4
9230.4
9230.4
9230.4
9230.4
9230.4
9230.4
9230.4
9230.4
9230.4
9230.4
9230.4
9230.4
