8433.6
7794.4
7428.8
6217.6
6213.6
6207.6
6207.6
6207.6
6193.6
6193.6
6131.6
5971.2
5657.2
5657.2
5409.2
5409.2
5409.2
5409.2
5409.2
5409.2
5409.2
5409.2
5409.2
5409.2
5409.2
5409.2
5409.2
5409.2
5409.2
5409.2
5409.2
5409.2
5409.2
5409.2
5409.2
5409.2
5409.2
5409.2
5409.2
5409.2
5409.2
5409.2
5409.2
5409.2
5409.2
5409.2
5409.2
5409.2
5409.2
5409.2
5409.2
5409.2
5409.2
5409.2
5409.2
5409.2
5409.2
5395.2
5395.2
5395.2
5395.2
5395.2
5395.2
5395.2
5395.2
5395.2
5395.2
5395.2
5395.2
5395.2
5395.2
5395.2
5395.2
5395.2
5395.2
5395.2
5395.2
5395.2
5395.2
5395.2
5395.2
5395.2
5395.2
5395.2
5395.2
5395.2
5395.2
5395.2
5395.2
5395.2
5395.2
5395.2
5395.2
5395.2
5395.2
5395.2
5395.2
5395.2
5287.2
5287.2
