5714
5633.6
5284.4
5284.4
5284.4
5243.2
5243.2
5243.2
5243.2
5243.2
5243.2
5243.2
5243.2
4935.2
4935.2
4935.2
4935.2
4935.2
4935.2
4897.2
4897.2
4897.2
4897.2
4897.2
4785.6
4785.6
4785.6
4785.6
4298
4106
4106
4106
4106
4106
4106
4106
4106
4106
4106
4106
4106
4106
4106
4106
4106
4106
4106
4106
4106
4106
4106
4106
4106
4106
4106
4106
4106
4106
4106
4106
4106
4106
4106
4106
4106
4106
4106
4106
4106
4106
4106
4106
4106
4106
4106
4106
4106
4106
4106
4106
4106
4106
4106
4106
4106
4106
4106
4106
4106
4106
4106
4106
4106
4106
4106
4106
4106
4106
4106
4106
4106
