8002.4
8002.4
8002.4
8002.4
8002.4
7991.6
7769.6
7769.6
7769.6
7666.4
7401.2
7401.2
7384.8
7384.8
7384.8
7384.8
7384.8
7384.8
7225.2
6971.6
6874.8
6874.8
6874.8
6874.8
6874.8
6874.8
6874.8
6802
6802
6802
6802
6802
6802
6802
6802
6802
6802
6802
6802
6802
6802
6802
6802
6802
6802
6731.2
6731.2
6731.2
6731.2
6731.2
6605.6
6605.6
6605.6
6605.6
6605.6
6468.8
6468.8
6468.8
6468.8
6468.8
6468.8
6468.8
6468.8
6468.8
6413.2
6285.2
6285.2
6285.2
6193.2
6193.2
6193.2
6193.2
6193.2
6193.2
6193.2
6193.2
6193.2
6193.2
6193.2
6193.2
6193.2
6157.2
6157.2
6157.2
6157.2
6157.2
6157.2
6089.2
6089.2
6089.2
6089.2
6089.2
6089.2
6089.2
6089.2
6089.2
6089.2
6089.2
6089.2
6089.2
