9784
8693.2
8693.2
5882.4
5882.4
5882.4
5448.4
5448.4
5448.4
5448.4
5448.4
5448.4
5448.4
5448.4
5448.4
5448.4
5448.4
5448.4
5448.4
5448.4
5448.4
5448.4
5448.4
5448.4
5448.4
5448.4
5448.4
5448.4
5448.4
5448.4
5448.4
5448.4
5448.4
4612.8
4612.8
4612.8
4612.8
4612.8
4612.8
4612.8
4612.8
4612.8
4612.8
4612.8
4612.8
4612.8
4612.8
4612.8
4612.8
4612.8
4612.8
4612.8
4612.8
4612.8
4612.8
4612.8
4612.8
4612.8
4612.8
4612.8
4612.8
4612.8
4612.8
4612.8
4612.8
4612.8
4612.8
4598.8
4598.8
4598.8
4598.8
4598.8
4598.8
4598.8
4598.8
4598.8
4598.8
4598.8
4598.8
4598.8
4598.8
4598.8
4598.8
4538.8
4388.8
4388.8
4388.8
4388.8
4388.8
4388.8
4388.8
4388.8
4388.8
4388.8
4388.8
4388.8
4388.8
4388.8
4388.8
4388.8
