10666
9345.2
8749.6
8177.6
8177.6
8177.6
8177.6
8177.6
8177.6
8177.6
8177.6
8177.6
8177.6
8177.6
8177.6
8177.6
8177.6
8177.6
8177.6
8177.6
8177.6
8177.6
8177.6
8177.6
8177.6
8177.6
8177.6
8177.6
8177.6
8177.6
8177.6
8177.6
8177.6
8177.6
8177.6
8177.6
8177.6
8177.6
8177.6
8177.6
8177.6
8177.6
8177.6
8177.6
8177.6
8177.6
8177.6
8177.6
8177.6
8177.6
8177.6
8177.6
8177.6
8177.6
8177.6
8177.6
8177.6
8177.6
8177.6
8177.6
8177.6
8177.6
8177.6
8177.6
8177.6
8177.6
8177.6
8177.6
8177.6
8177.6
8177.6
8177.6
8177.6
8177.6
8177.6
8177.6
8177.6
8177.6
8177.6
8177.6
8177.6
8177.6
8177.6
8177.6
8177.6
8177.6
8177.6
8177.6
8177.6
8177.6
8177.6
8177.6
8177.6
8177.6
8177.6
8177.6
8177.6
8177.6
8177.6
8177.6
