8646
8590
8590
8590
8590
8590
8590
8590
8590
8590
8590
8590
8590
8590
8590
8590
8590
8590
8590
8590
8590
8590
8590
8590
8590
8590
8590
8590
8590
8590
8590
8590
8590
8590
8590
8590
8590
8590
8590
8590
8590
8590
8590
8590
8590
8590
8590
8590
8590
8590
8590
8590
8590
8590
8590
8590
8590
8590
8590
8590
8590
8590
8590
8590
8590
8590
8590
8590
8590
8590
8590
8590
8590
8590
8590
8590
8590
8590
8590
8590
8590
8590
8590
8590
8590
8590
8590
8590
8590
8590
8590
8590
8590
8590
8590
8590
8590
8590
8590
8590
