5479.2
5408
5408
5408
4952
4878
4854.4
4854.4
4854.4
4810.4
4810.4
4810.4
4810.4
4586.4
4586.4
4586.4
4586.4
4558.4
4558.4
4558.4
4558.4
4474.4
4474.4
4474.4
4418.4
4418.4
4418.4
4418.4
4418.4
4418.4
4418.4
4418.4
4418.4
4380
4380
4380
4380
4380
4380
4380
4380
4380
4380
4380
4380
4380
4380
4380
4380
4380
4380
4380
4380
4380
4380
4380
4380
4380
4380
4380
4380
4380
4380
4380
4380
4380
4380
4380
4380
4380
4380
4380
4380
4380
4380
4380
4380
4380
4380
4380
4380
4380
4380
4380
4380
4380
4380
4380
4380
4380
4380
4380
4380
4380
4380
4380
4380
4380
4380
4380
