6155.6
5923.2
5098.4
4915.2
4915.2
4915.2
4754.8
4724.8
4724.8
4724.8
4640.8
4640.8
4640.8
4640.8
4640.8
4640.8
4640.8
4636
4636
4636
4636
4636
4636
4636
4636
4636
4636
4068
4068
4068
3675.2
3675.2
3641.6
3641.6
3641.6
3641.6
3641.6
3641.6
3641.6
3641.6
3641.6
3641.6
3641.6
3641.6
3641.6
3641.6
3641.6
3641.6
3641.6
3641.6
3641.6
3641.6
3641.6
3641.6
3641.6
3641.6
3641.6
3641.6
3641.6
3641.6
3641.6
3641.6
3641.6
3641.6
3641.6
3641.6
3609.6
3609.6
3609.6
3609.6
3609.6
3609.6
3609.6
3609.6
3609.6
3609.6
3609.6
3609.6
3609.6
3609.6
3609.6
3609.6
3609.6
3609.6
3609.6
3609.6
3609.6
3609.6
3609.6
3609.6
3609.6
3609.6
3609.6
3609.6
3609.6
3609.6
3609.6
3609.6
3609.6
3609.6
