5497.2
5497.2
5497.2
5497.2
5365.2
5365.2
5365.2
4767.2
4154
4154
4154
4154
4154
4154
4154
4154
4154
4154
4154
4154
4154
4154
3956
3956
3956
3956
3956
3956
3956
3956
3956
3956
3956
3956
3956
3956
3956
3956
3956
3956
3956
3956
3956
3956
3956
3956
3956
3956
3956
3956
3956
3956
3956
3956
3956
3956
3956
3956
3956
3956
3956
3956
3956
3956
3838.8
3838.8
3838.8
3838.8
3838.8
3838.8
3838.8
3838.8
3838.8
3838.8
3838.8
3838.8
3838.8
3838.8
3838.8
3838.8
3838.8
3838.8
3838.8
3838.8
3838.8
3838.8
3838.8
3838.8
3838.8
3838.8
3838.8
3838.8
3838.8
3838.8
3838.8
3838.8
3838.8
3838.8
3838.8
3838.8
