12317.2
12192
11427.6
11123.6
10987.6
10916
10768
10593.2
10593.2
10593.2
10319.2
10249.2
10218.4
9580.4
9187.2
9187.2
8991.6
8860
8732
8732
8732
8732
8732
8732
8732
8718
8718
8718
8712
8712
8712
8712
8712
8712
8712
8712
8712
8484
8484
8484
8484
8484
8484
8484
8484
8484
8484
8484
8484
8484
8484
8484
8484
8484
8484
8484
8484
8484
8484
8484
8484
8482
8482
8476
8476
8476
8476
8476
8476
8476
8476
8476
8476
8476
8476
8476
8476
8476
8476
8476
8476
8476
8476
8476
8476
8476
8476
8476
8476
8476
8476
8476
8476
8476
8476
8476
8476
8476
8468
8468
