14782.4
14782.4
14600.4
14600.4
14110
13875.6
13875.6
13875.6
12996.4
12996.4
12996.4
12502.8
12502.8
12502.8
12502.8
12502.8
12502.8
12502.8
12068
12068
12068
12068
12068
12068
12046
12046
12046
11750.4
11750.4
11480.4
11480.4
11480.4
11480.4
11480.4
11480.4
11474
11414.4
11116
11056.4
11056.4
11056.4
11056.4
10842.4
10842.4
10842.4
10842.4
10842.4
10728.4
10728.4
10728.4
10728.4
10728.4
10728.4
10726.4
10726.4
10726.4
10714.4
10698
10698
10698
10698
10698
10698
10612.4
10612.4
10570.4
10570.4
10312.4
10312.4
10312.4
10312.4
10312.4
10312.4
10312.4
10306.4
10306.4
10306.4
10306.4
10291.2
10291.2
10124.4
10124.4
10124.4
10124.4
10124.4
10124.4
10124.4
10124.4
10103.2
10103.2
10087.2
10087.2
10087.2
10076.4
10076.4
10076.4
10065.2
10052.4
10052.4
10052.4
