14072.4
12706
12468
12338
12252.4
12252.4
12251.2
12214
11414.8
10922.8
10666.8
10436.8
9976
9976
9930
9862
9862
9862
9836
9836
9836
9836
9474
9474
9432
9432
9108
9108
8966
8854
8854
8854
8854
8716
8706
8616
8608
8608
8608
8608
8608
8550
8550
8520
8520
8520
8520
8372.4
8372.4
8372.4
8372.4
8372.4
8372.4
8358.4
8358.4
8358.4
8358.4
8358.4
8358.4
8358.4
8358.4
7830.4
7830.4
7148.4
7148.4
7148.4
7148.4
7148.4
7148.4
7148.4
7148.4
7148.4
7148.4
7148.4
7148.4
7148.4
7148.4
7148.4
7148.4
7148.4
7148.4
7148.4
7148.4
7148.4
7148.4
7148.4
7148.4
7148.4
7148.4
7148.4
7148.4
7148.4
7148.4
7148.4
7148.4
7148.4
7148.4
7148.4
7148.4
7148.4
