12243.6
12080.4
12080.4
11867.6
11273.6
11157.6
11157.6
11157.6
11157.6
11157.6
11157.6
11157.6
11021.6
11021.6
11021.6
10983.6
10983.6
10983.6
10983.6
10983.6
10983.6
10983.6
10983.6
10983.6
10983.6
10983.6
10983.6
10983.6
10983.6
10983.6
10983.6
10983.6
10983.6
10983.6
10973.6
10973.6
10973.6
10973.6
10973.6
10973.6
10973.6
10973.6
10526.8
10526.8
10526.8
10526.8
10526.8
10392.8
10392.8
10260.8
10236.8
10210.4
10150.8
10150.8
10150.8
10150.8
10150.8
10150.8
10150.8
10150.8
10150.8
10150.8
10150.8
10150.8
10150.8
10150.8
10150.8
10150.8
10150.8
10150.8
10150.8
10150.8
10150.8
10150.8
10150.8
10150.8
10150.8
10150.8
10150.8
10150.8
9323.6
9323.6
9323.6
9323.6
9323.6
9323.6
9323.6
9323.6
9323.6
9323.6
9323.6
9323.6
9323.6
9323.6
9323.6
9323.6
9323.6
9323.6
9323.6
9323.6
