18427.6
16622.4
16622.4
16578.8
16546.8
15747.6
15573.6
15567.6
15101.6
13508.4
13508.4
13366.4
13206.4
13206.4
13116.4
13116.4
13116.4
13116.4
13116.4
13028.4
13028.4
13028.4
12441.6
12441.6
12441.6
12308.8
12308.8
12064.8
12064.8
12064.8
12064.8
12064.8
12064.8
11952.8
11934.8
11934.8
11934.8
11758.8
11758.8
11488.8
11488.8
11326.8
11326.8
11326.8
11326.8
11326.8
11324.8
11324.8
11324.8
11324.8
11324.8
11324.8
11324.8
11324.8
11324.8
11324.8
11324.8
11324.8
11302.8
11302.8
11302.8
11302.8
11302.8
11302.8
11302.8
11302.8
11302.8
11302.8
11302.8
11302.8
11302.8
11302.8
11302.8
11302.8
11302.8
11302.8
11302.8
11302.8
11302.8
11302.8
11302.8
11302.8
11302.8
11302.8
11302.8
11302.8
11302.8
11302.8
11302.8
11302.8
11302.8
11302.8
11302.8
11302.8
11302.8
11302.8
11302.8
11302.8
11302.8
11302.8
