11985.6
10812
10515.2
9607.2
9577.2
9561.2
9529.2
9529.2
9345.2
9333.2
8948
8556.8
8449.2
8427.6
8427.6
8383.6
8249.6
8218.8
7814
7684
7684
7362
6908
6908
6908
6822
6734
6734
6734
6734
6734
6734
6734
6734
6734
6734
6734
6734
6734
6734
6734
6734
6734
6734
6701.6
6701.6
6701.6
6701.6
6701.6
6647.2
6647.2
6647.2
6647.2
6647.2
6647.2
6647.2
6647.2
6647.2
6647.2
6647.2
6647.2
6647.2
6647.2
6647.2
6647.2
6647.2
6647.2
6647.2
6647.2
6647.2
6647.2
6647.2
6647.2
6647.2
6647.2
6647.2
6647.2
6647.2
6647.2
6647.2
6647.2
6647.2
6647.2
6647.2
6647.2
6647.2
6647.2
6647.2
6647.2
6647.2
6647.2
6647.2
6647.2
6647.2
6647.2
6647.2
6647.2
6647.2
6647.2
6647.2
