9241.2
9241.2
9241.2
9241.2
9049.2
9049.2
9049.2
9049.2
8011.2
8011.2
7983.2
7983.2
7948
7948
7814
7814
7814
7814
7814
7814
7814
7814
7814
7814
7814
7814
7814
7814
7814
7814
7814
7814
7814
7814
7814
7814
7814
7814
7814
7814
7814
7814
7814
7814
7814
7814
7814
7814
7814
7814
7814
7814
7814
7814
7814
7814
7814
7814
7814
7814
7814
7814
7814
7814
7814
7814
7814
7814
7814
7814
7814
7814
7814
7814
7814
7814
7814
7814
7814
7814
7814
7814
7814
7814
7814
7814
7814
7814
7814
7814
7814
7814
7814
7814
7814
7814
7814
7814
7814
7814
