15190.4
15112.8
10119.6
10119.6
8401.2
8401.2
8401.2
8401.2
8401.2
8179.6
8179.6
8179.6
8179.6
8179.6
8179.6
8179.6
8179.6
8179.6
7939.2
7939.2
7939.2
7939.2
7921.2
7921.2
7909.2
7909.2
7909.2
7909.2
7909.2
7909.2
7909.2
7909.2
7909.2
7909.2
7909.2
7909.2
7909.2
7909.2
7909.2
7909.2
7723.2
7597.6
7459.6
7459.6
7459.6
7459.6
7459.6
7459.6
7459.6
7459.6
7459.6
7459.6
7459.6
7459.6
7459.6
7459.6
7459.6
7459.6
7459.6
7459.6
7459.6
7459.6
7459.6
7459.6
7459.6
7459.6
7459.6
7459.6
7459.6
7459.6
7459.6
7459.6
7459.6
7459.6
7459.6
7459.6
7459.6
7459.6
7459.6
7459.6
7459.6
7459.6
7459.6
7459.6
7459.6
7459.6
7459.6
7459.6
7459.6
7459.6
7459.6
7459.6
7459.6
7459.6
7459.6
7459.6
7459.6
7459.6
7459.6
7459.6
