18887.6
17997.6
16666
16424.8
16032.4
15691.2
15542.4
15436.4
15016
15016
14650
14314
13972
13812
13812
13536
13534
13534
13534
13534
13159.6
13159.6
13097.6
13043.6
12827.6
12825.6
12693.6
12505.6
12505.6
12471.6
12230.4
12095.6
11915.6
11915.6
11915.6
11915.6
11915.6
11915.6
11915.6
11915.6
11915.6
11915.6
11915.6
11915.6
11913.6
11913.6
11867.6
11867.6
11867.6
11867.6
11867.6
11867.6
11867.6
11863.6
11863.6
11863.6
11727.6
11727.6
11727.6
11727.6
11727.6
11727.6
11669.6
11669.6
11669.6
11669.6
11669.6
11669.6
10672.4
10672.4
10672.4
10672.4
10672.4
10672.4
10672.4
10672.4
10672.4
10672.4
10672.4
10672.4
10672.4
10672.4
10672.4
10524.4
10524.4
10524.4
10524.4
10524.4
10524.4
10524.4
10524.4
10524.4
10524.4
10524.4
10524.4
10524.4
10524.4
10524.4
10524.4
10524.4
