13638
13534.4
13534.4
13534.4
13534.4
12722.8
12722.8
12722.8
12722.8
12360.4
12360.4
12360.4
11766.8
11766.8
11766.8
11537.6
11537.6
10662.4
10662.4
10052.4
10052.4
10052.4
10052.4
10052.4
9926.4
9926.4
9439.2
9439.2
9439.2
9439.2
9439.2
9439.2
9331.6
9331.6
9331.6
8849.6
8849.6
8849.6
8849.6
8849.6
8849.6
8849.6
8849.6
8849.6
8849.6
8849.6
8849.6
8849.6
8152.4
8152.4
8152.4
8152.4
8152.4
8152.4
8152.4
8152.4
8152.4
8152.4
8148.4
8148.4
8148.4
7946
7946
7946
7946
7946
7946
7946
7742.4
7742.4
7742.4
7742.4
7600.4
7600.4
7600.4
7600.4
7600.4
7600.4
7570.4
7570.4
7356.4
7356.4
7356.4
7356.4
7356.4
7356.4
7356.4
7356.4
7356.4
7356.4
7356.4
7356.4
7294.4
7294.4
7294.4
7294.4
7294.4
7294.4
7294.4
7276.4
