15948
15399.2
15399.2
15334
15149.2
14654.8
13716
12064.4
11990.4
11990.4
11124.4
11124.4
11124.4
11082.4
11082.4
11082.4
11082.4
10966.8
10966.8
10966.8
10932.8
10932.8
10932.8
10932.8
10932.8
10932.8
10932.8
10932.8
10716.8
10276.8
10044
10044
10044
10044
10044
9783.6
9783.6
9783.6
9783.6
9783.6
9783.6
9783.6
9783.6
9783.6
9783.6
9783.6
9783.6
9783.6
9783.6
9783.6
9677.6
9639.6
9639.6
9639.6
9639.6
9639.6
9505.6
9505.6
9505.6
9505.6
9505.6
9505.6
9501.6
9501.6
9501.6
9501.6
9501.6
9501.6
9501.6
9501.6
9501.6
9501.6
9389.2
9389.2
9389.2
9389.2
9385.2
9359.6
9359.6
9359.6
9286
9286
9286
9286
8640
8640
8566
8566
8566
8566
8566
8536
8536
8536
8536
8536
8536
8536
8536
8536
