15238
13251.2
12749.6
12531.6
12122.8
11664
11454
11454
11454
11454
11439.6
11439.6
11385.2
11305.6
11305.6
11222.8
10858.8
10858.8
10712.8
10712.8
10306.8
10306.8
10306.8
10306.8
10306.8
10188.8
10188.8
9710.4
9710.4
9562.4
9562.4
9562.4
9562.4
9562.4
9562.4
9562.4
9562.4
9562.4
9562.4
9562.4
9562.4
9424.4
9424.4
9424.4
9424.4
9424.4
9424.4
9420.4
9420.4
9420.4
9420.4
9420.4
9288.4
9288.4
9288.4
9288.4
9288.4
9286.4
9280.4
9162.4
9162.4
9094.4
9094.4
9094.4
9094.4
9094.4
9094.4
9094.4
9094.4
9094.4
9094.4
9094.4
9094.4
9094.4
9094.4
8926.4
8926.4
8926.4
8926.4
8926.4
8926.4
8926.4
8926.4
8926.4
8926.4
8926.4
8926.4
8926.4
8926.4
8926.4
8926.4
8926.4
8926.4
8926.4
8926.4
8926.4
8926.4
8926.4
8926.4
8926.4
