19292
18616.4
15873.6
15873.6
15873.6
15873.6
15873.6
15873.6
15873.6
15873.6
15873.6
15873.6
15873.6
15481.2
15054.4
15054.4
13865.6
13865.6
13865.6
13865.6
13865.6
13865.6
13865.6
13865.6
13865.6
13865.6
13865.6
13865.6
13865.6
13865.6
13865.6
13865.6
13543.2
13543.2
13543.2
13543.2
13543.2
13543.2
13543.2
13543.2
13543.2
13543.2
13543.2
13543.2
13543.2
13543.2
13543.2
13543.2
13532.4
13148.4
13148.4
13148.4
13148.4
13148.4
13148.4
13148.4
13148.4
13148.4
13148.4
13148.4
13148.4
13148.4
13148.4
13148.4
13148.4
13148.4
13148.4
13148.4
13148.4
13148.4
13148.4
13148.4
13148.4
13148.4
13148.4
13086.4
13086.4
13086.4
13086.4
12742.4
12742.4
12652.4
12652.4
12652.4
12652.4
12652.4
12535.6
12535.6
12535.6
12535.6
12535.6
12535.6
12535.6
12535.6
12467.2
12467.2
12467.2
12467.2
12216.4
12216.4
