14034.4
12972
12117.2
11913.2
11913.2
11913.2
11913.2
11913.2
11572.4
11396.4
11280.4
10930.4
10924.4
10924.4
10924.4
10924.4
10738.8
10738.8
10738.8
10738.8
10738.8
10686.8
10678.8
10622.8
10622.8
10622.8
10622.8
10622.8
10622.8
10622.8
10622.8
10610.8
10610.8
10610.8
10610.8
10610.8
10610.8
10610.8
10610.8
10610.8
10464.8
10464.8
10322.8
10246.8
10170.8
10114.8
10114.8
10102.8
10102.8
10102.8
10102.8
10102.8
10102.8
10102.8
10102.8
10102.8
10102.8
10102.8
10102.8
10102.8
10102.8
10029.6
10029.6
10019.6
10019.6
10019.6
10006.4
10006.4
10006.4
10006.4
10006.4
10006.4
9922.4
9922.4
9922.4
9922.4
9922.4
9922.4
9922.4
9922.4
9922.4
9922.4
9922.4
9764.4
9764.4
9764.4
9764.4
9764.4
9764.4
9764.4
9764.4
9764.4
9764.4
9764.4
9764.4
9764.4
9764.4
9764.4
9764.4
9764.4
9764.4
