36712
36712
36712
36690
35458.4
35458.4
31422.4
29612.8
24670.8
24670.8
24670.8
24630.8
24630.8
24630.8
24630.8
24630.8
24570.8
24570.8
24570.8
24570.8
24570.8
24570.8
24570.8
24570.8
24570.8
24570.8
24570.8
24570.8
24570.8
24570.8
24570.8
24570.8
24570.8
24570.8
24570.8
24179.2
23952.8
23952.8
23952.8
23952.8
23952.8
21625.6
21625.6
21625.6
21625.6
21625.6
21625.6
21625.6
21243.6
21243.6
21243.6
21243.6
21243.6
21243.6
21243.6
21243.6
21243.6
21243.6
19066
19066
19066
19066
18882
18882
18882
18882
18770
18770
18770
18770
18770
18590
18590
18590
18590
18590
18590
18590
18590
18590
18590
18590
18590
18590
18590
18590
18590
18590
18590
18590
18590
18590
18590
18590
18590
18590
18590
18590
18590
18590
