33278
29313.6
27548.4
27525.6
26324.4
24519.2
24519.2
24421.2
23458.8
23458.8
23417.2
23367.2
23309.2
22211.6
22211.6
21546
21440
21440
21440
21440
21436
21328
21328
21328
21328
21088
20954
20954
20606
20606
20606
20606
20606
20606
20562
20134
20134
20000
20000
19574
19574
18549.2
18549.2
18549.2
18345.2
18345.2
18345.2
18345.2
18345.2
18345.2
18345.2
18345.2
18345.2
18345.2
18345.2
18345.2
18345.2
18329.2
18329.2
18329.2
18151.2
18151.2
18151.2
18151.2
18151.2
18097.2
18097.2
18097.2
18087.2
18087.2
18083.2
18083.2
18083.2
18083.2
17996.4
17996.4
17996.4
17996.4
17996.4
17996.4
17996.4
17996.4
17996.4
17996.4
17996.4
17996.4
17996.4
17996.4
17996.4
17996.4
17996.4
17996.4
17996.4
17996.4
17996.4
17996.4
17918.4
17918.4
17918.4
17918.4
