37145.6
29141.2
28237.6
27870.8
27638.8
27630.8
27037.6
25191.2
24848
24684
24684
24684
24064
24022
22775.2
22247.2
22231.2
22083.2
21991.2
21641.2
21515.2
21051.2
20795.6
20795.6
20439.6
20439.6
20439.6
20439.6
20439.6
20439.6
20439.6
20439.6
20439.6
20415.6
20415.6
20415.6
20415.6
20365.6
20220.8
20220.8
19810
19700
19700
19700
19700
19700
19700
19700
19700
19700
19700
19700
19700
19700
19700
19700
19696
19696
19696
19696
19574
19574
19574
19574
19574
19574
19334
19334
19334
19334
19334
19334
19334
19334
19334
19334
19334
19334
19334
19334
19334
19334
19334
19334
19334
19302
19302
19302
19302
19302
19302
19302
19302
19302
19302
19302
19302
19302
19302
19302
