30749.2
28055.2
26534
25958.4
23561.2
23561.2
22864
22681.2
21163.6
21163.6
20406
17426
17426
17426
17426
17426
17426
17426
17426
16374.8
16374.8
16176.8
16176.8
16176.8
16120.8
16120.8
15900.8
15900.8
15398
15398
15398
15398
15398
14371.2
14371.2
14371.2
14091.2
14091.2
14091.2
14091.2
14091.2
14011.2
14011.2
14000
13855.2
13855.2
13855.2
13807.2
13757.2
13757.2
13757.2
13757.2
13676.8
13676.8
13676.8
13676.8
13676.8
13676.8
13668.8
13668.8
13668.8
13668.8
13668.8
13458.8
13458.8
13458.8
13458.8
13458.8
13458.8
13458.8
13458.8
13458.8
13458.8
13214.8
13214.8
13214.8
13214.8
13214.8
13214.8
13214.8
13214.8
13214.8
13214.8
13214.8
13214.8
13214.8
13214.8
13214.8
13214.8
13214.8
13214.8
13214.8
13214.8
13214.8
13214.8
13214.8
13214.8
13214.8
13214.8
13214.8
