34086.4
33842.4
33706.4
33706.4
33706.4
33706.4
33706.4
33706.4
33706.4
33706.4
33706.4
33706.4
33706.4
33706.4
33706.4
33706.4
33706.4
33706.4
33706.4
33706.4
33706.4
33706.4
33706.4
33706.4
33706.4
33706.4
33706.4
33706.4
33706.4
33706.4
33706.4
33706.4
33706.4
33706.4
33706.4
33706.4
33706.4
33706.4
33706.4
33706.4
33706.4
33706.4
33706.4
33706.4
33706.4
33706.4
33706.4
33706.4
33706.4
33706.4
33706.4
33706.4
33706.4
33706.4
33706.4
33706.4
33706.4
33706.4
33706.4
33706.4
33706.4
33706.4
33706.4
33706.4
33706.4
33706.4
33706.4
33706.4
33706.4
33706.4
33706.4
33706.4
33706.4
33706.4
33706.4
33706.4
33706.4
33706.4
33706.4
33706.4
33706.4
33706.4
33706.4
33706.4
33706.4
33706.4
33706.4
33706.4
33706.4
33706.4
33706.4
33706.4
33706.4
33706.4
33706.4
33706.4
33706.4
33706.4
33706.4
33706.4
