39500.4
39500.4
39500.4
35860
35860
35078
35078
34318
34019.2
31563.2
31040.8
31040.8
31040.8
31040.8
31040.8
29459.6
29459.6
29459.6
29459.6
29459.6
29459.6
29459.6
27887.2
27887.2
27887.2
27887.2
27887.2
27887.2
27887.2
27887.2
27887.2
26008
26008
26008
26008
26008
26008
26008
26008
26008
26008
26008
25471.6
25471.6
25471.6
25471.6
25471.6
25471.6
25471.6
25471.6
25471.6
25420.8
25420.8
25420.8
25420.8
25420.8
25420.8
25420.8
25420.8
25420.8
25420.8
23784
23784
23784
23784
23784
23784
23784
23784
23784
23784
23784
23784
23784
23784
23784
23784
23784
23784
23784
23784
23784
23784
23784
23784
23784
23784
23784
23784
23784
23784
23784
23784
23784
23784
23784
23784
23784
23784
23784
