19446.4
18462
18462
18282
18030
18030
18030
18024
18024
18024
18024
18024
18024
18024
18024
18024
18024
18024
18024
18024
18024
17854
17854
17854
17772
17772
17772
17772
17772
17772
17772
17772
17772
17772
17772
17772
17772
17772
17772
17772
17772
17772
17772
17772
17772
17772
17772
17772
17772
17772
17772
17772
17700
17576
17576
17576
17576
17576
17576
17576
17576
17576
17576
17560
17560
17560
17560
17560
17560
17560
17560
17560
17560
17560
17560
17560
17560
17560
17560
17560
17145.2
17145.2
17145.2
17145.2
17145.2
17145.2
17145.2
17145.2
17145.2
17145.2
17145.2
17145.2
17145.2
17145.2
17145.2
17145.2
17145.2
17145.2
17145.2
17145.2
17145.2
