14076.8
13077.2
12720.4
11437.6
11437.6
9602.8
9602.8
9602.8
9602.8
9602.8
9602.8
9602.8
9602.8
9602.8
9602.8
9602.8
9602.8
9602.8
9602.8
9602.8
9602.8
9602.8
9602.8
9602.8
9602.8
9602.8
9602.8
9602.8
9602.8
9602.8
9602.8
9602.8
9602.8
9602.8
9602.8
9602.8
9602.8
9602.8
9602.8
9602.8
9602.8
9602.8
9602.8
9602.8
9602.8
9602.8
9602.8
9602.8
9602.8
9602.8
9602.8
9602.8
9602.8
9602.8
9602.8
9602.8
9602.8
9602.8
9602.8
9602.8
9602.8
9602.8
9602.8
9602.8
9602.8
9602.8
9602.8
9602.8
9602.8
9602.8
9602.8
9602.8
9602.8
9602.8
9602.8
9602.8
9602.8
9602.8
9602.8
9602.8
9602.8
9602.8
9602.8
9602.8
9602.8
9602.8
9602.8
9602.8
9602.8
9602.8
9602.8
9602.8
9602.8
9602.8
9602.8
9602.8
9602.8
9602.8
9602.8
9602.8
