21368.8
21368.8
21368.8
21368.8
20351.6
20351.6
20351.6
20351.6
20351.6
20351.6
20351.6
19232
19207.6
19207.6
19207.6
19207.6
19207.6
18784.4
18784.4
18784.4
18784.4
18226.4
18226.4
18226.4
18226.4
18226.4
18226.4
18226.4
18226.4
18226.4
18226.4
18160.4
18160.4
18042.4
18042.4
18042.4
18042.4
17910.4
17910.4
17888.8
17888.8
17888.8
17880.4
17300.4
17300.4
17300.4
17300.4
17300.4
17300.4
17300.4
17300.4
17300.4
17050.8
17050.8
17050.8
17050.8
17050.8
17050.8
17050.8
17050.8
17050.8
17050.8
17050.8
17050.8
17050.8
17050.8
17050.8
17050.8
17050.8
17050.8
17050.8
17050.8
17050.8
17050.8
17050.8
17050.8
16932.8
16932.8
16932.8
16932.8
16932.8
16932.8
16932.8
16932.8
16932.8
16932.8
16932.8
16932.8
16932.8
16932.8
16932.8
16932.8
16932.8
16932.8
16932.8
16932.8
16932.8
16932.8
16898.8
16898.8
