17506.4
15174
13156.4
12570.4
12460.4
12197.6
12014.4
12014.4
12014.4
11832.4
11832.4
11832.4
11832.4
11832.4
11832.4
11828.4
11828.4
11828.4
11828.4
11828.4
11828.4
11828.4
11828.4
11828.4
11828.4
11828.4
11828.4
11828.4
11634.4
11634.4
11634.4
11554.4
11554.4
11554.4
11554.4
11554.4
11554.4
11554.4
11554.4
11554.4
11554.4
11554.4
11554.4
11554.4
11554.4
11554.4
11554.4
11554.4
11554.4
11554.4
11554.4
11554.4
11554.4
11554.4
11554.4
11554.4
11554.4
11554.4
11554.4
11554.4
11554.4
11554.4
11554.4
11554.4
11554.4
11554.4
11554.4
11554.4
11554.4
11554.4
11554.4
11554.4
11554.4
11554.4
11554.4
11554.4
11554.4
11554.4
11554.4
11554.4
11554.4
11554.4
11554.4
11554.4
11554.4
11554.4
11554.4
11554.4
11554.4
11554.4
11554.4
11554.4
11554.4
11554.4
11554.4
11554.4
11554.4
11554.4
11554.4
11554.4
