18470
18470
17246
17246
17246
17246
15962.8
15962.8
15904.8
15904.8
15904.8
15904.8
15904.8
15904.8
14444.8
14444.8
14057.6
14057.6
14057.6
14026.4
14026.4
14026.4
13588.8
13588.8
13588.8
11442.8
11442.8
11442.8
11442.8
11442.8
11442.8
11442.8
11442.8
11442.8
11442.8
11442.8
11442.8
11442.8
11442.8
11442.8
11442.8
11442.8
11442.8
11442.8
11442.8
11442.8
11442.8
11442.8
11442.8
11442.8
11442.8
11442.8
11442.8
11442.8
11442.8
11442.8
11442.8
11442.8
11442.8
11442.8
11442.8
11442.8
11442.8
11442.8
11442.8
11442.8
11442.8
11442.8
11442.8
11442.8
11442.8
11442.8
11442.8
11442.8
11442.8
11442.8
11442.8
11442.8
11442.8
11442.8
11442.8
11442.8
11442.8
11442.8
11442.8
11442.8
11442.8
11442.8
11442.8
11442.8
11442.8
11442.8
11442.8
11442.8
11442.8
11442.8
11442.8
11442.8
11442.8
11442.8
