12175.6
12104.4
12104.4
12104.4
12104.4
11149.2
11149.2
11149.2
11056.4
11056.4
11056.4
11056.4
11056.4
11056.4
10391.2
10391.2
10391.2
10391.2
10391.2
10391.2
9932.4
9932.4
9428
9428
9428
9428
9428
9428
9428
9428
9428
9428
9428
9292
9292
9292
9292
9292
9292
9292
9292
9292
9292
9292
9292
9292
9292
9292
9292
9292
9292
9172.8
8934.8
8934.8
8934.8
8934.8
8934.8
8934.8
8934.8
8814.8
8814.8
8814.8
8814.8
8188.8
8188.8
8188.8
8188.8
8188.8
8188.8
8188.8
8188.8
8188.8
8188.8
8188.8
8188.8
8188.8
8188.8
8188.8
8188.8
8188.8
8188.8
7947.6
7947.6
7947.6
7947.6
7947.6
7947.6
7947.6
7947.6
7947.6
7947.6
7947.6
7947.6
7947.6
7947.6
7947.6
7947.6
7944.8
7944.8
7944.8
