11588
10501.2
9755.2
9102
9102
8906
8870
8870
8870
8870
8730
8352
8280
7998
7998
7998
7998
7998
7858
7858
7858
7858
7858
7858
7846
7846
7846
7846
7846
7846
7846
7846
7846
7846
7846
7846
7846
7846
7846
7846
7846
7846
7846
7846
7846
7846
7846
7846
7846
7846
7846
7846
7846
7794
7794
7680
7680
7680
7680
7680
7680
7680
7680
7680
7680
7680
7680
7680
7680
7680
7680
7680
7680
7680
7680
7680
7680
7680
7680
7680
7680
7680
7680
7680
7680
7680
7680
7680
7680
7680
7680
7680
7680
7680
7680
7680
7680
7680
7680
7680
