14724.8
13581.2
13581.2
13581.2
13311.2
13311.2
13311.2
13138.8
12794.8
12732.8
12728.8
12728.8
12728.8
12728.8
12728.8
12728.8
12728.8
12728.8
12426.8
12426.8
12426.8
12426.8
12426.8
12426.8
12426.8
12426.8
12172.8
12034.8
12034.8
12034.8
12034.8
12034.8
12034.8
12034.8
12034.8
12034.8
12034.8
12034.8
12034.8
12034.8
12034.8
12034.8
12034.8
12034.8
12034.8
12034.8
12034.8
12034.8
12034.8
12034.8
12034.8
12034.8
12034.8
12034.8
12034.8
12034.8
12034.8
12034.8
12034.8
12034.8
12034.8
12034.8
12034.8
12034.8
12034.8
12034.8
12034.8
12034.8
12034.8
12034.8
12034.8
12034.8
12034.8
12034.8
12034.8
12034.8
12034.8
12034.8
12034.8
12034.8
12034.8
12034.8
12034.8
12034.8
12034.8
12034.8
11600.8
11600.8
11600.8
11288.8
11288.8
11288.8
11262.8
11262.8
10988.8
10988.8
10988.8
10988.8
10988.8
10988.8
