15954
15954
15225.6
15086.4
15086.4
15086.4
14786.4
14748.4
14748.4
14748.4
14458.4
14458.4
14458.4
14458.4
14458.4
14302.4
14302.4
14302.4
14146.4
14146.4
14040.4
14040.4
14040.4
14040.4
13826.4
13826.4
13826.4
13826.4
13826.4
13826.4
13826.4
13826.4
13826.4
13826.4
13826.4
13820.4
13820.4
13794.4
13794.4
13794.4
13794.4
13794.4
13794.4
13794.4
13794.4
13794.4
13794.4
13794.4
13794.4
13794.4
13794.4
13794.4
13794.4
13794.4
13794.4
13794.4
13794.4
13794.4
13794.4
13794.4
13794.4
13794.4
13794.4
13794.4
13794.4
13794.4
13794.4
13794.4
13794.4
13794.4
13794.4
13794.4
13794.4
13794.4
13794.4
13794.4
13794.4
13794.4
13794.4
13794.4
13794.4
13794.4
13794.4
13794.4
13794.4
13794.4
13794.4
13794.4
13794.4
13753.2
13753.2
13753.2
13753.2
13753.2
13753.2
13753.2
13753.2
13753.2
13753.2
13753.2
