25388.8
20977.6
18171.2
18171.2
15669.6
15669.6
15669.6
15669.6
15669.6
15669.6
15669.6
15669.6
15205.2
15017.6
15017.6
15017.6
15017.6
15017.6
15017.6
13589.2
13589.2
13589.2
13589.2
13589.2
13589.2
13589.2
13589.2
9834.4
9834.4
9834.4
9829.2
9829.2
9829.2
9829.2
9829.2
9829.2
9829.2
9829.2
9829.2
9829.2
9829.2
9829.2
9829.2
9829.2
9829.2
9829.2
9829.2
9829.2
9829.2
9829.2
9829.2
9829.2
9829.2
9829.2
9829.2
9829.2
9829.2
9829.2
9829.2
9829.2
9829.2
9829.2
9829.2
9829.2
9829.2
9734
9506
9506
9506
9506
9506
9506
9506
9240.8
9238.8
9238.8
9107.2
9107.2
9107.2
9107.2
9107.2
9107.2
9107.2
8578
8578
8578
8258.8
8258.8
8258.8
8258.8
8258.8
8258.8
7877.2
7877.2
7875.2
7875.2
7875.2
7650.4
7650.4
7650.4
