23339.6
21303.6
19800
19424.8
18368
18206
18206
18017.2
17338
17338
16862.8
16673.2
16194
16194
16191.6
16096
16096
15512.8
15457.6
15355.6
15355.6
15355.6
14532
14519.2
14519.2
14519.2
14519.2
14400
14400
14330
14328.8
13951.6
13132
13132
13096
13096
13096
13096
13096
13096
13096
13096
13096
13040
12479.6
12317.6
11975.2
11817.2
11804.4
11804.4
11804.4
11804.4
11804.4
11804.4
11804.4
11804.4
11804.4
11804.4
11804.4
11804.4
11804.4
11804.4
11804.4
11804.4
11770.4
11698.4
11520.4
11520.4
11520.4
11520.4
11520.4
11520.4
11520.4
11514.4
11514.4
11508.4
11508.4
11508.4
11508.4
11508.4
11508.4
11508.4
11508.4
11494.4
11494.4
11494.4
11494.4
11494.4
11494.4
11494.4
11494.4
11494.4
11494.4
11494.4
11494.4
11494.4
11494.4
11494.4
11494.4
11494.4
