32504.4
29365.6
28574.4
26506
26506
26188
25938
25600
25600
25244
25244
25244
25228
25228
25084
24974
24974
24974
24974
24922
24922
24922
23658.4
23658.4
23658.4
23422.4
23422.4
23422.4
23141.6
22483.6
21992.4
21992.4
21695.6
21445.2
21445.2
21445.2
21283.2
21270.4
21270.4
21270.4
20990
20820.4
20820.4
20820.4
20820.4
20346.4
20346.4
20346.4
20346.4
20346.4
20346.4
20265.6
20265.6
20219.6
20219.6
20219.6
20219.6
20219.6
20219.6
19892.8
19892.8
19760.4
19760.4
19760.4
19624.4
19624.4
19624.4
19624.4
19541.6
19541.6
19541.6
19541.6
19541.6
19541.6
19541.6
19541.6
19541.6
19541.6
19541.6
19541.6
19541.6
19541.6
19541.6
19541.6
19541.6
19541.6
19541.6
19541.6
19541.6
19541.6
19541.6
19541.6
19541.6
19541.6
19541.6
19541.6
19541.6
19541.6
19541.6
19541.6
