32818.4
29397.2
29397.2
28936.8
28936.8
28936.8
28936.8
28936.8
28852
26354.8
26354.8
26068.8
25722
22777.6
22777.6
22777.6
22777.6
22777.6
22777.6
22777.6
22777.6
22777.6
22777.6
22777.6
22777.6
22777.6
22777.6
22777.6
22777.6
22777.6
22777.6
22777.6
22777.6
22777.6
21673.6
21673.6
21673.6
21673.6
21673.6
21673.6
21673.6
21673.6
21540.4
21540.4
21540.4
21540.4
21540.4
21540.4
21540.4
20789.6
20789.6
20789.6
20789.6
20789.6
20789.6
20789.6
20789.6
20789.6
20789.6
20789.6
20789.6
20789.6
20789.6
20789.6
20789.6
20789.6
20789.6
20789.6
20789.6
20789.6
20775.6
20775.6
20775.6
20613.2
20613.2
20613.2
20613.2
20044.4
20044.4
20044.4
20044.4
20044.4
20044.4
20044.4
20044.4
20044.4
20044.4
20044.4
20044.4
20044.4
20044.4
20044.4
20044.4
20044.4
20044.4
20044.4
20044.4
20044.4
19976.8
19976.8
