20211.6
18038
18038
18038
18038
17111.2
17111.2
17111.2
17111.2
17111.2
17111.2
17111.2
15782.8
14534.8
14242.4
13518.8
13518.8
13242.8
13242.8
13242.8
13242.8
13242.8
12642.8
12642.8
12642.8
12642.8
11522.4
11522.4
11522.4
11522.4
11202.4
11202.4
11202.4
10972
10972
10972
10972
10896.4
10850.4
10850.4
10838.4
10838.4
10811.2
10811.2
10811.2
10749.2
10749.2
10749.2
10749.2
10749.2
10749.2
10611.2
10611.2
10611.2
10611.2
10611.2
10611.2
10611.2
10611.2
10515.2
10497.2
10497.2
10497.2
10497.2
10497.2
10497.2
10491.2
10491.2
10491.2
10367.2
10367.2
10367.2
10367.2
10367.2
10365.2
10365.2
10365.2
10365.2
10363.2
10363.2
10363.2
10363.2
10259.2
10259.2
10259.2
10253.2
10253.2
10253.2
10253.2
10253.2
10253.2
10253.2
10157.2
10157.2
10157.2
10157.2
10157.2
10157.2
10157.2
10157.2
