32317.2
27595.6
27553.6
27379.6
27379.6
27379.6
27379.6
27379.6
27379.6
27379.6
27379.6
27379.6
26715.6
26127.6
26127.6
26127.6
26127.6
26127.6
26127.6
26127.6
26127.6
26127.6
26127.6
26127.6
26127.6
26121.6
26121.6
26121.6
25559.6
25559.6
25559.6
25559.6
24725.2
24725.2
24725.2
24725.2
24725.2
24725.2
24725.2
24725.2
24725.2
24725.2
24397.2
24209.2
24209.2
24096
24096
24096
24096
24096
24096
24003.2
23779.2
23779.2
23445.6
23445.6
23445.6
23445.6
23445.6
23445.6
23445.6
23445.6
23445.6
23445.6
23445.6
23445.6
23445.6
23221.6
22665.6
22665.6
22413.6
22178.8
22178.8
22178.8
22178.8
22178.8
21530.8
20814.8
20814.8
20810.8
20810.8
20798.8
20798.8
20798.8
20798.8
20798.8
20798.8
20798.8
20798.8
20798.8
20798.8
20754.8
20754.8
20754.8
20754.8
20754.8
20754.8
20754.8
20754.8
20754.8
