17362.4
13445.2
13152
12287.2
12275.2
12105.6
11747.2
10762.4
10465.6
10465.6
10412
10345.6
10201.6
10019.6
10005.6
10005.6
10005.6
9957.6
9957.6
9941.6
9941.6
9941.6
9941.6
9941.6
9941.6
9941.6
9941.6
9941.6
9941.6
9941.6
9941.6
9941.6
9941.6
9941.6
9941.6
9941.6
9941.6
9941.6
9841.6
9841.6
9827.6
9827.6
9827.6
9827.6
9827.6
9827.6
9827.6
9827.6
9825.6
9825.6
9825.6
9825.6
9825.6
9825.6
9825.6
9825.6
9825.6
9825.6
9825.6
9825.6
9825.6
9825.6
9825.6
9825.6
9809.6
9809.6
9809.6
9809.6
9809.6
9809.6
9809.6
9809.6
9809.6
9809.6
9809.6
9809.6
9809.6
9809.6
9809.6
9809.6
9809.6
9809.6
9809.6
9809.6
9809.6
9809.6
9809.6
9809.6
9809.6
9809.6
9809.6
9809.6
9809.6
9809.6
9809.6
9809.6
9809.6
9809.6
9809.6
9809.6
