23822
22574
14467.6
13647.2
13083.2
13039.2
12776.8
12776.8
12648.4
12144.4
12144.4
11892.4
11892.4
11892.4
11892.4
11770
11770
11770
11770
11770
11770
11770
11770
11770
11770
11770
11770
11770
11770
11770
11770
11770
11770
11770
11770
11770
11770
11770
11770
11770
11770
11770
11770
11770
11770
11770
11770
11770
11770
11770
11770
11770
11770
11770
11770
11770
11770
11770
11770
11770
11770
11770
11770
11770
11770
11770
11770
11770
11770
11770
11770
11770
11770
11770
11770
11770
11770
11770
11770
11770
11770
11770
11770
11770
11770
11770
11770
11770
11770
11770
11770
11770
11770
11770
11770
11770
11770
11770
11770
11770
