27728.4
24620.4
24620.4
23975.2
23245.2
22410
22410
21760.4
21760.4
21760.4
21258.4
21258.4
21164.4
20978.4
20978.4
20978.4
20978.4
20978.4
20618.8
20618.8
19070.4
19070.4
18815.2
18815.2
18332.4
18332.4
18332.4
18328.4
18328.4
17405.6
17405.6
17405.6
17405.6
17405.6
17405.6
17405.6
17403.6
17403.6
17403.6
17403.6
17025.6
17025.6
17025.6
17025.6
16897.6
16897.6
16897.6
16897.6
16897.6
16875.6
16735.6
16735.6
16735.6
16735.6
16717.6
16426.8
16426.8
16426.8
16426.8
16426.8
16426.8
16426.8
16426.8
16426.8
16426.8
16426.8
16426.8
16426.8
16426.8
16420.8
16420.8
16420.8
16420.8
16420.8
16420.8
16420.8
16420.8
16420.8
16352.8
16352.8
16352.8
16352.8
16307.2
16213.2
16213.2
16213.2
16213.2
16139.6
16139.6
16139.6
16103.6
16103.6
16103.6
16103.6
16097.6
16097.6
16074.8
16074.8
15890.8
15890.8
