20589.6
10103.6
10103.6
10103.6
10103.6
10103.6
10103.6
10103.6
10103.6
10103.6
10103.6
10103.6
10103.6
10103.6
10103.6
10103.6
10103.6
10103.6
10103.6
10103.6
10103.6
10103.6
10103.6
10103.6
10103.6
10103.6
10103.6
10103.6
10103.6
10103.6
10103.6
10103.6
10103.6
10103.6
10103.6
10103.6
10103.6
10103.6
10103.6
10103.6
10103.6
10103.6
10103.6
10103.6
10103.6
10103.6
10103.6
10103.6
10103.6
10103.6
10103.6
10103.6
10103.6
10103.6
10103.6
10103.6
10103.6
10103.6
10103.6
10103.6
10103.6
10103.6
10103.6
10103.6
10103.6
10103.6
10103.6
10103.6
10103.6
10103.6
10103.6
10103.6
10103.6
10103.6
10103.6
10103.6
10103.6
10103.6
10103.6
10103.6
10103.6
10103.6
10103.6
10103.6
10103.6
10103.6
10103.6
10103.6
10103.6
10103.6
10103.6
10103.6
10103.6
10103.6
10103.6
10103.6
10103.6
10103.6
10103.6
10103.6
