21675.2
19387.2
18778.8
17154.8
17123.6
16946.4
15490
15390.4
15390.4
15340
15330
13472.8
13440.8
13003.6
13003.6
13003.6
12273.6
12273.6
12219.6
12219.6
12018.8
12018.8
11941.6
11941.6
11941.6
11941.6
11941.6
11941.6
11941.6
11872
11872
11862
11862
11862
11862
11862
11726.4
11726.4
11602.4
11602.4
11602.4
11602.4
11602.4
11602.4
11602.4
11602.4
11516.4
11516.4
11516.4
11516.4
11516.4
11516.4
11516.4
11516.4
11100.4
11100.4
11100.4
11100.4
11100.4
11100.4
11100.4
11100.4
11100.4
11050.4
11050.4
11050.4
11050.4
11038.4
11038.4
11038.4
11038.4
11038.4
11038.4
11020.4
11020.4
11020.4
11020.4
11020.4
11020.4
11020.4
11020.4
11020.4
11020.4
11020.4
11020.4
11020.4
11020.4
11020.4
11020.4
11020.4
11020.4
11020.4
11020.4
11020.4
11020.4
11020.4
11020.4
11020.4
11020.4
11020.4
