12635.2
12635.2
12632.8
11182
11072
11072
11072
11072
10866
10728.8
10651.2
9682.4
9680.4
9605.2
9362.8
9348.8
9348.8
9348.8
9124.8
9124.8
9102.8
9102.8
8811.2
8811.2
8779.2
8779.2
8779.2
8779.2
8779.2
8779.2
8779.2
8779.2
8779.2
8779.2
8779.2
8779.2
8779.2
8779.2
8779.2
8779.2
8779.2
8779.2
8779.2
8779.2
8779.2
8779.2
8648.4
8648.4
8648.4
8648.4
8648.4
8648.4
8648.4
8648.4
8559.6
8559.6
8559.6
8559.6
8559.6
8559.6
8559.6
8559.6
8559.6
8559.6
8559.6
8559.6
8559.6
8559.6
8559.6
8559.6
8559.6
8559.6
8559.6
8559.6
8559.6
8559.6
8559.6
8559.6
8559.6
8559.6
8559.6
8559.6
8559.6
8559.6
8559.6
8559.6
8559.6
8559.6
8559.6
8515.6
8515.6
8515.6
8515.6
8515.6
8515.6
8515.6
8515.6
8515.6
8515.6
8408.4
