29833.2
26978.8
23640.4
23390.4
23390.4
23390.4
23390.4
23390.4
23390.4
20775.2
20775.2
17998.4
17998.4
17998.4
17998.4
17998.4
17998.4
17998.4
17998.4
17998.4
17998.4
17998.4
17998.4
17998.4
17998.4
17998.4
17998.4
17998.4
17998.4
17998.4
17998.4
17998.4
17930
17930
17930
17257.2
16511.6
16511.6
16511.6
16511.6
16511.6
16511.6
16511.6
16511.6
16418.8
16418.8
16418.8
16238.8
16232.8
16232.8
16211.2
16211.2
16211.2
16211.2
15940.4
15940.4
15940.4
15940.4
15940.4
15940.4
15940.4
15940.4
15940.4
15940.4
15940.4
15940.4
15940.4
15940.4
15940.4
15940.4
15940.4
15940.4
15940.4
15940.4
15940.4
15940.4
15940.4
15259.2
15259.2
15259.2
15259.2
15259.2
15259.2
15259.2
15259.2
15259.2
15259.2
15259.2
15259.2
15259.2
15259.2
15259.2
15259.2
15259.2
15259.2
15259.2
15171.6
15171.6
15171.6
15171.6
