17972.4
17856.8
17856.8
17856.8
17856.8
17856.8
17856.8
17856.8
17856.8
17856.8
17856.8
17518.4
17442.8
17442.8
17442.8
17442.8
17416
17416
17416
17416
17416
17416
17416
16574.4
16574.4
16574.4
16574.4
16574.4
13833.6
13833.6
13833.6
13833.6
13279.6
12243.2
12243.2
12243.2
11354.8
11354.8
11278.8
11278.8
11278.8
11278.8
11278.8
11120.8
11120.8
11120.8
11120.8
11120.8
11120.8
11120.8
11120.8
10780.8
10780.8
10780.8
10780.8
10780.8
10780.8
10780.8
10780.8
10780.8
10780.8
10780.8
10780.8
10744.8
10744.8
10726.8
10726.8
10726.8
10726.8
10726.8
10726.8
10726.8
10726.8
10720.8
10720.8
10720.8
10624.8
10624.8
10624.8
10624.8
10600.8
10600.8
10600.8
10600.8
10600.8
10576.8
10576.8
10576.8
10576.8
10576.8
10576.8
10576.8
10576.8
10576.8
10576.8
10576.8
10576.8
10576.8
10576.8
10576.8
