33737.6
32550
30204
29608.8
28568.8
28538.8
28538.8
28538.8
28252.8
28230.8
28212.8
28212.8
28212.8
28200.8
28166.8
28086.8
28086.8
28086.8
28074.8
28073.2
28073.2
28073.2
27899.2
27728
27596
26816.4
26702.4
26442.4
26442.4
26442.4
26440.4
26438.4
25609.6
25045.2
24969.2
24368.4
24280.4
23868.8
23868.8
23868.8
23868.8
23710.8
23517.6
23381.6
22599.6
22599.6
22523.6
22433.6
22427.6
22427.6
22427.6
22427.6
22427.6
22427.6
22427.6
22427.6
22427.6
22427.6
22427.6
22427.6
22427.6
22427.6
22427.6
22427.6
22353.6
22353.6
22353.6
22353.6
22353.6
22353.6
22329.6
22101.6
22101.6
22101.6
22101.6
22101.6
22101.6
22101.6
22101.6
22101.6
22101.6
22101.6
22101.6
22101.6
22101.6
22101.6
22101.6
22101.6
22101.6
22101.6
22101.6
22101.6
22101.6
22101.6
22101.6
22101.6
22101.6
22101.6
22101.6
22101.6
