32654.4
32654.4
32621.6
32070.8
32070.8
32070.8
32070.8
32070.8
32070.8
32070.8
32029.2
31855.2
31855.2
31855.2
31855.2
31635.2
31312.4
30798.4
29515.2
29515.2
29515.2
29403.2
29004
27966.4
27966.4
27944.4
27944.4
27944.4
27944.4
26582.4
26582.4
26438.4
26438.4
26438.4
26438.4
26438.4
26414.4
26414.4
26414.4
26414.4
26414.4
26414.4
26414.4
26414.4
26414.4
26292.4
26292.4
26292.4
26238.4
26238.4
26238.4
26238.4
26238.4
26238.4
25211.2
25211.2
25211.2
25211.2
25211.2
25169.2
25169.2
24910.8
24910.8
24910.8
24910.8
24910.8
24910.8
24910.8
24910.8
24910.8
24910.8
24692.8
24641.2
24567.2
24567.2
24567.2
24512
24512
24512
24512
24512
24512
24512
24512
24512
24512
24512
24512
24384.8
24384.8
24384.8
24384.8
24384.8
24384.8
24384.8
24384.8
24384.8
24384.8
24384.8
24384.8
24384.8
