36029.6
31598
31334
31334
31334
31334
29480.4
28562.4
28562.4
28562.4
28562.4
25875.2
25875.2
25875.2
25875.2
25875.2
25875.2
25875.2
25875.2
25875.2
25875.2
25624.8
25624.8
24528.4
24528.4
23396.4
23396.4
23396.4
22973.2
22973.2
22973.2
22973.2
22973.2
22718.8
22252.8
22252.8
22252.8
22252.8
22252.8
22252.8
22252.8
22252.8
22003.2
22003.2
22003.2
22003.2
21067.2
21067.2
21067.2
21067.2
21067.2
21067.2
21067.2
21067.2
21067.2
21067.2
21067.2
21067.2
21067.2
21067.2
21067.2
21067.2
21067.2
20802.8
20802.8
20802.8
20802.8
20802.8
20802.8
20802.8
20802.8
20802.8
20802.8
20802.8
20802.8
20802.8
20802.8
20802.8
20802.8
20802.8
20802.8
20802.8
20802.8
20802.8
20802.8
20802.8
20802.8
20802.8
20802.8
20802.8
20802.8
20802.8
20802.8
20802.8
20642.8
20642.8
20642.8
20642.8
20642.8
20642.8
