118454
118454
118454
118454
118116
118116
117317
117317
117317
115038
115038
107269
107269
107269
107269
107269
107269
106134
106134
106134
106134
106134
106134
106134
106134
106134
105233
105233
105233
105233
105233
98996
98996
98996
98662.4
98662.4
98662.4
98629.6
98629.6
98629.6
98629.6
98629.6
98629.6
98629.6
98629.6
98629.6
98629.6
98629.6
98629.6
98629.6
98629.6
98629.6
98629.6
98629.6
97802.8
97802.8
97802.8
97802.8
97802.8
97510
97510
97422.4
96900.8
96900.8
96900.8
96900.8
96900.8
96900.8
96900.8
96900.8
96900.8
96900.8
96900.8
96900.8
96900.8
96900.8
96676.8
96676.8
96676.8
96676.8
96676.8
96676.8
96676.8
96676.8
96676.8
96676.8
96676.8
96676.8
96378.8
96378.8
96378.8
96378.8
95947.6
95872.8
95829.6
95829.6
95829.6
95829.6
93077.6
93077.6
