121639
118602
115890
112297
111253
107740
107740
107740
106324
106324
105852
105231
103955
103482
102906
102906
102906
102396
101556
101121
101065
100761
99764.8
99764.8
99764.8
99636.8
99617.2
99297.6
99297.6
99297.6
99297.6
99297.6
99169.6
99169.6
98771.6
98771.6
98771.6
98771.6
98771.6
98691.6
98691.6
98691.6
98691.6
98687.6
98318
98318
98318
98318
98318
96868.4
96868.4
96661.6
96644.8
96464.8
96464.8
96461.6
96461.6
96461.6
96461.6
96461.6
96461.6
96461.6
96461.6
96461.6
96337.6
96337.6
96219.6
96219.6
96219.6
96147.6
96147.6
96147.6
96147.6
96147.6
96147.6
96147.6
96147.6
96147.6
96147.6
96147.6
96147.6
96147.6
96147.6
96147.6
96147.6
96147.6
96147.6
96147.6
96147.6
96147.6
96147.6
96147.6
96147.6
96147.6
96147.6
96147.6
96147.6
96147.6
96147.6
96147.6
