120374
120342
120334
120334
120334
120334
120334
120334
120334
120334
120334
120334
120334
120334
120334
120334
120334
120334
120334
120334
120334
120334
120334
120334
120334
120334
120334
120334
120334
120334
120334
120334
120334
120334
120334
120334
120334
120334
120334
120334
120334
120334
120334
120334
120334
120334
120334
120334
120334
120334
120334
120334
120334
120334
120334
120334
120334
120334
120334
120334
120334
120334
120334
120334
120334
120334
120334
120334
120334
120334
120334
120334
120334
120334
120334
120334
120334
120334
120334
120334
120334
120334
120334
120334
120334
120334
120334
120334
120334
120334
120334
120334
120334
120334
120334
120334
120334
120334
120334
120334
