116042
111207
106828
106328
103072
99796.8
97442.4
97168.4
96741.2
95418.8
92031.2
91874.8
91541.2
91536.8
91167.2
91167.2
91095.2
91095.2
90913.2
90793.2
90793.2
90685.2
90685.2
90625.2
90575.2
90545.2
90545.2
89703.2
89153.2
89153.2
89153.2
89137.2
89137.2
89137.2
88414.4
87528
87185.2
87075.2
85929.6
85929.6
85779.6
85779.6
85173.2
85173.2
85173.2
85165.2
85165.2
85115.2
85115.2
84910
84910
84910
84910
84910
84910
84794
84778
84719.6
84719.6
84616.8
84616.8
84480
84480
84480
84480
84480
84480
84480
84480
84480
84292.8
84272.4
84272.4
80885.2
80563.6
80563.6
80563.6
80563.6
80563.6
80563.6
80563.6
80563.6
80553.6
80553.6
80553.6
80533.6
80533.6
80533.6
80533.6
80410.8
80382.8
80382.8
80382.8
80300
80158
80088
80028
79873.2
79873.2
79862
