118265
115514
113164
112507
112507
111284
111284
111284
111284
111284
111284
110698
107463
107396
107390
107076
107076
105914
105810
104803
104803
104803
104803
104425
104425
104425
104425
104269
104269
104269
104171
103395
103367
103367
103367
103161
102997
102232
102232
102232
102184
102184
102112
102112
102044
102044
101990
101990
100412
100400
100400
100348
100348
100258
100258
100258
100258
100258
100258
98914.8
98914.8
98867.6
98867.6
98867.6
98845.2
98816.4
98804.4
98804.4
98804.4
98804.4
98804.4
98748.4
98748.4
98685.6
98510
98510
98510
98510
98510
98268
98260
98260
98260
98260
98206
98206
98206
98206
98206
94393.6
94195.6
94195.6
94195.6
94059.6
94059.6
93458.4
93426.4
93426.4
93426.4
93333.6
93333.6
