112689
107940
107940
90043.2
90043.2
90043.2
90043.2
90043.2
90043.2
53197.2
53197.2
53197.2
50570
50570
50570
50366
50366
50366
48770
48409.6
48409.6
47680
47680
47680
47680
47680
47680
47680
47434.4
47434.4
46507.2
46507.2
46186
45175.2
45175.2
44248.8
44248.8
44248.8
44248.8
44248.8
43819.2
43693.2
43483.2
43331.2
43023.2
43023.2
43023.2
43023.2
43023.2
43023.2
43023.2
43023.2
42933.2
42933.2
42884
42884
42884
42884
42470.8
42470.8
42470.8
42470.8
42399.2
42399.2
42399.2
42399.2
42399.2
42399.2
42395.2
42395.2
42395.2
42081.2
42081.2
42081.2
42030
42030
42030
42030
42030
42030
41821.6
41821.6
41448.8
41448.8
41448.8
41448.8
41448.8
41448.8
41378.8
41378.8
41378.8
41378.8
41378.8
41378.8
41378.8
41378.8
41378.8
41378.8
41362.8
41362.8
