113890
96077.6
96077.6
96077.6
96077.6
96077.6
96077.6
96077.6
96077.6
96077.6
96077.6
96077.6
96077.6
96077.6
96077.6
96077.6
96077.6
96077.6
96077.6
96077.6
96077.6
96077.6
96077.6
96077.6
96077.6
96077.6
96077.6
96077.6
96077.6
96077.6
96077.6
96077.6
96077.6
96077.6
96077.6
96077.6
95912.8
95912.8
94791.2
94791.2
94791.2
94791.2
88672.4
88672.4
88646.4
87100.4
87100.4
87100.4
86634.4
86634.4
86346.4
86346.4
86346.4
86346.4
83192
83192
83192
81319.2
81319.2
81319.2
81319.2
81319.2
81319.2
81319.2
81319.2
81319.2
81319.2
81319.2
81319.2
81319.2
81319.2
81319.2
81319.2
81319.2
80208
80208
80208
80208
80208
80208
80208
80208
79492.4
79492.4
79492.4
79492.4
79426.4
79426.4
79426.4
78894.4
78894.4
78599.6
78599.6
78599.6
78599.6
78599.6
78599.6
78599.6
78599.6
78597.6
