6308
4696.8
4638.8
4638.8
4186.8
4186.8
4186.8
4186.8
4186.8
4186.8
4186.8
4186.8
4186.8
4186.8
4180.8
4180.8
4180.8
4180.8
4180.8
4180.8
4180.8
4180.8
4180.8
4180.8
4180.8
4180.8
4180.8
4180.8
4180.8
4180.8
4180.8
4180.8
4180.8
4180.8
4180.8
4180.8
4180.8
4180.8
4180.8
4180.8
4180.8
4180.8
4180.8
4180.8
4180.8
4180.8
4180.8
4180.8
4180.8
4180.8
4180.8
4180.8
4180.8
4180.8
4180.8
4180.8
4180.8
4180.8
4180.8
4180.8
4180.8
4180.8
4180.8
4180.8
4180.8
4180.8
4180.8
4180.8
4180.8
4180.8
4180.8
4180.8
4180.8
4180.8
4180.8
4180.8
4180.8
4180.8
4180.8
4180.8
4180.8
4180.8
4180.8
4180.8
4180.8
4180.8
4180.8
4180.8
4180.8
4180.8
4180.8
4180.8
4180.8
4180.8
4180.8
4180.8
4180.8
4180.8
4180.8
4180.8
