6824.4
6824.4
6752.4
6154
5477.2
5477.2
5187.6
4725.6
4667.6
4667.6
4667.6
4667.6
4657.6
4657.6
4623.6
4623.6
4623.6
4623.6
4623.6
4623.6
4623.6
4623.6
4623.6
4623.6
4623.6
4623.6
4623.6
4534.8
4534.8
4534.8
4534.8
4534.8
4534.8
4534.8
4534.8
4440.8
4440.8
4440.8
4346.8
4346.8
4346.8
4346.8
4346.8
4346.8
4346.8
4346.8
4346.8
4346.8
4346.8
4346.8
4346.8
4346.8
4346.8
4346.8
4346.8
4346.8
4346.8
4346.8
4346.8
4346.8
4346.8
4346.8
4346.8
4346.8
4346.8
4346.8
4346.8
4346.8
4346.8
4346.8
4346.8
4346.8
4346.8
4346.8
4346.8
4346.8
4346.8
4346.8
4346.8
4346.8
4346.8
4346.8
4346.8
4346.8
4252.8
4252.8
4252.8
4252.8
4252.8
4252.8
4252.8
4252.8
4252.8
4252.8
4252.8
4252.8
4252.8
4252.8
4252.8
4252.8
