8351.6
8351.6
8351.6
7979.6
7082.8
6692.8
6692.8
6692.8
6692.8
6692.8
6692.8
6692.8
6692.8
6692.8
6692.8
6692.8
6692.8
6692.8
6692.8
6692.8
6692.8
6692.8
6692.8
6692.8
6692.8
6692.8
6692.8
6692.8
6692.8
6692.8
6692.8
6692.8
6692.8
6692.8
6692.8
6692.8
6692.8
6692.8
6692.8
6692.8
6692.8
6692.8
6692.8
6692.8
6692.8
6692.8
6692.8
6692.8
6692.8
6692.8
6692.8
6692.8
6610.8
6610.8
6470.8
6470.8
6470.8
6422.8
6422.8
6400.8
6322.8
6082.8
6082.8
6082.8
6082.8
6082.8
6082.8
6082.8
5806.4
5806.4
5806.4
5806.4
5806.4
5806.4
5806.4
5806.4
5806.4
5806.4
5806.4
5806.4
5806.4
5806.4
5806.4
5806.4
5806.4
5806.4
5806.4
5806.4
5806.4
5806.4
5806.4
5806.4
5806.4
5806.4
5806.4
5806.4
5806.4
5806.4
5806.4
5806.4
