5242
5242
5148
5148
5148
5148
5148
5148
5148
5110
5110
5110
5110
5110
5110
5110
4942
4932
4932
4932
4932
4932
4932
4932
4932
4932
4932
4932
4932
4932
4926
4926
4926
4700.8
4367.2
4367.2
4304.4
4304.4
4304.4
4304.4
4102.4
4102.4
4102.4
4102.4
3858.4
3816.4
3816.4
3816.4
3816.4
3816.4
3816.4
3816.4
3816.4
3816.4
3816.4
3816.4
3816.4
3816.4
3816.4
3816.4
3816.4
3816.4
3816.4
3816.4
3816.4
3816.4
3816.4
3816.4
3816.4
3816.4
3816.4
3816.4
3816.4
3816.4
3816.4
3816.4
3816.4
3816.4
3816.4
3816.4
3816.4
3816.4
3816.4
3816.4
3816.4
3816.4
3816.4
3816.4
3816.4
3816.4
3816.4
3816.4
3816.4
3816.4
3816.4
3816.4
3816.4
3816.4
3816.4
3816.4
3816.4
