7620.4
7332.4
7332.4
7140
7140
5963.2
5963.2
5963.2
5963.2
5963.2
5887.2
5887.2
5887.2
5557.2
5557.2
5557.2
5502.8
5502.8
5502.8
5502.8
5502.8
5502.8
5502.8
5444.4
5380.8
5380.8
5380.8
5380.8
5188
5188
5188
5188
5188
5154
4980
4980
4980
4980
4908
4908
4908
4908
4908
4908
4908
4908
4908
4482
4482
4482
4482
4482
4482
4482
4482
4482
4482
4482
4482
4468
4468
4468
4468
4468
4302
4302
4302
4302
4094
4094
4094
4094
4094
4094
4094
4094
4094
4094
4094
4094
4094
4094
4094
3983.6
3983.6
3983.6
3983.6
3983.6
3983.6
3592
3592
3592
3592
3592
3592
3592
3592
3592
3592
3592
