6043.6
5328.8
5202.8
5202.8
5194
5194
5122
5122
5122
5122
5122
5122
5122
5122
4892
4847.6
4761.6
4761.6
4761.6
4761.6
4585.6
4585.6
4585.6
4585.6
4585.6
4585.6
4585.6
4585.6
4585.6
4585.6
4585.6
4585.6
4585.6
4585.6
4585.6
4585.6
4511.6
4365.6
4359.6
4359.6
4359.6
4359.6
4359.6
4359.6
4359.6
4359.6
4359.6
4359.6
4359.6
4359.6
4359.6
4359.6
4359.6
4359.6
4359.6
4359.6
4359.6
4359.6
4359.6
4359.6
4359.6
4359.6
4359.6
4359.6
4359.6
4359.6
4359.6
4359.6
4359.6
4359.6
4359.6
4359.6
4359.6
4359.6
4359.6
4359.6
4359.6
4359.6
4359.6
4359.6
4359.6
4359.6
4359.6
4359.6
4359.6
4359.6
4359.6
4359.6
4359.6
4359.6
4359.6
4359.6
4359.6
4359.6
4359.6
4359.6
4359.6
4359.6
4235.6
4227.6
