15378.8
12206.4
11349.6
10469.2
9992.4
9566.4
9196.4
9196.4
8562
8562
8311.6
8311.6
8311.6
8311.6
8311.6
8270
8254.8
8254.8
8254.8
8254.8
8232.8
8232.8
8232.8
8232.8
8232.8
8232.8
8232.8
8232.8
8232.8
8232.8
8232.8
8232.8
8232.8
8232.8
8232.8
8232.8
8232.8
8232.8
8232.8
8232.8
8232.8
8232.8
8232.8
8232.8
8232.8
8232.8
8232.8
8232.8
8232.8
8232.8
8232.8
8232.8
8232.8
8232.8
8232.8
8232.8
8232.8
8232.8
8232.8
8232.8
8232.8
8232.8
8232.8
8232.8
8232.8
8232.8
8232.8
8232.8
8232.8
8232.8
8232.8
8232.8
8232.8
8232.8
8232.8
8232.8
8232.8
8232.8
8232.8
8232.8
8232.8
8232.8
8232.8
8232.8
8232.8
8232.8
8232.8
8232.8
8232.8
8232.8
8232.8
8232.8
8232.8
8232.8
8232.8
8232.8
8232.8
8232.8
8232.8
8232.8
