11799.2
11305.6
11025.6
11025.6
10230.4
10051.6
9534.8
9534.8
9333.6
9095.6
9095.6
9095.6
9095.6
9095.6
9095.6
9095.6
9095.6
9087.6
9087.6
9087.6
9087.6
9087.6
9053.6
9053.6
8941.6
8941.6
8941.6
8941.6
8941.6
8941.6
8941.6
8761.6
8761.6
8761.6
8761.6
8659.6
8659.6
8659.6
8659.6
8659.6
8659.6
8659.6
8651.6
8651.6
8651.6
8651.6
8651.6
8627.6
8627.6
8627.6
8627.6
8627.6
8627.6
8627.6
8627.6
8627.6
8627.6
8362
8362
8362
8362
8362
8362
8362
8362
8362
8362
8362
8338
8338
8338
8338
8338
8338
8279.2
8279.2
8279.2
8279.2
8279.2
8279.2
8279.2
8279.2
8279.2
8279.2
8279.2
8279.2
8279.2
8279.2
8279.2
8279.2
8279.2
8279.2
8279.2
8279.2
8279.2
8279.2
8279.2
8279.2
8279.2
8279.2
8279.2
