12756.8
7986.8
7986.8
7426.4
7426.4
7426.4
7131.2
7131.2
7131.2
6678.4
6678.4
6678.4
6678.4
6678.4
6678.4
5943.6
5857.6
5857.6
5857.6
5857.6
5857.6
5857.6
5857.6
5857.6
5857.6
5857.6
5857.6
5830.4
5830.4
5335.2
5335.2
5335.2
5335.2
4933.6
4933.6
4933.6
4933.6
4933.6
4933.6
4933.6
4933.6
4933.6
4933.6
4933.6
4933.6
4933.6
4933.6
4866.4
4866.4
4866.4
4817.6
4817.6
4817.6
4817.6
4817.6
4817.6
4817.6
4817.6
4817.6
4817.6
4817.6
4817.6
4817.6
4817.6
4817.6
4817.6
4817.6
4813.6
4813.6
4813.6
4813.6
4813.6
4813.6
4751.2
4751.2
4751.2
4751.2
4751.2
4751.2
4745.6
4745.6
4745.6
4745.6
4745.6
4745.6
4745.6
4745.6
4745.6
4745.6
4745.6
4745.6
4745.6
4745.6
4731.6
4731.6
4731.6
4731.6
4731.6
4731.6
4731.6
