8864.8
8864.8
8864.8
8864.8
8864.8
8864.8
8864.8
8864.8
8864.8
8864.8
8864.8
8864.8
8864.8
8864.8
8864.8
8745.6
8745.6
8745.6
8745.6
8745.6
8745.6
8745.6
8745.6
8745.6
8745.6
8745.6
8745.6
8745.6
7960.4
7960.4
7960.4
7823.2
7823.2
7823.2
7823.2
7823.2
7823.2
7269.2
7269.2
7269.2
7269.2
7152.8
7152.8
7152.8
7152.8
7152.8
7152.8
7152.8
7152.8
6882.8
6882.8
6882.8
6882.8
6882.8
6882.8
6376.8
6376.8
6376.8
6376.8
6254.4
6254.4
6254.4
6254.4
6254.4
6254.4
6254.4
6254.4
6254.4
6254.4
6254.4
6254.4
6254.4
6254.4
6222.8
6173.6
6173.6
6173.6
6173.6
5734
5734
5734
5734
5734
5734
5734
5734
5734
5734
5734
5734
5734
5734
5734
5734
5734
5734
5491.2
5491.2
5491.2
5491.2
