12583.2
11956.8
11591.6
11293.6
10783.6
9774.8
9658.8
9518.8
9363.2
9336
9336
9336
9029.6
8943.6
8898.8
8283.6
8127.6
8093.6
7959.2
7883.2
7721.2
7721.2
7673.2
7673.2
7503.6
7359.6
7359.6
7359.6
7164
7164
7164
7164
7144.8
7144.8
7144.8
7144.8
7086.8
7086.8
7058.8
7058.8
6968.4
6968.4
6968.4
6968.4
6968.4
6968.4
6908.4
6811.6
6811.6
6811.6
6811.6
6811.6
6811.6
6811.6
6811.6
6799.6
6799.6
6799.6
6799.6
6799.6
6799.6
6799.6
6799.6
6799.6
6790.4
6683.6
6668.8
6446
6386
6386
6386
6370.4
6370.4
6370.4
6370.4
6370.4
6370.4
6370.4
6370.4
6370.4
6370.4
6370.4
6370.4
6370.4
6370.4
6370.4
6370.4
6370.4
6370.4
6370.4
6370.4
6370.4
6370.4
6370.4
6370.4
6370.4
6370.4
6370.4
6370.4
6340.4
