14242.8
12487.6
8042
8042
8042
8042
8042
8042
7531.6
7531.6
7531.6
7531.6
7531.6
6910.4
6254.4
6254.4
6254.4
6254.4
5728
5628.4
5628.4
5628.4
5628.4
5628.4
5628.4
5628.4
5628.4
5628.4
5628.4
5628.4
5628.4
5628.4
5628.4
5628.4
5628.4
5628.4
5628.4
5628.4
5628.4
5628.4
5628.4
5628.4
5628.4
5628.4
5628.4
5628.4
5628.4
5628.4
5628.4
5628.4
5628.4
5628.4
5628.4
5628.4
5628.4
5628.4
5628.4
5628.4
5628.4
5628.4
5628.4
5628.4
5628.4
5628.4
5628.4
5628.4
5628.4
5628.4
5628.4
5628.4
5628.4
5622.4
5622.4
5622.4
5622.4
5622.4
5622.4
5622.4
5622.4
5622.4
5622.4
5622.4
5622.4
5622.4
5622.4
5386.4
5386.4
5386.4
5386.4
5386.4
5386.4
5386.4
5386.4
5386.4
5386.4
5386.4
5386.4
5386.4
5386.4
5386.4
