9794.8
9794.8
8843.2
8843.2
8843.2
8843.2
8843.2
8843.2
8843.2
8130.4
8130.4
7415.6
7415.6
7415.6
7415.6
7415.6
7415.6
6641.6
6641.6
6641.6
6406.8
6364.8
6015.6
6015.6
6015.6
5916.4
5689.6
5689.6
5689.6
5689.6
5689.6
5689.6
5689.6
5689.6
5689.6
5525.6
5525.6
5525.6
5484
5484
5426
5426
5426
5030
5030
5030
4999.6
4999.6
4999.6
4999.6
4999.6
4999.6
4999.6
4999.6
4877.6
4877.6
4877.6
4877.6
4877.6
4877.6
4877.6
4741.6
4741.6
4741.6
4741.6
4741.6
4741.6
4741.6
4741.6
4741.6
4741.6
4741.6
4741.6
4741.6
4741.6
4741.6
4741.6
4741.6
4741.6
4741.6
4741.6
4726
4726
4726
4726
4726
4726
4726
4726
4726
4726
4726
4726
4726
4681.6
4681.6
4681.6
4681.6
4681.6
4681.6
