10975.2
9964.8
9758.8
9692.8
9654.4
9650
9556
9444
9366.8
9262.8
8754
8685.6
8399.6
8392.4
7981.6
7981.6
7981.6
7981.6
7981.6
7981.6
7981.6
7981.6
7981.6
7981.6
7824
7824
7824
7824
7824
7656
7656
7656
7656
7622.4
7622.4
7622.4
7595.6
7595.6
7595.6
7324.8
7324.8
7324.8
7324.8
7324.8
7308.8
7308.8
7302.8
7302.8
7302.8
6974
6974
6974
6974
6970
6970
6860
6860
6856.8
6856.8
6856.8
6856.8
6856.8
6856.8
6856.8
6856.8
6856.8
6856.8
6856.8
6856.8
6856.8
6856.8
6856.8
6856.8
6856.8
6856.8
6856.8
6856.8
6856.8
6856.8
6856.8
6856.8
6856.8
6856.8
6856.8
6856.8
6856.8
6856.8
6856.8
6856.8
6856.8
6856.8
6856.8
6856.8
6856.8
6856.8
6856.8
6856.8
6856.8
6856.8
6856.8
