4277.2
4263.2
3893.6
3893.6
3893.6
3893.6
3893.2
3893.2
3858.8
3858.8
3460.8
3460.8
3460.8
3460.8
3460.8
3159.2
3159.2
3159.2
3159.2
3159.2
3159.2
3159.2
3138
3135.6
3135.6
3135.6
3135.6
3135.6
3135.6
3135.6
3135.6
3135.6
3075.2
3047.2
3047.2
3047.2
3047.2
3047.2
3047.2
3047.2
3047.2
3047.2
3047.2
3047.2
3022.4
3006.4
3006.4
3006.4
3006.4
2991.2
2991.2
2991.2
2991.2
2991.2
2991.2
2991.2
2991.2
2991.2
2991.2
2991.2
2991.2
2991.2
2991.2
2991.2
2985.6
2985.6
2985.6
2985.6
2985.6
2971.2
2971.2
2971.2
2971.2
2971.2
2971.2
2971.2
2971.2
2971.2
2971.2
2971.2
2971.2
2971.2
2971.2
2971.2
2971.2
2971.2
2971.2
2971.2
2971.2
2971.2
2971.2
2971.2
2971.2
2971.2
2971.2
2945.2
2945.2
2945.2
2945.2
2945.2
