4215.6
3995.6
3377.6
3327.2
3327.2
3262
3145.6
3145.6
3125.6
3051.6
3051.6
2991.6
2991.6
2991.6
2991.6
2991.6
2991.6
2715.6
2715.6
2715.6
2715.6
2715.6
2715.6
2715.6
2715.6
2715.6
2715.6
2715.6
2715.6
2715.6
2715.6
2715.6
2715.6
2715.6
2715.6
2715.6
2617.6
2617.6
2617.6
2617.6
2617.6
2617.6
2617.6
2617.6
2617.6
2617.6
2617.6
2617.6
2617.6
2617.6
2617.6
2617.6
2617.6
2617.6
2617.6
2617.6
2617.6
2617.6
2617.6
2617.6
2617.6
2617.6
2617.6
2617.6
2617.6
2617.6
2617.6
2617.6
2617.6
2617.6
2617.6
2617.6
2617.6
2617.6
2617.6
2617.6
2617.6
2617.6
2617.6
2617.6
2606.8
2606.8
2606.8
2579.6
2579.6
2579.6
2579.6
2579.6
2579.6
2569.6
2569.6
2569.6
2569.6
2569.6
2569.6
2569.6
2569.6
2569.6
2569.6
2569.6
