1811.2
1745.6
1667.6
1663.6
1663.6
1663.6
1663.6
1663.6
1663.6
1585.6
1585.6
1585.6
1585.6
1585.6
1585.6
1585.6
1585.6
1585.6
1585.6
1585.6
1585.6
1585.6
1585.6
1585.6
1585.6
1585.6
1585.6
1585.6
1585.6
1585.6
1585.6
1585.6
1585.6
1585.6
1585.6
1585.6
1585.6
1585.6
1585.6
1585.6
1585.6
1585.6
1585.6
1585.6
1585.6
1585.6
1585.6
1585.6
1585.6
1585.6
1585.6
1585.6
1459.6
1459.6
1459.6
1451.6
1451.6
1451.6
1397.6
1397.6
1397.6
1397.6
1397.6
1397.6
1397.6
1397.6
1397.6
1397.6
1397.6
1397.6
1397.6
1397.6
1397.6
1397.6
1397.6
1397.6
1397.6
1397.6
1397.6
1397.6
1397.6
1397.6
1397.6
1397.6
1397.6
1397.6
1397.6
1397.6
1397.6
1397.6
1397.6
1397.6
1397.6
1397.6
1397.6
1397.6
1397.6
1397.6
1397.6
1397.6
1389.6
