2998
2408
2274.4
2274.4
2274.4
2274.4
2274.4
2274.4
2105.6
1871.2
1871.2
1871.2
1871.2
1871.2
1871.2
1871.2
1871.2
1871.2
1871.2
1871.2
1871.2
1871.2
1871.2
1871.2
1871.2
1871.2
1871.2
1871.2
1871.2
1871.2
1871.2
1871.2
1871.2
1871.2
1871.2
1871.2
1871.2
1871.2
1871.2
1871.2
1871.2
1871.2
1787.6
1715.6
1715.6
1684.4
1684.4
1684.4
1684.4
1684.4
1684.4
1684.4
1684.4
1684.4
1684.4
1684.4
1684.4
1684.4
1684.4
1684.4
1684.4
1684.4
1684.4
1684.4
1684.4
1684.4
1684.4
1684.4
1684.4
1684.4
1684.4
1684.4
1684.4
1684.4
1684.4
1684.4
1684.4
1684.4
1684.4
1684.4
1684.4
1684.4
1684.4
1684.4
1684.4
1684.4
1684.4
1684.4
1684.4
1684.4
1684.4
1684.4
1684.4
1684.4
1684.4
1684.4
1684.4
1684.4
1684.4
1684.4
