2619.2
2048.8
1756
1648.8
1640.8
1640.8
1640.8
1640.8
1640.8
1640.8
1640.8
1640.8
1614.8
1614.8
1614.8
1614.8
1614.8
1556.8
1556.8
1556.8
1556.8
1540
1540
1540
1402
1402
1402
1402
1402
1402
1402
1402
1402
1402
1402
1306
1306
1306
1306
1306
1306
1306
1306
1306
1306
1306
1306
1306
1306
1306
1306
1306
1306
1298
1298
1298
1298
1298
1298
1298
1298
1298
1298
1298
1298
1298
1298
1298
1298
1298
1298
1298
1298
1298
1298
1298
1298
1298
1298
1298
1298
1298
1298
1298
1298
1298
1298
1298
1298
1298
1298
1298
1298
1298
1298
1298
1298
1298
1298
1298
