5150.8
4678.8
4282.8
4282.8
3989.2
3989.2
3989.2
3989.2
3989.2
3989.2
3989.2
3989.2
3989.2
3989.2
3989.2
3989.2
3989.2
3989.2
3989.2
3989.2
3989.2
3989.2
3985.2
3953.2
3810.4
3560.4
3560.4
3560.4
3560.4
3560.4
3560.4
3550.4
3550.4
3550.4
3550.4
3550.4
3550.4
3550.4
3550.4
3550.4
3550.4
3550.4
3550.4
3550.4
3505.2
3229.2
3229.2
3229.2
3229.2
3229.2
3229.2
3229.2
3229.2
3229.2
3229.2
3229.2
3229.2
3229.2
3229.2
3229.2
3229.2
3229.2
3229.2
3229.2
3229.2
3229.2
3229.2
3229.2
3229.2
3229.2
3229.2
3229.2
3229.2
3229.2
3229.2
3229.2
3229.2
3229.2
3229.2
3229.2
3229.2
3229.2
3229.2
3229.2
3229.2
3229.2
3229.2
3229.2
3229.2
3229.2
3229.2
3229.2
3229.2
3229.2
3229.2
3229.2
3229.2
3229.2
3229.2
3229.2
