3269.6
3067.6
2972.4
2886.4
2870.4
2768
2727.6
2663.6
2278
2203.6
2203.6
2058.4
2058.4
2058.4
2026.4
2026.4
2026.4
2026.4
2006.4
2006.4
2006.4
2006.4
2006.4
2006.4
2006.4
2006.4
2006.4
2006.4
2006.4
2006.4
2006.4
2006.4
2006.4
2006.4
2006.4
2006.4
2006.4
2006.4
2006.4
2006.4
2006.4
2006.4
2006.4
2006.4
2006.4
2006.4
2006.4
2006.4
2006.4
2006.4
2006.4
2006.4
2006.4
2006.4
2006.4
2006.4
2006.4
2006.4
2006.4
2006.4
2006.4
2006.4
2006.4
2006.4
2006.4
2006.4
2006.4
2006.4
2006.4
2006.4
2006.4
2006.4
2006.4
2006.4
2006.4
2006.4
2006.4
2006.4
2006.4
2006.4
2006.4
2006.4
2006.4
2006.4
2006.4
2006.4
2006.4
2006.4
2006.4
2006.4
2006.4
2006.4
2006.4
2006.4
2006.4
2006.4
2006.4
2006.4
2006.4
2006.4
