7142
7050.8
4846.8
4846.8
4846.8
4846.8
4846.8
4846.8
4846.8
4846.8
4846.8
4846.8
4616.4
4616.4
4616.4
4616.4
4406
4340
4332.8
4332.8
4141.6
4076
4076
3902.4
3902.4
3902.4
3902.4
3902.4
3902.4
3902.4
3902.4
3902.4
3902.4
3902.4
3902.4
3902.4
3902.4
3902.4
3902.4
3902.4
3902.4
3902.4
3902.4
3902.4
3902.4
3902.4
3902.4
3902.4
3902.4
3902.4
3902.4
3902.4
3902.4
3884
3884
3884
3884
3884
3884
3884
3742.8
3742.8
3588.8
3588.8
3523.2
3475.2
3475.2
3475.2
3475.2
3475.2
3475.2
3475.2
3475.2
3427.2
3427.2
3427.2
3427.2
3427.2
3427.2
3427.2
3427.2
3427.2
3427.2
3427.2
3427.2
3427.2
3427.2
3427.2
3427.2
3427.2
3427.2
3427.2
3427.2
3427.2
3427.2
3427.2
3427.2
3427.2
3427.2
3427.2
