6454
6454
6454
6454
6454
6454
6454
6454
6330
6330
6330
6330
6330
6330
5590.8
5590.8
5590.8
5590.8
5590.8
5560.8
5560.8
5560.8
5560.8
5560.8
5560.8
5231.2
5231.2
5025.6
5025.6
5025.6
4978.8
4888.8
4888.8
4888.8
4888.8
4665.2
4665.2
4665.2
4609.2
4609.2
4445.2
4445.2
4445.2
4138
4138
4138
4138
4138
3951.6
3951.6
3951.6
3951.6
3951.6
3921.2
3921.2
3841.2
3841.2
3841.2
3711.6
3637.6
3637.6
3637.6
3637.6
3637.6
3637.6
3637.6
3637.6
3637.6
3637.6
3637.6
3597.6
3597.6
3597.6
3597.6
3597.6
3597.6
3597.6
3597.6
3597.6
3597.6
3597.6
3597.6
3597.6
3597.6
3597.6
3597.6
3597.6
3597.6
3597.6
3597.6
3597.6
3597.6
3597.6
3597.6
3597.6
3597.6
3597.6
3597.6
3597.6
3597.6
