8232.8
7148
6760.4
6582.4
6582.4
6582.4
6582.4
6001.6
6001.6
6001.6
6001.6
6001.6
5907.6
5796
5697.2
5565.6
5421.6
5421.6
5373.6
5373.6
5373.6
5373.6
5373.6
5283.6
5132
5036
5036
5036
5036
5036
4983.2
4919.2
4826
4478
4478
4326
4152
4152
4134
4132
4132
4132
4132
4132
4132
4132
4132
4132
4132
4132
4132
4112
4112
4112
4112
4112
4062
4062
4062
4062
4062
4062
4060
4060
4060
4060
4060
4060
4060
4060
4060
4060
4060
4060
3900
3900
3900
3900
3900
3900
3900
3900
3900
3900
3846
3846
3846
3846
3846
3846
3846
3846
3846
3846
3841.2
3841.2
3841.2
3841.2
3841.2
3833.2
3833.2
