6811.6
6810.8
6642
6642
6346.4
5523.6
5112
5112
4573.2
4573.2
4573.2
4573.2
4573.2
4573.2
4562
4094.4
4094.4
4094.4
4094.4
4094.4
4094.4
4094.4
4094.4
4094.4
4094.4
4094.4
2770.8
2484
2277.2
2277.2
2277.2
2277.2
2277.2
2277.2
2277.2
2105.2
2105.2
2059.2
2059.2
2059.2
2059.2
2059.2
2059.2
2059.2
2059.2
2059.2
2059.2
2059.2
2059.2
2059.2
2059.2
2059.2
2059.2
2059.2
2059.2
2059.2
2059.2
2059.2
2059.2
2059.2
2059.2
2059.2
2059.2
2059.2
2059.2
2059.2
2059.2
2059.2
2059.2
2059.2
2059.2
2059.2
2059.2
2059.2
2059.2
2059.2
2059.2
2059.2
2059.2
2059.2
2059.2
2059.2
2059.2
2059.2
2059.2
2059.2
2059.2
2059.2
2059.2
2055.2
2055.2
2055.2
2055.2
2055.2
2055.2
2055.2
2055.2
2055.2
2055.2
2055.2
