9278.8
7740.4
7740.4
7472.4
7455.6
7455.6
7455.6
7332
7332
7050
7050
6980
6980
6980
6980
6980
6980
6924
6924
6924
6924
6924
6924
6924
6924
6924
6924
6924
6924
6738.4
6738.4
6738.4
6738.4
6738.4
6738.4
6738.4
6738.4
6738.4
6738.4
6738.4
6738.4
6738.4
6738.4
6738.4
6738.4
6738.4
6738.4
6738.4
6738.4
6738.4
6738.4
6738.4
6738.4
6738.4
6738.4
6738.4
6738.4
6738.4
6738.4
6738.4
6738.4
6738.4
6738.4
6738.4
6738.4
6738.4
6738.4
6738.4
6738.4
6738.4
6738.4
6738.4
6738.4
6738.4
6738.4
6738.4
6738.4
6738.4
6667.6
6667.6
6667.6
6477.2
6058.8
5899.6
5403.6
5403.6
5403.6
5403.6
5401.6
5401.6
5401.6
5401.6
5401.6
5401.6
5401.6
5401.6
5401.6
5401.6
5401.6
5401.6
