7068.8
6659.2
6150
6112
5622
5190.8
5006
4624
4624
4617.2
4617.2
3787.6
3638.8
3638.8
3638.8
3638.8
3638.8
3638.8
3638.8
3638.8
3638.8
3638.8
3638.8
3638.8
3638.8
3638.8
3638.8
3638.8
3638.8
3638.8
3638.8
3638.8
3638.8
3638.8
3638.8
3638.8
3638.8
3638.8
3638.8
3638.8
3638.8
3638.8
3638.8
3619.2
3619.2
3619.2
3619.2
3619.2
3619.2
3619.2
3619.2
3446
3446
3446
3446
3446
3446
3446
3446
3446
3446
3446
3446
3446
3446
3446
3446
3446
3446
3446
3446
3446
3446
3446
3446
3446
3446
3446
3446
3446
3446
3446
3446
3446
3446
3446
3446
3446
3446
3446
3446
3446
3446
3446
3446
3446
3446
3446
3446
3446
