6438.4
6438.4
5774
5774
5544
5000.8
4370
4370
3728.4
3080.8
3080.8
2828.4
2828.4
2828.4
2828.4
2828.4
2548
2548
2548
2548
2548
2548
2396.8
2396.8
2380.8
2380.8
2380.8
2380.8
2380.8
2380.8
2380.8
2380.8
2380.8
2380.8
2380.8
2380.8
2380.8
2380.8
2380.8
2380.8
2380.8
2380.8
2380.8
2380.8
2380.8
2380.8
2380.8
2380.8
2380.8
2380.8
2380.8
2380.8
2380.8
2380.8
2380.8
2380.8
2380.8
2380.8
2380.8
2380.8
2380.8
2380.8
2380.8
2380.8
2380.8
2380.8
2380.8
2380.8
2380.8
2380.8
2380.8
2380.8
2380.8
2380.8
2380.8
2380.8
2380.8
2380.8
2380.8
2380.8
2380.8
2380.8
2380.8
2380.8
2380.8
2380.8
2380.8
2380.8
2380.8
2380.8
2380.8
2380.8
2380.8
2380.8
2380.8
2380.8
2380.8
2380.8
2380.8
2380.8
