9278.4
8653.6
6592.8
6384.8
6206.4
6206.4
6204.4
6192.4
6192.4
5980.4
5915.2
5915.2
5915.2
5669.2
5669.2
5669.2
5659.2
5659.2
5659.2
5659.2
5659.2
5505.2
5505.2
5505.2
5505.2
5505.2
5505.2
5505.2
5505.2
5505.2
5505.2
5505.2
5505.2
5505.2
5249.2
5249.2
5249.2
5249.2
5189.2
5189.2
4991.2
4991.2
4859.2
4859.2
4859.2
4859.2
4859.2
4859.2
4859.2
4855.2
4855.2
4855.2
4855.2
4790.4
4790.4
4790.4
4790.4
4768.4
4768.4
4754.4
4754.4
4754.4
4754.4
4754.4
4744.4
4744.4
4744.4
4744.4
4744.4
4744.4
4744.4
4744.4
4744.4
4744.4
4744.4
4744.4
4744.4
4744.4
4744.4
4744.4
4744.4
4744.4
4744.4
4744.4
4744.4
4676.8
4676.8
4676.8
4676.8
4563.6
4563.6
4515.6
4515.6
4515.6
4515.6
4515.6
4515.6
4515.6
4515.6
4515.6
