10219.2
7315.2
7127.2
6967.2
6967.2
6865.2
6865.2
6865.2
6667.6
6667.6
6667.6
6620.4
6620.4
6530
6474
6474
6474
6474
6474
6474
6474
6474
6474
6474
6474
6474
6474
6474
6474
6474
6474
6474
6474
6474
6474
6474
6474
6474
6474
6474
6474
6474
6474
6474
6474
6399.6
6399.6
6399.6
6399.6
6399.6
6399.6
6399.6
6399.6
6399.6
6399.6
6399.6
6399.6
6198.8
6198.8
6198.8
6198.8
6198.8
6144
6144
6144
6144
6144
6144
6142
6142
6142
6142
6142
6086
6086
6086
5905.2
5905.2
5905.2
5641.2
5641.2
5544.4
5544.4
5544.4
5544.4
5544.4
5544.4
5544.4
5544.4
5544.4
5544.4
5544.4
5544.4
5544.4
5544.4
5544.4
5544.4
5544.4
5544.4
5544.4
5544.4
