16676
13681.2
13392.4
13095.2
13095.2
12539.6
11483.6
11443.6
10707.6
10707.6
10707.6
10702
10702
10604
10604
10334
9908
9908
9567.6
9091.2
8889.2
8877.2
8783.2
8455.2
8440.8
8426.8
8426.8
7898
7898
7898
7898
7836
7836
7836
7836
7836
7836
7834
7834
7834
7834
7834
7834
7834
7801.2
7801.2
7777.6
7777.6
7777.6
7777.6
7777.6
7777.6
7743.6
7719.6
7719.6
7719.6
7719.6
7719.6
7715.6
7715.6
7713.6
7713.6
7713.6
7713.6
7713.6
7713.6
7713.6
7685.6
7685.6
7685.6
7685.6
7685.6
7685.6
7685.6
7685.6
7685.6
7685.6
7685.6
7685.6
7685.6
7685.6
7685.6
7685.6
7685.6
7685.6
7685.6
7685.6
7685.6
7685.6
7685.6
7685.6
7685.6
7685.6
7685.6
7685.6
7685.6
7685.6
7685.6
7685.6
7685.6
