14306.4
14306.4
14306.4
14306.4
14306.4
12671.2
12671.2
12671.2
12671.2
12567.2
12567.2
12270
12270
11856
11856
11856
10912
10912
10912
10912
10912
10912
10912
10912
10912
10912
10742
10724.8
10724.8
10651.2
10651.2
10651.2
10636
10636
10636
10595.6
10532.8
10489.2
10442
10352
10300.4
10300.4
10300.4
10258.4
10258.4
10258.4
10258.4
10185.2
10104
10104
10104
9867.6
9867.6
9867.6
9867.6
9867.6
9867.6
9867.6
9867.6
9867.6
9867.6
9867.6
9867.6
9867.6
9612.4
9612.4
9612.4
9612.4
9496.4
9496.4
9496.4
9496.4
9496.4
9496.4
9496.4
9496.4
9496.4
9496.4
9496.4
9496.4
9418.4
9289.6
9289.6
9289.6
9181.6
9181.6
9181.6
9181.6
9181.6
9181.6
9181.6
9181.6
9181.6
9181.6
9181.6
9181.6
9181.6
8984.4
8984.4
8984.4
