12055.2
11243.6
10941.6
10779.6
10530
10530
10530
10530
10530
10252.4
9989.6
9989.6
9989.6
9678.8
9678.8
9678.8
9678.8
9672.8
9672.8
9672.8
9672.8
9672.8
9672.8
9672.8
9672.8
9572.8
9572.8
9572.8
9572.8
9572.8
9572.8
9572.8
9572.8
9572.8
9572.8
9572.8
9572.8
9570
9570
9570
9147.2
8985.6
8985.6
8564.4
8547.2
8547.2
8547.2
8547.2
8547.2
8547.2
8547.2
8258
8258
8258
8258
8258
8258
8258
8258
8258
8258
8258
8258
8258
8258
8258
8258
8258
8258
8258
8258
8258
8258
8258
8258
8258
8258
8258
8258
8258
8258
8258
8258
8258
8258
8258
8258
8258
8258
8258
8258
8258
8258
8258
8258
8258
8258
8258
8258
8258
