9148
9060.4
9060.4
8841.2
8753.6
8016.8
8016.8
7839.6
7571.6
7551.6
7551.6
7551.6
7551.6
7551.6
7377.6
7377.6
7327.6
7327.6
7327.6
7327.6
7327.6
7327.6
7327.6
7327.6
7327.6
7131.6
6922.4
6462.8
6462.8
6462.8
6462.8
6462.8
6462.8
6462.8
6462.8
6462.8
6462.8
6462.8
6462.8
6462.8
6462.8
6462.8
6462.8
6386.8
6386.8
6386.8
6386.8
6123.2
6071.6
6071.6
6071.6
6071.6
6071.6
6071.6
6071.6
6071.6
6071.6
6071.6
6071.6
6071.6
6071.6
6071.6
6071.6
6071.6
6071.6
6071.6
6071.6
6071.6
6071.6
6071.6
6071.6
6071.6
6071.6
6071.6
6071.6
6071.6
6071.6
6071.6
6071.6
6071.6
6071.6
6071.6
6071.6
6071.6
6071.6
6071.6
6071.6
6050
6050
6050
6050
6050
5770
5770
5770
5586
5586
5586
5586
5586
