6572
6097.6
5669.6
5399.6
4175.6
4175.6
4175.6
4175.6
3897.6
3897.6
3729.6
3729.6
3729.6
3729.6
3729.6
3729.6
3729.6
3729.6
3729.6
3729.6
3729.6
3729.6
3729.6
3729.6
3729.6
3729.6
3729.6
3729.6
3729.6
3729.6
3729.6
3727.6
3727.6
3727.6
3727.6
3727.6
3727.6
3727.6
3727.6
3727.6
3727.6
3727.6
3727.6
3727.6
3727.6
3727.6
3727.6
3727.6
3727.6
3727.6
3727.6
3727.6
3727.6
3727.6
3727.6
3727.6
3727.6
3727.6
3727.6
3727.6
3727.6
3727.6
3727.6
3727.6
3727.6
3727.6
3727.6
3727.6
3727.6
3727.6
3727.6
3592.8
3592.8
3592.8
3592.8
3350.4
3350.4
3292.8
3292.8
3292.8
3292.8
3292.8
3292.8
3292.8
3292.8
3292.8
3292.8
3292.8
3292.8
3292.8
3292.8
3292.8
3292.8
3292.8
3292.8
3292.8
3292.8
3292.8
3292.8
3292.8
