7682.8
7682.8
7682.8
7256.8
7256.8
7256.8
7256.8
7256.8
7256.8
7256.8
7256.8
7256.8
6932.4
6932.4
6932.4
6932.4
6932.4
6932.4
6932.4
6932.4
6932.4
6932.4
6932.4
6932.4
6932.4
6932.4
6932.4
6932.4
6932.4
6932.4
6932.4
6932.4
6836.8
6836.8
6836.8
6836.8
6836.8
6836.8
6761.6
6761.6
6685.2
6685.2
6041.2
6041.2
6041.2
6041.2
6041.2
6041.2
6041.2
6041.2
6041.2
6041.2
6041.2
6041.2
6041.2
6041.2
6041.2
6041.2
6041.2
6041.2
6041.2
6041.2
6041.2
6041.2
6041.2
6041.2
6041.2
6041.2
6041.2
6041.2
6041.2
6041.2
6041.2
6041.2
6041.2
6041.2
6041.2
6041.2
6041.2
6041.2
6041.2
6041.2
6041.2
6041.2
6041.2
6041.2
6041.2
6041.2
6041.2
6041.2
6041.2
6041.2
6041.2
6041.2
6041.2
6041.2
6041.2
6041.2
6041.2
6041.2
