6918
6023.2
5873.2
5873.2
5873.2
5873.2
5447.2
5447.2
5447.2
5447.2
5389.2
5389.2
5389.2
5389.2
5389.2
5389.2
5389.2
5389.2
5389.2
5389.2
5389.2
5389.2
5389.2
5389.2
5096
4528
4528
4522
4522
4522
4522
4522
4522
4522
4522
4522
4522
4522
4522
4522
4522
4522
4522
4522
4522
4522
4522
4522
4522
4522
4522
4522
4522
4522
4522
4522
4522
4522
4522
4522
4522
4522
4522
4522
4522
4522
4370
4370
4122
4122
4016
4016
3948
3948
3948
3948
3948
3948
3948
3948
3948
3948
3948
3948
3948
3948
3948
3948
3948
3948
3948
3948
3948
3948
3948
3948
3948
3948
3948
3948
