6946.4
6849.6
5892
5782
5782
5782
5726
5726
5726
5726
5726
5726
5726
5726
5726
5726
5726
5726
5726
5726
5726
5726
5726
5674
5674
5674
5674
5674
5382
5382
5382
5382
5382
5382
5382
5382
5382
5382
5382
5382
5382
5382
5382
5382
5382
5326.8
5326.8
5326.8
5326.8
5326.8
5326.8
5326.8
5326.8
5326.8
5326.8
5326.8
5326.8
5326.8
5326.8
5326.8
5148.8
5148.8
5148.8
5148.8
5148.8
5148.8
5148.8
5148.8
5148.8
5148.8
5148.8
5148.8
5148.8
5148.8
5148.8
5148.8
5148.8
5132.8
5132.8
5132.8
5014.8
4956.4
4708.8
4338.8
4338.8
4338.8
4338.8
4338.8
4338.8
4338.8
4338.8
4338.8
4338.8
4338.8
4338.8
4338.8
4338.8
4338.8
4338.8
4338.8
