4908.8
4339.2
3509.2
3509.2
3058.8
3058.8
3058.8
3058.8
3058.8
3058.8
3058.8
3058.8
3058.8
3058.8
3058.8
3058.8
3058.8
3058.8
3058.8
3058.8
3058.8
3040
2786.8
2786.8
2786.8
2786.8
2786.8
2786.8
2786.8
2786.8
2719.2
2703.6
2508
2508
2508
2508
2508
2508
2508
2508
2508
2508
2508
2508
2508
2508
2508
2508
2508
2508
2508
2305.6
2305.6
2305.6
2305.6
2305.6
2305.6
2305.6
2305.6
2305.6
2305.6
2305.6
2305.6
2305.6
2305.6
2305.6
2305.6
2305.6
2305.6
2305.6
2305.6
2305.6
2305.6
2305.6
2305.6
2305.6
2301.6
2301.6
2301.6
2301.6
2301.6
2301.6
2301.6
2301.6
2301.6
2301.6
2301.6
2293.6
2293.6
2293.6
2293.6
2293.6
2293.6
2293.6
2261.6
2261.6
2261.6
2261.6
2261.6
2261.6
