5342.8
5342.8
5342.8
4774.4
4358.4
4358.4
4358.4
4330.4
4330.4
4330.4
4330.4
4330.4
4330.4
4330.4
4330.4
4330.4
4330.4
4330.4
4330.4
4330.4
4330.4
4330.4
4330.4
4330.4
4330.4
4330.4
4330.4
4330.4
3914.4
3914.4
3854.4
3780.4
3780.4
3780.4
3780.4
3780.4
3766.4
3766.4
3656.4
3656.4
3652.4
3652.4
3652.4
3652.4
3652.4
3652.4
3652.4
3652.4
3652.4
3652.4
3652.4
3652.4
3652.4
3652.4
3652.4
3652.4
3652.4
3652.4
3652.4
3652.4
3652.4
3652.4
3652.4
3652.4
3652.4
3652.4
3652.4
3652.4
3652.4
3652.4
3652.4
3652.4
3652.4
3652.4
3652.4
3652.4
3652.4
3652.4
3652.4
3652.4
3652.4
3652.4
3652.4
3652.4
3652.4
3652.4
3652.4
3652.4
3652.4
3652.4
3652.4
3652.4
3652.4
3652.4
3652.4
3652.4
3652.4
3652.4
3652.4
3652.4
