9979.6
9665.6
9665.6
9665.6
9665.6
9454.4
9284.4
9284.4
9284.4
9284.4
9284.4
8801.6
8535.2
7408
7408
6442.8
6442.8
6442.8
6442.8
6442.8
6038.8
6038.8
6038.8
5878.8
5878.8
5878.8
5878.8
5878.8
5878.8
5878.8
5878.8
5878.8
5878.8
5878.8
5878.8
5878.8
5878.8
5878.8
5878.8
5878.8
5878.8
5878.8
5878.8
5878.8
5878.8
5878.8
5878.8
5878.8
5878.8
5878.8
5878.8
5878.8
5878.8
5878.8
5878.8
5878.8
5878.8
5878.8
5878.8
5878.8
5878.8
5878.8
5878.8
5878.8
5878.8
5878.8
5878.8
5878.8
5878.8
5878.8
5878.8
5878.8
5878.8
5878.8
5878.8
5878.8
5878.8
5878.8
5878.8
5878.8
5878.8
5878.8
5878.8
5878.8
5878.8
5878.8
5790.8
5790.8
5790.8
5790.8
5790.8
5790.8
5790.8
5790.8
5790.8
5790.8
5790.8
5790.8
5790.8
5790.8
