12210.4
12210.4
12210.4
12210.4
12210.4
12210.4
12210.4
12210.4
12210.4
12210.4
12210.4
12210.4
12210.4
12210.4
12210.4
12210.4
12210.4
12210.4
12210.4
12210.4
12210.4
12210.4
12210.4
12210.4
12210.4
12210.4
12210.4
12210.4
12210.4
12210.4
12210.4
12210.4
12210.4
12210.4
12210.4
12210.4
12210.4
12210.4
12210.4
12210.4
12210.4
12210.4
12210.4
12210.4
12210.4
12210.4
12210.4
12210.4
12210.4
12210.4
12210.4
12210.4
12210.4
12210.4
12210.4
11982
11882
11720.4
11720.4
11534.4
11530.4
11515.2
11388.8
11036.8
10928.8
10928.8
10875.6
10875.6
10871.6
10871.6
10871.6
10871.6
10871.6
10871.6
10871.6
10871.6
10871.6
10871.6
10871.6
10871.6
10871.6
10871.6
10871.6
10871.6
10855.6
10855.6
10855.6
10855.6
10817.6
10817.6
10817.6
10817.6
10817.6
10817.6
10817.6
10817.6
10817.6
10817.6
10817.6
10817.6
