15221.2
15029.2
15007.2
15001.2
15001.2
15001.2
15001.2
15001.2
15001.2
15001.2
15001.2
15001.2
15001.2
15001.2
15001.2
15001.2
15001.2
15001.2
15001.2
15001.2
15001.2
15001.2
15001.2
15001.2
15001.2
15001.2
15001.2
15001.2
15001.2
15001.2
15001.2
15001.2
15001.2
15001.2
15001.2
15001.2
15001.2
15001.2
15001.2
15001.2
15001.2
15001.2
15001.2
15001.2
15001.2
15001.2
15001.2
15001.2
15001.2
15001.2
15001.2
15001.2
15001.2
15001.2
15001.2
15001.2
15001.2
15001.2
15001.2
15001.2
15001.2
15001.2
15001.2
15001.2
15001.2
15001.2
15001.2
15001.2
15001.2
15001.2
15001.2
15001.2
15001.2
15001.2
15001.2
15001.2
15001.2
15001.2
15001.2
15001.2
15001.2
15001.2
15001.2
15001.2
15001.2
15001.2
15001.2
15001.2
15001.2
15001.2
15001.2
15001.2
15001.2
15001.2
15001.2
15001.2
15001.2
15001.2
15001.2
15001.2
