9545.6
9416.8
8363.6
8363.6
8363.6
8363.6
8363.6
8363.6
8179.6
8173.6
8173.6
8173.6
8173.6
8173.6
7608.8
7608.8
7608.8
7560.8
7560.8
7560.8
7560.8
7560.8
7560.8
7560.8
7560.8
7560.8
7560.8
7560.8
7560.8
7184
7184
7144
7144
7144
7144
7144
7144
7144
7144
7144
7144
7144
7144
7144
7144
7080.4
7080.4
7080.4
7080.4
7080.4
7080.4
7080.4
7080.4
7080.4
7080.4
7080.4
7080.4
7080.4
7080.4
7080.4
7080.4
7080.4
7080.4
7080.4
7080.4
7080.4
7080.4
7080.4
7080.4
7080.4
7080.4
7080.4
7080.4
7080.4
7080.4
7080.4
7080.4
7080.4
7080.4
7080.4
7080.4
7080.4
7080.4
7080.4
7080.4
7080.4
7080.4
7080.4
7080.4
7080.4
7080.4
7080.4
7080.4
7080.4
7080.4
7080.4
7080.4
7080.4
7080.4
7080.4
