12704.8
11657.6
11657.6
11323.6
11056.8
11056.8
10861.2
10861.2
10858.8
10605.6
10605.6
9903.6
9903.6
9736.4
9736.4
9736.4
9736.4
9736.4
9736.4
9736.4
9251.2
8770.4
8770.4
8770.4
8770.4
8770.4
8770.4
8770.4
8770.4
8770.4
8152
8152
8152
8152
8123.6
8123.6
8043.6
8043.6
8043.6
8043.6
8043.6
8043.6
8043.6
8033.2
7675.2
7675.2
7521.2
7521.2
7521.2
7521.2
7521.2
7521.2
7521.2
7521.2
7521.2
7521.2
6916.4
6916.4
6860
6860
6674
6674
6674
6674
6674
6674
6674
6674
6674
6674
6674
6674
6674
6674
6674
6674
6674
6674
6674
6674
6674
6674
6674
6674
6674
6580.8
6580.8
6580.8
6580.8
6580.8
6580.8
6580.8
6502.4
6300.8
6300.8
6300.8
6300.8
6150.4
6148.4
6148.4
