16511.6
15118
14786
14410.8
14398.8
14398.8
14398.8
14344.8
14344.8
14344.8
14298.8
14291.6
14283.6
14283.6
14283.6
14191.6
14191.6
14135.6
14057.6
14057.6
14057.6
14057.6
13997.6
13997.6
13997.6
13997.6
13997.6
13995.6
13995.6
13995.6
13995.6
13995.6
13995.6
13995.6
13995.6
13995.6
13995.6
13995.6
13985.6
13985.6
13985.6
13985.6
13985.6
13985.6
13985.6
13985.6
13985.6
13985.6
13985.6
13985.6
13985.6
13985.6
13693.2
13693.2
13693.2
13693.2
13693.2
13693.2
13693.2
13693.2
13693.2
13693.2
13693.2
13693.2
13693.2
13693.2
13693.2
13693.2
13693.2
13693.2
13693.2
13693.2
13693.2
13693.2
13693.2
13693.2
13693.2
13615.2
13615.2
13615.2
13615.2
13615.2
13615.2
13615.2
13615.2
13615.2
13615.2
13615.2
13615.2
13615.2
13615.2
13615.2
13615.2
13615.2
13615.2
13615.2
13615.2
13615.2
13615.2
13615.2
