13095.2
12814
12814
12604.4
12604.4
12476.4
12476.4
12466.4
12466.4
12466.4
12466.4
12460.4
12460.4
12460.4
12460.4
12460.4
12460.4
12460.4
12460.4
12460.4
12268.4
12268.4
12268.4
12268.4
12268.4
12268.4
12268.4
12268.4
12268.4
12268.4
12268.4
12268.4
12268.4
12268.4
12268.4
12268.4
12268.4
12268.4
12268.4
12268.4
12268.4
12268.4
12268.4
12268.4
12268.4
12268.4
12167.2
11680.8
11680.8
10941.2
10941.2
10833.2
10825.2
10721.2
10721.2
10693.2
10693.2
10647.2
10647.2
10647.2
10539.2
10539.2
10539.2
10539.2
10539.2
10539.2
10539.2
10539.2
10539.2
10539.2
10539.2
10539.2
10539.2
10539.2
10539.2
10539.2
10539.2
10539.2
10539.2
10539.2
10539.2
10539.2
10539.2
10539.2
10539.2
10539.2
10539.2
10539.2
10539.2
10539.2
10539.2
10539.2
10539.2
10539.2
10539.2
10539.2
10539.2
10539.2
10539.2
10539.2
