10562.8
10562.8
10562.8
10562.8
10562.8
10082.8
10082.8
10082.8
10082.8
9593.2
9593.2
9593.2
9593.2
9454
8950.4
8950.4
7869.6
7869.6
7869.6
7869.6
7869.6
7869.6
7869.6
7869.6
7869.6
7668.4
7020.8
6855.6
6855.6
6855.6
6535.6
6535.6
6535.6
6535.6
6535.6
6535.6
6535.6
6535.6
6535.6
6535.6
6535.6
6535.6
6535.6
6535.6
6535.6
6535.6
6535.6
6535.6
6457.6
6457.6
6457.6
6457.6
6457.6
6457.6
6457.6
6457.6
6457.6
6457.6
6457.6
6457.6
6457.6
6457.6
6457.6
6457.6
6457.6
6457.6
6451.6
5978.4
5978.4
5978.4
5978.4
5978.4
5978.4
5978.4
5978.4
5978.4
5978.4
5978.4
5978.4
5978.4
5978.4
5978.4
5978.4
5978.4
5978.4
5978.4
5978.4
5978.4
5978.4
5978.4
5978.4
5978.4
5978.4
5978.4
5978.4
5978.4
5698
5698
5698
5698
