12139.2
11178.4
11178.4
10526.4
10342.4
10287.2
10256.4
10193.6
9542.4
9482.4
9472.4
9246.4
8966.4
8888.8
8886.8
8886.8
8872
8796
8586
8530
8436
8357.6
8207.6
8053.6
7955.6
7882
7880
7880
7768
7494
7230
7048.8
6869.2
6865.2
6865.2
6801.2
6801.2
6661.2
6661.2
6509.2
6509.2
6395.2
6381.2
6343.2
6277.2
6252.8
6091.6
6091.6
6091.6
6091.6
6091.6
5923.6
5913.6
5913.6
5913.6
5875.6
5875.6
5875.6
5759.6
5759.6
5759.6
5721.6
5721.6
5721.6
5721.6
5721.6
5721.6
5721.6
5721.6
5721.6
5721.6
5721.6
5721.6
5721.6
5721.6
5721.6
5721.6
5721.6
5721.6
5721.6
5721.6
5721.6
5721.6
5721.6
5721.6
5721.6
5721.6
5721.6
5721.6
5721.6
5721.6
5721.6
5721.6
5721.6
5721.6
5721.6
5721.6
5721.6
5721.6
5721.6
