17426.4
17262
15603.6
15603.6
15589.6
15507.2
15507.2
15313.2
15313.2
15215.2
14951.2
14800.4
14800.4
14800.4
14800.4
14800.4
14800.4
14800.4
14800.4
14800.4
14800.4
14800.4
14800.4
14674.8
14674.8
14674.8
14674.8
14674.8
14572.8
14572.8
14470.8
14470.8
14470.8
14470.8
14338.8
14338.8
14338.8
14338.8
14258.4
14258.4
14258.4
14180.4
14180.4
14180.4
14180.4
14010.4
13964.4
13964.4
13964.4
13956.4
13956.4
13956.4
13696.4
13696.4
13696.4
13570
13570
13570
13570
13438
13438
13438
13296
13296
13296
13296
13296
13280
12384.8
12384.8
12336.8
12302.8
12098.8
12098.8
12096.8
12096.8
12096.8
12096.8
12096.8
12096.8
12096.8
12096.8
12096.8
12094.8
11920.8
11920.8
11920.8
11844.8
11844.8
11844.8
11844.8
11844.8
11828.8
11828.8
11782.8
11782.8
11782.8
11782.8
11782.8
11782.8
11782.8
