18332
18034
17180
15058.8
15058.8
15058.8
15012.8
14678.8
14492.8
14206.8
14206.8
14192.8
13894
13894
13894
13832
13554
13344.8
13344.8
13136.4
13136.4
12914.4
12914.4
12914.4
12914.4
12914.4
12914.4
12914.4
12900.4
12542
12542
12186
12186
12186
12186
12186
12186
12186
12172
12102
12102
11879.2
11879.2
11837.2
11679.2
11491.2
11323.2
11323.2
11323.2
11280.4
11242.8
11026.4
11026.4
10946.8
10946.8
10946.8
10946.8
10946.8
10946.8
10733.2
10733.2
10733.2
10733.2
10733.2
10733.2
10733.2
10733.2
10733.2
10733.2
10726.8
10726.8
10724.8
10724.8
10724.8
10724.8
10724.8
10724.8
10724.8
10719.2
10577.2
10577.2
10577.2
10577.2
10577.2
10577.2
10577.2
10577.2
10577.2
10577.2
10577.2
10577.2
10577.2
10577.2
10577.2
10577.2
10577.2
10577.2
10577.2
10577.2
10577.2
