14468.4
11899.2
11899.2
11899.2
11899.2
10654.4
10558.4
10558.4
10558.4
10558.4
10558.4
10558.4
10558.4
10060.8
10056.8
10044.8
9572.4
9572.4
9572.4
9572.4
9572.4
9572.4
9572.4
9572.4
9167.2
9167.2
9029.2
9029.2
9003.6
8917.6
8917.6
8917.6
8917.6
8390.4
8390.4
7692.8
7692.8
7692.8
7692.8
7692.8
7692.8
7692.8
7692.8
7610
7610
7610
7610
7610
7610
7610
7610
7610
7610
7610
7610
7610
7610
7610
7610
7610
7610
7610
7610
7610
7432.8
7081.2
7081.2
7081.2
7081.2
7081.2
7081.2
7081.2
7081.2
7081.2
7081.2
7081.2
7081.2
7081.2
7081.2
7081.2
7081.2
7081.2
7081.2
6949.6
6949.6
6949.6
6949.6
6949.6
6949.6
6843.6
6843.6
6843.6
6843.6
6843.6
6843.6
6333.6
6333.6
6333.6
6333.6
6333.6
