11803.2
11219.2
10521.2
10176.8
10052.4
9321.6
8759.6
8673.6
8480
8194
8125.2
7753.2
7734
7572.8
7572.8
7526
7427.6
7427.6
7427.6
7427.6
7427.6
7427.6
7383.6
7174.4
6949.2
6949.2
6949.2
6797.2
6776.8
6776.8
6776.8
6776.8
6616.8
6616.8
6616.8
6616.8
6616.8
6598.8
6394.8
6380.8
6380.8
6324.8
6324.8
6324.8
6156.8
6156.8
6126.4
6056.4
5844.4
5844.4
5844.4
5844.4
5844.4
5844.4
5794.4
5794.4
5794.4
5738.4
5738.4
5738.4
5738.4
5738.4
5738.4
5738.4
5738.4
5738.4
5738.4
5738.4
5738.4
5738.4
5738.4
5738.4
5738.4
5738.4
5738.4
5738.4
5738.4
5738.4
5738.4
5738.4
5738.4
5738.4
5738.4
5738.4
5738.4
5738.4
5738.4
5738.4
5738.4
5738.4
5738.4
5738.4
5738.4
5738.4
5738.4
5738.4
5738.4
5738.4
5738.4
5738.4
