16722.8
15212.4
15212.4
14882.4
14362
14332
14092
14092
14092
14092
14092
12321.2
12321.2
12321.2
12321.2
12321.2
12321.2
12233.2
12225.6
12225.6
12225.6
12225.6
12225.6
12225.6
12225.6
12225.6
12225.6
12225.6
12225.6
12225.6
12225.6
12225.6
12225.6
12225.6
12225.6
12068.8
12068.8
11928
11928
11928
11803.2
11671.2
11671.2
11491.2
11253.2
11253.2
11253.2
11253.2
11253.2
11253.2
11253.2
11253.2
11253.2
11253.2
11253.2
11253.2
11253.2
11253.2
11253.2
11253.2
11253.2
11253.2
11253.2
11253.2
11253.2
11184.4
11170.4
11170.4
11074.4
11074.4
11074.4
11074.4
11062.4
11062.4
11062.4
11062.4
10618.8
10618.8
10618.8
10604.8
10366.8
10366.8
10366.8
10154.8
10154.8
10154.8
10088.8
10088.8
10030.8
10022.8
10022.8
10022.8
9982.8
9982.8
9850.8
9850.8
9850.8
9850.8
9850.8
9850.8
