22173.2
20933.2
19367.2
18866
18866
17955.2
17407.6
15578.4
15578.4
15578.4
15578.4
15578.4
15578.4
15578.4
14606.8
14606.8
14606.8
14606.8
14606.8
14606.8
14606.8
14606.8
14606.8
14606.8
14606.8
14481.6
14481.6
14481.6
14278.8
14092.8
14092.8
14092.8
14092.8
14092.8
14092.8
14092.8
14092.8
14092.8
13884
13884
12964.4
12794.8
12760.4
12760.4
12760.4
12760.4
12760.4
12760.4
12168
12168
12168
12168
12168
12138
12138
12138
12138
12138
12138
12138
12138
12138
12138
12138
12138
12138
12138
12138
12138
12138
12138
12138
12138
12138
12138
12138
12138
12138
12138
12138
12138
12138
12138
12138
12138
12138
12138
12138
12138
12138
12052
12052
12052
12052
12052
11990
11990
11990
11990
11990
