18107.6
17533.2
14827.2
14827.2
14827.2
14827.2
14827.2
14827.2
14827.2
14827.2
14827.2
14827.2
14827.2
14827.2
14827.2
14827.2
14827.2
14827.2
14827.2
14827.2
14827.2
14827.2
14827.2
14827.2
14827.2
14827.2
14827.2
14827.2
14827.2
14827.2
14827.2
14827.2
14827.2
14827.2
14827.2
14827.2
14827.2
14827.2
14827.2
14827.2
14827.2
14827.2
14827.2
14827.2
14827.2
14827.2
14827.2
14827.2
14827.2
14827.2
14827.2
14827.2
14827.2
14827.2
14827.2
14827.2
14827.2
14827.2
14827.2
14827.2
14827.2
14827.2
14827.2
14827.2
14827.2
14827.2
14827.2
14827.2
14827.2
14827.2
14827.2
14827.2
14827.2
14827.2
14827.2
14827.2
14827.2
14827.2
14827.2
14827.2
14827.2
14827.2
14827.2
14827.2
14827.2
14827.2
14827.2
14827.2
14827.2
14827.2
14827.2
14827.2
14827.2
14827.2
14827.2
14827.2
14827.2
14827.2
14827.2
14827.2
