13264
12010.8
10948
10574
10368
9455.6
9337.6
8660.8
8624.8
8312.8
8288.8
8010.8
7860.8
7818.8
7818.8
7666.8
7374.8
7374.8
7374.8
7374.8
7350
7350
7180
7180
7142
7142
7142
7142
7142
7142
7142
7142
7142
7142
7136
7136
7136
7136
7136
7136
7010
7010
7010
7010
7004
7004
7004
7004
6970
6970
6886.4
6886.4
6886.4
6886.4
6880.4
6880.4
6880.4
6880.4
6880.4
6880.4
6880.4
6880.4
6880.4
6880.4
6880.4
6880.4
6880.4
6880.4
6880.4
6880.4
6794
6794
6794
6794
6794
6794
6794
6794
6794
6794
6794
6794
6794
6794
6794
6794
6794
6794
6794
6794
6794
6794
6794
6794
6794
6794
6794
6794
6794
6794
