13379.2
12584.8
12584.8
12584.8
12584.8
12584.8
12584.8
12584.8
12584.8
12584.8
12410.8
12410.8
12308.8
12308.8
12308.8
12308.8
12308.8
12308.8
12308.8
12308.8
12308.8
12308.8
12308.8
12308.8
12308.8
12218.8
12218.8
12218.8
12218.8
12060.8
12044.8
12044.8
12044.8
12044.8
12044.8
12044.8
12044.8
12044.8
12044.8
12044.8
12044.8
12044.8
12044.8
12044.8
12044.8
11822.4
11822.4
11822.4
11822.4
11822.4
11788.4
11788.4
11788.4
11788.4
11788.4
11788.4
11788.4
11788.4
11788.4
11788.4
11788.4
11788.4
11788.4
11788.4
11788.4
11788.4
11788.4
11788.4
11788.4
11788.4
11788.4
11788.4
11788.4
11788.4
11788.4
11788.4
11788.4
11788.4
11780.4
11758.8
11758.8
11758.8
11758.8
11758.8
11758.8
11758.8
11758.8
11758.8
11497.6
11497.6
11398.8
11398.8
11398.8
11398.8
11398.8
11398.8
11398.8
11398.8
11398.8
11398.8
