17831.2
17831.2
17079.6
15546.8
14633.6
14016
13790
13790
12810
11900.4
11764.4
11422.4
11384.4
11142.4
11142.4
10994.4
10994.4
10814.4
10814.4
10814.4
10716.4
10716.4
10716.4
10716.4
10716.4
10716.4
10716.4
10716.4
10716.4
10716.4
10716.4
10716.4
10716.4
10716.4
10716.4
10716.4
10690.4
10690.4
10690.4
10690.4
10690.4
10690.4
10690.4
10690.4
10690.4
10690.4
10690.4
10690.4
10690.4
10690.4
10690.4
10690.4
10690.4
10690.4
10690.4
10690.4
10690.4
10690.4
10690.4
10690.4
10690.4
10690.4
10676.4
10676.4
10614.4
10614.4
10614.4
10614.4
10614.4
10606.4
10606.4
10413.2
10413.2
10413.2
10413.2
10413.2
10413.2
10413.2
10413.2
10413.2
10413.2
10413.2
10413.2
10413.2
10413.2
10413.2
10413.2
10413.2
10413.2
10413.2
10413.2
10413.2
10413.2
10413.2
10413.2
10413.2
10413.2
10413.2
10413.2
10413.2
