15720
15064.8
14553.6
14346
14218
12499.2
12229.2
12001.2
12001.2
11527.2
11353.2
11349.2
11349.2
11277.2
11263.2
11263.2
11263.2
11263.2
11161.2
11161.2
10851.2
10851.2
10769.2
10715.2
10715.2
10715.2
10705.2
10623.2
10623.2
10559.2
10255.6
10255.6
10255.6
10255.6
10255.6
10255.6
10255.6
10255.6
10255.6
10255.6
10255.6
10255.6
10255.6
10255.6
10255.6
10255.6
10255.6
10255.6
10255.6
10255.6
10255.6
10255.6
10255.6
10255.6
10255.6
10255.6
10255.6
10255.6
10255.6
10255.6
10255.6
10255.6
10255.6
10255.6
10255.6
10255.6
10255.6
10255.6
10255.6
10255.6
10255.6
10255.6
10255.6
10255.6
10255.6
10255.6
10193.6
10055.6
10055.6
10055.6
10055.6
10055.6
9809.6
9803.6
9803.6
9803.6
9803.6
9803.6
9803.6
9803.6
9803.6
9803.6
9803.6
9803.6
9803.6
9803.6
9803.6
9803.6
9803.6
9803.6
