36685.2
36685.2
34366
34366
31828
31664
31664
28559.6
28559.6
28559.6
28559.6
28559.6
28559.6
28559.6
28559.6
28120
27526.8
25325.2
25325.2
25140.4
24759.6
23932.4
23932.4
23932.4
23932.4
23932.4
23763.2
23179.2
23179.2
23179.2
23179.2
22464.8
22464.8
22464.8
22464.8
22464.8
22000.4
22000.4
22000.4
22000.4
22000.4
22000.4
22000.4
22000.4
22000.4
22000.4
21194.4
21194.4
21194.4
20728.8
20728.8
20728.8
20728.8
20728.8
20728.8
20728.8
20488
20488
20433.6
19950
19792.4
19792.4
19792.4
19444.8
19444.8
19444.8
19444.8
19438.8
19438.8
19438.8
19438.8
19438.8
19362.8
19362.8
19362.8
19362.8
19362.8
19362.8
19164.8
19054.8
19054.8
19054.8
19054.8
19054.8
19016.8
18972.8
18972.8
18926.8
18926.8
18926.8
18926.8
18844.8
18844.8
18844.8
18844.8
18838.8
18838.8
18740.8
18740.8
18740.8
