32718
32718
31588.8
30926.8
30926.8
30926.8
30926.8
29816.4
29816.4
28322
28270.4
27843.2
27843.2
27843.2
27843.2
27438.8
26594.8
26594.8
26055.2
26055.2
26055.2
26055.2
24748
24700
24700
24700
24031.2
22846.4
22846.4
22846.4
22631.2
22631.2
21002.4
21002.4
21002.4
20492.4
20492.4
20492.4
20492.4
20298.4
20298.4
20017.2
20017.2
20017.2
20017.2
20017.2
20017.2
20017.2
20017.2
20017.2
20017.2
20017.2
18848.4
18848.4
17934.8
17934.8
17934.8
17934.8
17934.8
17934.8
17934.8
17934.8
17934.8
17934.8
17934.8
17934.8
17934.8
17934.8
17934.8
17934.8
17934.8
17934.8
17934.8
17934.8
17934.8
17934.8
17934.8
17934.8
17934.8
17934.8
17934.8
17934.8
17934.8
17934.8
17934.8
17934.8
17934.8
17934.8
17934.8
17934.8
17934.8
17934.8
17934.8
17934.8
16831.6
16831.6
16615.6
16615.6
16615.6
16615.6
