35633.2
32825.2
32822.8
31545.6
29481.2
27868
27868
26580
26508
26378
26256
26256
26221.6
25893.6
25893.6
25528.8
25528.8
25378.8
25378.8
25278.8
24882
24882
24882
24882
24874
24874
24874
24874
24874
23955.6
23603.6
23603.6
23603.6
23267.6
23104.4
23104.4
23104.4
23104.4
23104.4
23104.4
21026.8
20988.8
20988.8
20922.8
20888.8
20888.8
20888.8
20888.8
20790.8
20790.8
20790.8
20790.8
20790.8
20790.8
20740.8
20740.8
20740.8
20740.8
20608.8
20608.8
20608.8
20170.8
20170.8
20170.8
20045.6
20045.6
20045.6
20045.6
20045.6
20045.6
20045.6
20045.6
19340.8
19340.8
19340.8
19340.8
19340.8
19340.8
19340.8
19340.8
19340.8
19340.8
19340.8
19340.8
19340.8
19340.8
19340.8
19340.8
19340.8
19340.8
19340.8
19340.8
19340.8
19340.8
19340.8
19340.8
19340.8
19340.8
19340.8
19340.8
