40454.8
30421.6
28019.6
26668.4
26391.6
24984
24693.2
24539.2
24539.2
24539.2
24413.2
24313.2
24313.2
21176.4
21176.4
21176.4
21176.4
21176.4
21176.4
21176.4
21176.4
21176.4
21176.4
21176.4
21104.4
21104.4
21104.4
21104.4
21104.4
21104.4
21104.4
21104.4
20594.4
19643.2
19209.6
19185.6
19067.6
19067.6
19053.6
18919.6
18919.6
18919.6
18919.6
18919.6
18919.6
18919.6
18919.6
18919.6
18919.6
18919.6
18825.6
18825.6
18825.6
18825.6
18825.6
18825.6
18825.6
18825.6
18825.6
18825.6
18583.6
18583.6
18583.6
18510.8
18510.8
18510.8
18510.8
18510.8
18510.8
18510.8
18510.8
18510.8
18510.8
18510.8
18510.8
18510.8
18510.8
18510.8
18510.8
18510.8
18510.8
18510.8
18510.8
18510.8
18510.8
18510.8
18510.8
18510.8
18510.8
18510.8
18510.8
18510.8
18510.8
18510.8
18510.8
18460.8
18460.8
18460.8
18458.8
18458.8
