32333.6
32333.6
32333.6
29812
29812
28590
28590
28590
28590
28590
28494.8
27893.6
27893.6
27683.2
27521.2
26770
25480
25480
25046.4
25046.4
25046.4
25046.4
24154.8
24154.8
24154.8
24154.8
24154.8
24154.8
24154.8
24154.8
21569.2
21569.2
21569.2
21569.2
21569.2
21569.2
21569.2
21569.2
21569.2
21569.2
21569.2
21569.2
21569.2
21021.2
21021.2
21021.2
21021.2
21021.2
21021.2
21021.2
21021.2
21021.2
21021.2
21021.2
21021.2
21021.2
21021.2
20999.2
20999.2
20999.2
20999.2
20999.2
20999.2
20999.2
20999.2
20999.2
20999.2
20999.2
20999.2
20961.2
20858
20806
20806
20806
20806
20806
20806
20673.6
20613.2
20613.2
20425.6
20425.6
20425.6
20425.6
20425.6
20425.6
20425.6
19567.6
19567.6
19263.6
19263.6
18970
18958.4
18958.4
18958.4
18958.4
18958.4
18958.4
18958.4
18958.4
