37916.4
32900.8
30759.6
30759.6
30335.2
29308
29150
28758
28311.6
27599.6
27599.6
27465.6
27395.6
27395.6
27305.6
27243.6
27139.6
27139.6
27139.6
27139.6
27100
27046
27004
26554.4
26012.4
25866.4
25866.4
25862.4
25862.4
25570.4
25570.4
25570.4
25570.4
25570.4
25570.4
25570.4
25391.6
25391.6
25391.6
25072.8
25072.8
25072.8
25072.8
25072.8
24934.8
24934.8
24934.8
24744.8
24744.8
24744.8
24527.2
24527.2
24527.2
24527.2
24527.2
24527.2
24527.2
24475.2
24475.2
24475.2
24475.2
24475.2
24475.2
24475.2
24085.6
24085.6
24085.6
24085.6
24085.6
24085.6
24085.6
24057.6
24041.6
24035.6
24035.6
24035.6
24035.6
24035.6
24035.6
24035.6
24035.6
24035.6
24035.6
24035.6
24035.6
24035.6
24035.6
24035.6
24035.6
24035.6
24035.6
24035.6
24035.6
23782
23782
23782
23782
23782
23782
23782
