33899.2
30178
26484.4
25555.2
24918.4
24278
23636.8
22791.6
22785.6
22467.6
22307.6
22112.8
21300.8
20696.8
19874.8
19777.2
19645.2
18644.4
17884.4
17676.4
17606.4
17606.4
17596.4
17596.4
17596.4
17596.4
17596.4
17322.4
17322.4
17112.4
17112.4
17060.4
16992.4
16992.4
16992.4
16836.4
16836.4
16836.4
16836.4
16836.4
16828.4
16828.4
16828.4
16828.4
16828.4
16828.4
16820
16820
16818
16818
16818
16818
16818
16818
16509.6
16245.6
16189.6
15973.6
15973.6
15973.6
15973.6
15973.6
15971.6
15971.6
15971.6
15971.6
15931.6
15869.6
15869.6
15869.6
15869.6
15869.6
15841.6
15583.6
15583.6
15583.6
15583.6
15583.6
15583.6
15583.6
15583.6
15328.8
15075.6
15053.6
14997.6
14997.6
14983.6
14983.6
14983.6
14983.6
14983.6
14983.6
14983.6
14983.6
14967.6
14803.6
14653.6
14653.6
14653.6
14653.6
