34580.8
34580.8
34580.8
31325.6
22547.6
22547.6
22547.6
22547.6
22547.6
22547.6
22547.6
22547.6
22547.6
22547.6
22547.6
22547.6
22547.6
22547.6
22547.6
22547.6
22547.6
20535.6
20535.6
20535.6
20535.6
20535.6
20535.6
18805.2
18464
18464
18464
18464
18464
18322
18322
18322
18159.2
18145.2
18145.2
18145.2
17889.2
17889.2
17889.2
17889.2
17889.2
17889.2
17499.2
17499.2
17499.2
17499.2
16891.2
16891.2
16891.2
16803.2
16029.6
16029.6
16029.6
16029.6
15945.6
15945.6
15945.6
15945.6
15945.6
15945.6
15945.6
15945.6
15945.6
15945.6
15945.6
15945.6
15945.6
15945.6
15945.6
15945.6
15749.6
15749.6
15749.6
15749.6
15749.6
15649.6
15649.6
15649.6
15649.6
15649.6
15649.6
15649.6
15649.6
15649.6
15489.6
15489.6
15489.6
15489.6
15489.6
15489.6
15489.6
15489.6
15473.6
15473.6
15473.6
15473.6
