37819.2
35212
33385.2
33081.2
32529.2
32047.2
32031.2
31790
31614.8
31062
30780.4
30780.4
30524.4
30168.4
29884.8
29676.8
29676.4
29570.8
29570.8
29570.8
28696.8
28488.8
28488.8
28128.8
28128.8
28128.8
27966.8
27966.8
27966.8
27960.4
27812.8
27812.8
27812.8
26628.8
26628.8
25567.2
25392.4
24892.4
24892.4
24892.4
24736.4
24480.8
24480.8
24414.8
24414.8
24000.8
23962.8
23938.8
23938.8
23884.8
23884.8
23884.8
23884.8
23836.8
23836.8
23836.8
23828.8
23828.8
23794.8
23794.8
23794.8
23794.8
23794.8
23672.8
23672.8
23672.8
23672.8
23672.8
23672.8
23672.8
23672.8
23672.8
23672.8
23672.8
23672.8
23672.8
23672.8
23672.8
23672.8
23672.8
23672.8
23672.8
23672.8
23672.8
23672.8
23672.8
23672.8
23672.8
23672.8
23672.8
23672.8
23672.8
23672.8
23672.8
23672.8
23672.8
23672.8
23672.8
23672.8
23672.8
