36075.6
32849.6
32849.6
32139.2
30222
30222
29354
28898
28898
28737.6
28737.6
27638
27638
27638
27612
27612
27612
27366.4
27366.4
27282.4
27282.4
27282.4
27282.4
27282.4
27282.4
27282.4
27282.4
27282.4
27282.4
27282.4
27282.4
27282.4
27282.4
27282.4
27282.4
27282.4
26142.4
26142.4
26142.4
25283.6
25131.6
25087.6
25087.6
24561.6
24561.6
24561.6
24517.6
24517.6
24177.6
24177.6
24177.6
24177.6
24177.6
24177.6
24054.4
23936.4
23936.4
23836.4
23804.4
23804.4
23804.4
23804.4
23804.4
23472.4
23472.4
23472.4
23472.4
23376.8
23376.8
23376.8
23366.8
23366.8
23366.8
23366.8
23366.8
22948
22948
22830.8
22830.8
22830.8
22830.8
22830.8
22830.8
22830.8
22830.8
22830.8
22830.8
22830.8
22830.8
22814.8
22814.8
22814.8
22814.8
22814.8
22814.8
22814.8
22814.8
22814.8
22814.8
22814.8
