14024.8
13118.4
12761.6
12613.6
12003.6
12003.6
12003.6
12003.6
11558
11558
11558
11558
11558
11558
11526
11526
11526
11526
11526
11526
11170
11170
11048
11048
11048
11048
11048
11048
10984
10984
10984
10984
10984
10984
10818.4
10818.4
10814.4
10814.4
10579.2
10464.8
10464.8
10330.8
10330.8
10330.8
10330.8
10330.8
10324.4
10324.4
10168.4
10168.4
10068.4
10068.4
10068.4
9998.4
9998.4
9998.4
9998.4
9998.4
9998.4
9792.4
9792.4
9792.4
9792.4
9792.4
9792.4
9792.4
9792.4
9792.4
9792.4
9658.4
9658.4
9658.4
9658.4
9658.4
9658.4
9658.4
9658.4
9658.4
9658.4
9658.4
9658.4
9496.4
9496.4
9496.4
9496.4
9496.4
9496.4
9496.4
9496.4
9496.4
9496.4
9496.4
9496.4
9496.4
9496.4
9496.4
9496.4
9496.4
9496.4
9496.4
