10855.6
9880.4
8567.2
8567.2
8561.2
8149.2
7973.2
7973.2
7973.2
7698
7574
7574
7516
7512
7512
7512
7512
7512
7512
7512
7512
7512
7512
7512
7512
7254
7254
7254
7254
7254
7250
7250
7250
7240
7240
7240
7240
6954
6954
6954
6954
6834
6834
6814
6814
6814
6814
6814
6814
6814
6814
6806
6806
6806
6806
6806
6806
6806
6806
6806
6806
6806
6806
6806
6806
6806
6804
6686
6686
6686
6686
6686
6686
6612
6612
6612
6612
6612
6448
6448
6448
6448
6008
6008
6008
6008
6008
6008
6008
6008
6008
6008
5984.4
5984.4
5984.4
5984.4
5974.4
5974.4
5974.4
5974.4
