13873.6
13873.6
12962.8
12962.8
12962.8
12962.8
12121.6
12121.6
12121.6
11929.6
11929.6
11929.6
11929.6
11929.6
11929.6
11929.6
11929.6
11929.6
11929.6
11897.6
11897.6
11897.6
11897.6
11897.6
11817.2
11817.2
11817.2
11817.2
11573.6
11573.6
11573.6
11573.6
11573.6
11573.6
11573.6
11573.6
11559.2
11440
11440
11440
11440
11440
11440
11440
11440
11440
11440
11440
11440
11440
11440
11427.6
11427.6
11427.6
11427.6
11251.2
11251.2
11251.2
11251.2
11251.2
11251.2
11251.2
11251.2
11251.2
11251.2
11251.2
11251.2
11251.2
11251.2
11251.2
11251.2
11251.2
11251.2
11251.2
11215.2
11215.2
11211.6
11211.6
11211.6
11211.6
11211.6
11211.6
11211.6
11211.6
11211.6
11147.2
11147.2
11147.2
11147.2
11147.2
11147.2
10787.2
10787.2
10787.2
10787.2
10753.6
10753.6
10753.6
10753.6
10753.6
