16958.8
16014
15875.6
13254.4
12305.6
12305.6
12021.6
12021.6
11081.6
11081.6
11081.6
11081.6
10879.6
10879.6
10879.6
10879.6
10879.6
10583.6
10583.6
10583.6
10583.6
10459.6
10459.6
10459.6
10331.6
10331.6
10331.6
10331.6
10331.6
10331.6
10331.6
10331.6
10331.6
10331.6
10331.6
10331.6
10331.6
10331.6
10331.6
10331.6
10289.6
10289.6
10289.6
10289.6
10289.6
10289.6
10289.6
10289.6
10253.6
10253.6
10253.6
10253.6
10253.6
10253.6
10253.6
10253.6
10253.6
10253.6
10253.6
10253.6
10253.6
10253.6
10253.6
10253.6
10253.6
10253.6
10183.6
10183.6
10183.6
10183.6
10183.6
10183.6
10183.6
10183.6
10183.6
10183.6
10183.6
10183.6
10183.6
10183.6
10183.6
10183.6
10183.6
10183.6
10183.6
10183.6
10183.6
10183.6
10183.6
10183.6
10183.6
10183.6
10183.6
10183.6
10183.6
10031.6
10023.6
9995.6
9941.6
9941.6
