17101.2
15437.2
15437.2
15437.2
15437.2
15437.2
15437.2
14889.2
14889.2
14889.2
14889.2
14889.2
14889.2
14889.2
14011.6
14011.6
14011.6
14011.6
14011.6
14011.6
14011.6
14011.6
14011.6
14011.6
14011.6
14011.6
14011.6
14011.6
14011.6
13378.8
13378.8
13378.8
13378.8
13378.8
13365.2
13365.2
13137.2
13137.2
13137.2
13137.2
13137.2
13043.2
13043.2
13043.2
13043.2
13043.2
13043.2
13043.2
13043.2
13043.2
13043.2
13043.2
13043.2
13043.2
13043.2
13043.2
13043.2
13043.2
13043.2
13043.2
13043.2
13043.2
13043.2
13043.2
13043.2
13043.2
13043.2
13043.2
13043.2
13043.2
13043.2
13043.2
13043.2
13043.2
13043.2
13043.2
13043.2
12439.2
12439.2
12267.2
12267.2
12267.2
12267.2
12267.2
12267.2
12267.2
12267.2
12267.2
12267.2
12267.2
12267.2
12267.2
12267.2
12267.2
12267.2
12056.8
12056.8
12056.8
12056.8
12056.8
