18192.8
18012.8
17080.4
17080.4
16948.4
16168.4
15064
14202
13394
12916
12826
12698
12408
12372.8
12372.8
12266.8
12266.8
12262.8
12174.8
12174.8
12174.8
12174.8
12174.8
12174.8
12174.8
12174.8
12174.8
12136.8
11910.8
11750.8
11710.8
11710.8
11710.8
11708.8
11708.8
11708.8
11602.8
11483.6
11483.6
11483.6
11483.6
11483.6
11483.6
11483.6
11483.6
11483.6
11467.6
11467.6
11467.6
11467.6
11467.6
11467.6
11467.6
11467.6
11467.6
11467.6
11467.6
11467.6
11467.6
11467.6
11467.6
11467.6
11467.6
11467.6
11467.6
11467.6
11467.6
11467.6
11467.6
11467.6
11467.6
11467.6
11467.6
11467.6
11467.6
11467.6
11467.6
11467.6
11467.6
11467.6
11467.6
11467.6
11467.6
11467.6
11467.6
11467.6
11467.6
11467.6
11467.6
11467.6
11467.6
11467.6
11467.6
11467.6
11467.6
11467.6
11467.6
11467.6
11467.6
11467.6
