14237.2
13442.8
13442.8
13442.8
13442.8
13442.8
13442.8
13442.8
13442.8
13442.8
13442.8
13442.8
13442.8
13442.8
13442.8
13442.8
13442.8
13442.8
13442.8
13442.8
13442.8
13442.8
13442.8
13442.8
13442.8
13442.8
13442.8
13442.8
13442.8
13442.8
13442.8
13442.8
13442.8
13442.8
13442.8
13442.8
13442.8
13442.8
13442.8
13442.8
13442.8
13442.8
13442.8
13442.8
13442.8
13442.8
13442.8
13442.8
13442.8
13442.8
13442.8
13442.8
13442.8
13442.8
13442.8
13442.8
13442.8
13442.8
13442.8
13442.8
13442.8
13442.8
13442.8
13442.8
13442.8
13442.8
13442.8
13442.8
13442.8
13442.8
13442.8
13442.8
13442.8
13442.8
13442.8
13442.8
13442.8
13442.8
13442.8
13442.8
13442.8
13442.8
13442.8
13442.8
13442.8
13442.8
13442.8
13442.8
13442.8
13442.8
13442.8
13442.8
13442.8
13442.8
13442.8
13442.8
13442.8
13442.8
13442.8
13442.8
