16509.2
13037.2
12232
10834
10834
10716
10696
10696
10696
10648
10648
10648
10648
10648
10648
10648
10648
10648
10648
10648
10648
10648
10648
10648
10648
10648
10648
10648
10648
10648
10648
10648
10648
10648
10648
10648
10648
10648
10648
10648
10648
10648
10648
10612
10424
10424
10424
10424
10424
10336
10336
10336
10336
10336
10214
10214
10214
10214
10214
10214
10214
10214
10214
10214
10214
10214
10214
10214
10214
10214
10214
10214
10214
10214
10214
10214
10214
10214
10214
10214
10186
10186
10186
10164
10164
10164
10164
10164
10164
10164
10164
10164
10164
10164
10164
10164
10164
10164
10164
10164
