12492.4
11466.8
11051.6
10607.6
10607.6
9634.4
9634.4
9634.4
9634.4
9624.4
9624.4
9315.2
9315.2
9075.2
8961.2
8961.2
8947.2
8947.2
8880
8287.2
8287.2
8167.2
7419.2
7419.2
7307.2
7307.2
7307.2
7307.2
7307.2
7307.2
7307.2
7241.2
7241.2
7241.2
7241.2
7241.2
7241.2
7045.2
7045.2
7045.2
7045.2
7045.2
7045.2
7045.2
7045.2
7045.2
7045.2
7045.2
7039.2
7039.2
7039.2
7039.2
7039.2
7039.2
7039.2
7039.2
7039.2
7039.2
7039.2
7039.2
7039.2
7039.2
7039.2
7039.2
7039.2
7039.2
7039.2
7039.2
7039.2
7039.2
7039.2
7039.2
7039.2
7039.2
7039.2
7039.2
7039.2
7039.2
7039.2
7039.2
7039.2
7039.2
7039.2
7039.2
7039.2
7039.2
7039.2
7039.2
7039.2
7039.2
7039.2
7039.2
7039.2
7039.2
7039.2
7039.2
7039.2
7039.2
7039.2
7039.2
