28726.8
26389.6
23601.6
23601.6
21988.4
15958.4
15689.2
15689.2
14480
14480
14480
14480
14472
14472
14472
14472
14472
14472
14472
14472
14472
14150.4
14150.4
14150.4
14150.4
14150.4
14150.4
14150.4
14150.4
14150.4
13892.4
13892.4
13846.4
13748.4
13748.4
13676.4
13676.4
13676.4
13676.4
13676.4
13676.4
13630.4
13630.4
13445.6
13445.6
13445.6
13443.6
13443.6
13443.6
13443.6
13443.6
13443.6
13443.6
13443.6
13443.6
13443.6
13443.6
13443.6
13435.6
13435.6
13435.6
13435.6
13435.6
13435.6
13435.6
13435.6
13435.6
13435.6
13435.6
13435.6
13435.6
13435.6
13435.6
13435.6
13435.6
13435.6
13435.6
13435.6
13435.6
13435.6
13435.6
13435.6
13435.6
13435.6
13435.6
13435.6
13435.6
13435.6
13435.6
13435.6
13435.6
13435.6
13435.6
13435.6
13435.6
13435.6
13435.6
13435.6
13435.6
13435.6
