27617.2
27243.6
25470.4
23785.6
23671.6
22829.2
22529.2
22271.2
22071.2
21913.2
21190.4
20791.6
20791.6
20699.6
20675.6
20675.6
20675.6
20497.6
20497.6
20441.6
20301.6
20301.6
20271.6
20271.6
20083.6
20020
20014
20002
19666.8
19176
18904
18904
18584
18584
18584
18584
18584
18584
18584
18584
18584
18584
18584
18584
18584
18584
18482
18422
18386
18214
18214
18214
18214
18214
18214
18214
18214
18141.6
18087.6
18087.6
18087.6
18087.6
18087.6
18087.6
18001.6
18001.6
18001.6
18001.6
18001.6
18001.6
18001.6
18001.6
17919.6
17919.6
17919.6
17889.6
17889.6
17887.6
17825.6
17803.6
17803.6
17803.6
17783.6
17783.6
17783.6
17783.6
17761.6
17761.6
17761.6
17761.6
17761.6
17761.6
17761.6
17761.6
17761.6
17761.6
17761.6
17761.6
17761.6
17761.6
