31271.6
29609.2
28449.2
28130.4
28130.4
27360
26341.6
25358.8
25358.8
25358.8
22194.8
22194.8
22194.8
22194.8
22194.8
22194.8
22194.8
22194.8
22194.8
21663.6
21663.6
20802.8
20127.2
20127.2
20127.2
20127.2
20127.2
20127.2
18434.8
18434.8
18434.8
18434.8
18434.8
18434.8
18434.8
18434.8
18432.8
18432.8
18432.8
18432.8
18432.8
18368
18368
18368
18368
18368
18332.8
18332.8
18332.8
18332.8
18238.8
18238.8
18048.8
18048.8
18048.8
18048.8
18048.8
17826.8
17826.8
17826.8
17604.8
17604.8
17604.8
17604.8
17604.8
17604.8
17604.8
17604.8
17604.8
17604.8
17604.8
17604.8
17586.8
17300.8
17300.8
17300.8
17300.8
17300.8
17300.8
17300.8
17300.8
17300.8
17300.8
17300.8
17300.8
17300.8
17300.8
17300.8
17300.8
17300.8
17300.8
17300.8
17300.8
17300.8
17300.8
17300.8
17284.8
17200
17200
17200
