32073.2
30606.4
30193.2
29789.2
29284.4
28614.4
27370.8
25828.8
25776.8
25714.8
25474.8
25474.8
25474.8
25390.8
24962.8
24308.8
24258.4
24068.8
24038.8
23982.8
23972.8
23093.6
23093.6
23093.6
23093.6
23093.6
22953.6
22953.6
22901.6
22810.4
22721.6
22709.6
22709.6
22709.6
22709.6
22709.6
22709.6
22497.6
22497.6
22497.6
22445.6
22445.6
22445.6
22445.6
22445.6
22427.6
22257.2
21766.4
21766.4
21630.4
21630.4
21630.4
21630.4
21436.4
21436.4
20702
20702
20676
20676
20662
20586.4
20586.4
20524.4
20524.4
19953.6
19953.6
19953.6
19953.6
19815.6
19815.6
19815.6
19815.6
19815.6
19783.6
19645.6
19645.6
19645.6
19645.6
19645.6
19645.6
19645.6
19645.6
19645.6
19645.6
19645.6
19645.6
19541.2
19541.2
19507.2
19507.2
19507.2
19507.2
19507.2
19507.2
19507.2
19507.2
19497.2
19497.2
19138
19138
