19664.4
18396
17838.4
17838.4
17339.2
16687.6
16687.6
16628.4
16308.4
16014.4
16014.4
16002.4
16002.4
16002.4
16002.4
15878.4
15878.4
15878.4
15878.4
15878.4
15834.4
15834.4
15834.4
15772
15772
15772
15712
15712
15712
15712
15712
15712
15712
15712
15712
15712
15712
15712
15712
15712
15712
15712
15712
15712
15712
15712
15712
15712
15712
15712
15712
15712
15712
15712
15712
15712
15712
15712
15712
15712
15712
15712
15712
15712
15712
15712
15712
15712
15712
15698
15698
15698
15698
15698
15698
15698
15698
15698
15698
15698
15698
15698
15698
15698
15698
15698
15698
15698
15698
15698
15698
15698
15698
15698
15698
15698
15698
15698
15698
15698
15698
