32012.8
31320
30130.4
30130.4
26800
26800
26800
26800
26800
26800
26800
26800
26490.4
24832.8
24832.8
24738
24324
23986.8
23986.8
23544.8
23058.8
23012.8
23012.8
22016.8
22016.8
22016.8
21940.8
21940.8
20935.6
20935.6
20935.6
20499.6
20499.6
20499.6
20499.6
20499.6
20499.6
20499.6
20499.6
20499.6
20499.6
20499.6
20499.6
20499.6
20499.6
20499.6
20499.6
20499.6
20499.6
20499.6
20499.6
20499.6
20499.6
20499.6
20499.6
20499.6
20499.6
20499.6
20499.6
20499.6
20499.6
20499.6
20499.6
20499.6
20499.6
20499.6
20499.6
20499.6
20499.6
19771.2
19771.2
19771.2
19771.2
19771.2
19771.2
19771.2
19771.2
19326.8
19326.8
19326.8
19224.8
19224.8
19080.8
19080.8
19080.8
19080.8
19080.8
18762.8
18548.4
18440.4
18248.4
18248.4
18210.4
18210.4
18210.4
18210.4
18210.4
18210.4
18012.4
18012.4
