26496.8
15650.4
14687.6
14636.8
14504.8
14160.4
13769.6
13688
13471.6
13463.2
13351.2
13289.2
13289.2
13277.2
13277.2
13253.2
13132
13118
13118
13118
13118
13106
13106
13011.6
13011.6
13011.6
13011.6
13011.6
13011.6
13011.6
13011.6
13011.6
13011.6
13011.6
13011.6
13011.6
13011.6
13011.6
13011.6
13011.6
13011.6
13011.6
13011.6
13011.6
13011.6
13011.6
13011.6
13011.6
13011.6
13011.6
13011.6
13011.6
12776.4
12698.8
12698.8
12698.8
12698.8
12698.8
12698.8
12698.8
12698.8
12634.4
12634.4
12634.4
12634.4
12634.4
12634.4
12634.4
12634.4
12634.4
12634.4
12634.4
12634.4
12634.4
12634.4
12634.4
12634.4
12634.4
12634.4
12634.4
12634.4
12634.4
12634.4
12634.4
12634.4
12634.4
12634.4
12634.4
12634.4
12634.4
12634.4
12634.4
12634.4
12634.4
12634.4
12634.4
12634.4
12634.4
12634.4
12634.4
