23498.8
22069.2
22069.2
22055.2
20969.6
20781.6
19000.4
18009.6
16703.6
15906
15528
15392
14890.4
14458
14458
14458
14458
14458
14458
14454
14454
14292
14292
14184
14184
14078
14078
14072
14072
14072
13363.2
13344.8
12551.2
12551.2
12551.2
12551.2
12533.2
12533.2
12533.2
12493.2
12493.2
12426.4
12426.4
12426.4
12272.4
12272.4
12272.4
12272.4
12178.4
12178.4
12178.4
12178.4
12178.4
12178.4
12178.4
12178.4
12178.4
12178.4
12126.4
12126.4
12126.4
12126.4
11942.4
11942.4
11942.4
11942.4
11942.4
11942.4
11942.4
11942.4
11774
11774
11774
11774
11774
11774
11774
11774
11774
11774
11774
11774
11774
11774
11774
11774
11774
11774
11774
11774
11774
11774
11774
11774
11774
11774
11774
11774
11774
11774
