25164.8
24457.6
24330
23094
22327.6
22327.6
22327.6
22323.6
22323.6
22323.6
22323.6
22323.6
22265.2
21342
21342
21342
21342
21008.4
20581.2
20581.2
20581.2
20329.2
20329.2
20276.4
19182
18811.2
18811.2
18811.2
18811.2
18807.2
18807.2
18807.2
18807.2
18807.2
18807.2
18807.2
18807.2
18807.2
18807.2
18228.8
18228.8
18228.8
18228.8
18144.4
18144.4
18144.4
18144.4
18144.4
17736.4
17736.4
17736.4
17736.4
17736.4
16894
16894
16832.8
16832.8
16820.8
16820.8
16722
16722
16722
16722
16722
16722
16722
16722
16722
16722
16722
16722
16722
16722
16722
16722
16722
16620
16620
16620
16620
16620
16620
16620
16620
16620
16620
16620
16620
16620
16620
16620
16620
16620
16620
16620
16620
16620
16620
16620
16620
