32329.2
30842.4
29573.2
28578.8
26351.6
26351.6
26351.6
26337.6
25801.2
25755.2
25565.6
24986.4
24986.4
24986.4
24728.4
24728.4
23934.8
23910.4
23752.4
23742
23720.4
23720.4
23720.4
23720.4
23700.4
23594.4
23250
23229.2
22702.4
22635.2
22172.4
21878
21748
21748
21566
21492
21492
21492
21043.6
21043.6
20911.6
20911.6
20911.6
20911.6
20698.4
20676.4
20676.4
20676.4
20676.4
20506.4
20492.4
20492.4
20492.4
20472.4
20472.4
20440.4
20440.4
20440.4
20440.4
20440.4
20440.4
20440.4
20440.4
20364.4
20364.4
20364.4
20302.4
20302.4
20302.4
20302.4
20302.4
20302.4
20302.4
20302.4
20302.4
20302.4
20302.4
20302.4
20302.4
20302.4
20302.4
20302.4
20302.4
20302.4
20302.4
20302.4
20302.4
20302.4
20302.4
20302.4
20302.4
20302.4
20302.4
20302.4
20302.4
20302.4
20302.4
20302.4
20302.4
20302.4
