29893.2
29798
29738.4
27483.2
26403.2
26403.2
26233.2
25508.4
24544.8
24544.8
24012.8
24012.8
24012.8
23986.8
23986.8
23986.8
23986.8
23986.8
23861.2
23757.2
23757.2
23757.2
23681.2
23663.6
23663.6
23663.6
23663.6
23532
23532
23532
23532
23532
23532
23532
23532
23532
23532
23208
22910
22910
22910
22910
22532
21809.6
21683.6
21609.6
21512.8
21512.8
21510.8
21510.8
21510.8
21510.8
21500.8
21500.8
21426.4
21376.8
21376.8
21376.8
21376.8
21376.8
21376.8
21376.8
21376.8
21138
21138
21138
21138
21138
21138
21138
20994
20994
20994
20994
20994
20994
20906
20906
20906
20832
20832
20832
20684
20684
20684
20684
20684
20684
20642
20642
20642
20642
20642
20642
20642
20642
20642
20642
20598
20592
20565.2
