32414.8
29798.4
29696.4
29240.4
28791.6
28188
27424
27266
26688
26221.2
26221.2
23745.2
23023.2
22429.6
22429.6
21999.6
21999.6
21583.6
21583.6
21583.6
21279.6
21043.6
21043.6
21029.6
20867.6
20867.6
20867.6
20867.6
20845.6
20270
20270
20150
20150
20150
19970
19970
19970
19970
19700
19700
19700
19700
19700
19570
19570
19570
19570
19476
19476
19476
19476
19476
19476
19476
19238
19238
19238
19176
19176
19154
19042.8
19042.8
18868
18868
18830
18830
18830
18830
18830
18830
18830
18830
18830
18830
18147.6
18147.6
18147.6
18147.6
18147.6
18147.6
18147.6
18147.6
18147.6
18147.6
18147.6
18147.6
18147.6
18147.6
18147.6
18147.6
18147.6
18147.6
18147.6
18147.6
18147.6
18147.6
18147.6
18147.6
18147.6
18147.6
