29318.8
21113.6
20584.8
19977.2
19977.2
19977.2
19977.2
18660.8
18660.8
17398.4
17398.4
17398.4
17398.4
17398.4
17398.4
17398.4
15888.4
15888.4
15888.4
15888.4
15888.4
15888.4
15888.4
15888.4
15888.4
15888.4
15829.2
15829.2
15641.2
15131.6
15131.6
15050.8
15050.8
15050.8
15050.8
15050.8
15050.8
15050.8
15050.8
15050.8
15050.8
15050.8
15050.8
15050.8
15050.8
14304.4
14304.4
14304.4
14304.4
14304.4
14304.4
14304.4
14304.4
14304.4
14304.4
14304.4
14304.4
14304.4
14304.4
14304.4
14304.4
14304.4
14304.4
14304.4
14304.4
13865.6
13865.6
13865.6
13865.6
13865.6
13865.6
13865.6
13865.6
13865.6
13847.6
13847.6
13847.6
13847.6
13847.6
13847.6
13847.6
13847.6
13847.6
13847.6
13847.6
13787.6
13787.6
13787.6
13787.6
13787.6
13787.6
13787.6
13787.6
13787.6
13773.6
13773.6
13773.6
13773.6
13773.6
13773.6
