31221.2
27408.8
25504.4
24292
24292
24292
24292
23480
22965.2
22493.2
22493.2
22406
22406
22406
22406
22222.4
21162.8
20853.6
20853.6
19503.6
19503.6
19503.6
19503.6
19503.6
18535.2
18535.2
18535.2
18535.2
18535.2
18535.2
18535.2
18535.2
18535.2
18535.2
18535.2
18535.2
18535.2
18535.2
18535.2
18535.2
18535.2
18535.2
18451.2
18451.2
18451.2
18451.2
18451.2
18451.2
18451.2
18451.2
18451.2
18451.2
18451.2
18451.2
18451.2
18414
18385.6
18385.6
18385.6
18385.2
18039.2
17985.2
17917.2
17917.2
17917.2
17803.2
17803.2
17803.2
17791.2
17791.2
17707.2
17615.2
17595.2
17595.2
17595.2
17595.2
17503.2
17503.2
17503.2
17503.2
17503.2
17503.2
17495.2
17495.2
17320.8
17320.8
17320.8
17320.8
17319.2
16939.2
16939.2
16939.2
16939.2
16939.2
16939.2
16879.2
16879.2
16622.8
16622.8
16622.8
