24566.8
20568.4
18935.6
17879.6
17836.4
17836.4
17812.4
17812.4
17363.2
15922.4
15922.4
15231.2
15231.2
15231.2
15231.2
14375.6
14282.4
14282.4
13988.4
13988.4
13988.4
13988.4
13988.4
13988.4
13590.4
13590.4
13590.4
13590.4
13590.4
13468.4
13452.4
13452.4
13452.4
13452.4
13452.4
13452.4
13452.4
13452.4
13452.4
13452.4
13452.4
13452.4
13452.4
13452.4
13452.4
13424.4
13424.4
13410.4
13410.4
13410.4
13096.4
13096.4
13096.4
13096.4
13096.4
13096.4
13096.4
13096.4
13096.4
13096.4
13096.4
13096.4
13096.4
13096.4
13096.4
13055.6
13055.6
13055.6
13055.6
13055.6
13055.6
13055.6
13055.6
13055.6
13055.6
13055.6
13055.6
13055.6
13055.6
13055.6
13055.6
13055.6
13055.6
13055.6
13055.6
13055.6
13055.6
13055.6
13055.6
13055.6
13055.6
13055.6
13055.6
13055.6
13055.6
13055.6
13055.6
13055.6
13055.6
13055.6
