30018
27921.6
27411.6
27375.6
27375.6
27375.6
27375.6
27375.6
27375.6
27375.6
27375.6
27375.6
27375.6
27375.6
27375.6
27375.6
27375.6
27375.6
27375.6
27375.6
27375.6
27375.6
27375.6
27375.6
27375.6
27375.6
27375.6
27375.6
27375.6
27375.6
27375.6
27375.6
27375.6
27375.6
27375.6
27375.6
27375.6
27375.6
27375.6
27375.6
27375.6
27375.6
27375.6
27375.6
27375.6
27375.6
27375.6
27375.6
27375.6
27375.6
27375.6
27375.6
27375.6
27375.6
27375.6
27375.6
27375.6
27375.6
27375.6
27375.6
27375.6
27375.6
27375.6
27375.6
27375.6
27375.6
27375.6
27375.6
27375.6
27375.6
27375.6
27375.6
27375.6
27375.6
27375.6
27375.6
27375.6
27375.6
27375.6
27375.6
27375.6
27375.6
27375.6
27375.6
27375.6
27375.6
27375.6
27375.6
27375.6
27375.6
27375.6
27375.6
27375.6
27375.6
27375.6
27375.6
27375.6
27375.6
27375.6
27375.6
