35696.4
33870
32199.6
32016
30583.2
30583.2
30231.2
30231.2
28504
27893.6
27472.4
27472.4
27472.4
27384.4
27384.4
27248.4
27248.4
27248.4
27248.4
26983.6
26983.6
26844.8
26844.8
26844.8
26844.8
25934
25934
25934
25934
25932
25505.6
25505.6
25505.6
25490.8
25490.8
25416.4
25416.4
25386.4
25034.4
25034.4
24978.4
24978.4
24853.2
24766.8
24766.8
24766.8
24766.8
24766.8
24766.8
24637.2
24637.2
24637.2
23221.6
23205.6
23205.6
23167.6
23167.6
23167.6
22751.2
22751.2
22751.2
22751.2
22751.2
22751.2
22751.2
22751.2
22751.2
22751.2
22751.2
22751.2
21903.2
21903.2
21903.2
21903.2
21903.2
21903.2
21903.2
21903.2
21903.2
21903.2
21903.2
21903.2
21903.2
21903.2
21903.2
21903.2
21903.2
21903.2
21903.2
21903.2
21903.2
21192
21192
21192
21192
21192
21192
21192
21192
21192
