24002.8
17290
17284
17160
16674
16559.6
16559.6
16559.6
16559.6
15800.8
15644.8
15492
15492
15492
15492
15492
15492
15492
15492
15492
15492
15492
15492
15492
15492
15492
15492
15492
15492
15492
15492
15492
15492
15492
14742.8
14742.8
14702.4
14638.4
14348
14320
13999.6
13999.6
13925.2
13925.2
13925.2
13925.2
13925.2
13925.2
13925.2
13925.2
13925.2
13925.2
13730
13698
13698
13698
13698
13698
13406.8
13270.8
13270.8
13256.8
13256.8
13256.8
13193.2
13193.2
13093.2
13093.2
13093.2
13093.2
12458.4
12458.4
12458.4
12458.4
12376.4
12376.4
12376.4
12376.4
12376.4
12376.4
12376.4
12376.4
12376.4
12376.4
12376.4
12376.4
12376.4
12376.4
12376.4
12376.4
12376.4
12376.4
12376.4
12376.4
12376.4
12376.4
12376.4
12376.4
12376.4
12376.4
