122850
122808
121552
120348
119638
115531
115195
114964
114407
114317
114317
114317
114145
114109
113066
112745
112641
112476
112337
110344
109984
109923
109800
109794
108516
108516
108182
108182
107646
107358
107128
107128
106521
106320
105427
104916
104916
104882
104882
104764
104764
104764
104764
104542
103990
103730
103730
103730
103644
103644
103644
103444
103444
103444
103444
103308
103308
103308
103308
103308
103308
103308
103220
102564
102452
102452
102046
102044
102044
102044
101710
101710
101648
101594
101594
100609
100585
100475
100105
100105
100105
99773.2
99375.2
98980.4
98980.4
98980.4
98980.4
98977.2
98977.2
98951.2
98682
98682
98682
98598
98598
98598
98598
98438
98409.2
98409.2
