130868
122194
119410
119330
118538
118538
116630
116360
114680
113540
112099
112099
111761
111665
111631
111440
109895
109895
109733
109690
106584
106504
106298
106298
105900
105501
105432
105417
105023
105023
102689
102689
102475
102475
102453
102131
102131
101798
101798
101798
101798
101236
101236
101236
101204
101204
100752
100752
100752
100302
99852
99852
99852
99514
99514
99514
99514
99256
99256
99256
98920
98920
98840
98840
98789.2
98658.4
98658.4
98658.4
98658.4
98511.6
98511.6
98511.6
98511.6
98511.6
98511.6
98511.6
98511.6
98511.6
98511.6
98511.6
98511.6
98511.6
98511.6
98511.6
98511.6
98511.6
98511.6
98511.6
98511.6
98511.6
98511.6
98511.6
98511.6
98511.6
98511.6
98511.6
98511.6
98511.6
98511.6
98511.6
