118626
115305
110437
103213
103213
103201
73896.4
73580.4
70401.2
70343.2
54783.2
54783.2
54468.8
54468.8
54468.8
54468.8
54336.8
54336.8
54336.8
54336.8
54336.8
54336.8
54336.8
54336.8
54336.8
54336.8
54336.8
54336.8
54336.8
54336.8
54336.8
54336.8
54336.8
54336.8
54336.8
54336.8
54336.8
54336.8
54336.8
54336.8
54336.8
54336.8
54336.8
54336.8
54336.8
54336.8
54336.8
54336.8
54336.8
54336.8
54336.8
54336.8
54336.8
54336.8
54336.8
54336.8
54336.8
54336.8
54336.8
54336.8
54336.8
54336.8
54336.8
54336.8
54336.8
54336.8
54336.8
54336.8
54336.8
54336.8
54336.8
54336.8
54336.8
52982.4
52980.4
52980.4
52980.4
52862.4
52862.4
52862.4
52862.4
52862.4
52862.4
52862.4
52862.4
52183.6
51089.6
51089.6
51089.6
51089.6
51089.6
51089.6
51089.6
51089.6
51089.6
51089.6
51089.6
51089.6
51089.6
51089.6
