126926
118927
100282
100282
100282
100282
100282
100282
100282
100282
100282
100282
100282
100282
100282
100282
100282
100282
100282
100282
100282
100282
100282
100282
100282
100282
100282
100282
100282
100282
100282
100282
100282
100282
100282
100282
100282
100282
100282
100282
100282
100282
100282
100282
100282
99868.4
99868.4
99868.4
96870
96870
96870
96870
96870
96870
96870
96870
96870
96870
96870
96870
96216.8
93567.6
93455.6
93455.6
93455.6
93455.6
93455.6
93455.6
93417.6
93417.6
93395.6
93395.6
93395.6
93395.6
93395.6
93395.6
93395.6
93395.6
93395.6
93395.6
93395.6
93395.6
93395.6
93395.6
93395.6
93395.6
93395.6
93395.6
93395.6
92991.2
92991.2
92991.2
92991.2
92500.8
92314.8
92314.8
92210.8
92210.8
92210.8
92210.8
