122365
121721
116819
116765
116765
116751
116461
116461
116461
114879
114614
114614
114274
114120
114120
114120
114120
113915
113915
111907
111907
111907
111907
111907
111907
111907
111907
111907
111907
111907
111907
111803
111786
111786
111690
111690
111690
111690
111606
111606
111606
111606
110675
110637
108761
107419
107419
107419
106937
106837
106837
106784
106784
106784
106574
106574
106574
106354
106354
106354
106280
106164
106164
106164
106164
106164
106164
106084
105624
105508
105450
100624
100624
100624
98888.8
98888.8
98888.8
98888.8
98888.8
98888.8
98820
98820
98816
98816
98816
98347.2
98347.2
98231.2
98231.2
98141.2
98141.2
98141.2
98141.2
97663.2
97663.2
97344
97344
97344
97344
97196.8
97196.8
