126803
117830
102484
97668.4
97668.4
97668.4
96399.6
95870.8
95135.6
59054.4
58828.4
58828.4
58828.4
57096.4
57026.4
56886.4
56582
56486
56486
56452
56362
55966
55478
55472
55472
55212.8
55212.8
55212.8
55212.8
55212.8
55212.8
55018.8
55018.8
55018.8
55018.8
55010.8
54886.8
54886.8
54886.8
54878.8
54878.8
54878.8
54878.8
54878.8
54878.8
54878.8
54878.8
54878.8
54733.6
54733.6
54733.6
54733.6
54677.6
54677.6
54677.6
54677.6
54677.6
54677.6
54677.6
54677.6
54677.6
54677.6
54677.6
54677.6
54677.6
54677.6
54677.6
54677.6
54677.6
54677.6
54677.6
54677.6
54677.6
54677.6
54677.6
54677.6
54677.6
54677.6
54677.6
54677.6
54677.6
54677.6
54677.6
54677.6
54677.6
54677.6
54677.6
54677.6
54677.6
54677.6
54677.6
54677.6
54677.6
54677.6
54677.6
54677.6
54677.6
54677.6
54677.6
54677.6
