131668
128227
128227
126741
125509
123447
123447
110342
109898
109764
109764
109764
109764
109517
108857
108635
108583
108583
108583
108583
108583
108583
108583
108583
108583
108583
108583
108583
108583
108583
108583
108583
108583
108583
108583
108583
108583
108583
108583
108583
108583
108583
108583
108583
108583
108583
108583
108583
108583
108583
108583
108583
108583
108583
108583
108583
108583
108583
108583
108583
108460
108460
108460
107610
107376
107186
106944
106944
106489
106489
106489
106489
106489
106489
106489
106489
106386
106386
105998
105499
105499
105344
105344
104653
104653
104653
104580
104464
104464
104464
104464
104464
104464
104464
103661
103661
103645
103645
103645
103531
