124838
117086
109880
107968
107968
107855
106730
106730
106634
106426
105031
104836
104322
102381
101590
101095
101073
101073
100653
100506
100506
99492.8
99288
99116
98202.4
96970.8
96956.8
96946.8
96639.2
96639.2
96054.4
95746.4
95678.4
95660.4
95660.4
95010
94836
94836
94638
94564
93562.4
92908.8
90629.6
88097.2
88059.2
87182
86231.6
86231.6
85771.2
85416.8
85340.8
84596
84520
84016
83794
83794
83704.4
83690.4
83690.4
83690.4
83678.4
83678.4
83678.4
83678.4
83678.4
83678.4
83664.4
83513.2
83513.2
83513.2
83481.2
82887.2
82887.2
82849.2
82846.8
82679.6
82679.6
82441.6
82441.6
82441.6
82441.6
82441.6
82441.6
82289.6
82289.6
82289.6
82193.6
82193.6
81612.4
81612.4
79484.8
79484.8
79452.8
79452.8
79452.8
79452.8
79452.8
79438.8
79438.8
79288.8
