128121
128012
128012
121727
117142
116233
116043
116043
116043
109191
109191
109191
109191
109191
107136
107136
106662
103218
102620
101417
101417
101417
101417
96826
96826
96826
96826
96826
96826
96826
96826
96826
96826
96826
96826
96433.2
96433.2
96433.2
96169.2
95766.8
95766.8
95690.8
95488.8
95488.8
95488.8
95416.8
95416.8
95416.8
95416.8
94690.4
91616
91616
91616
91616
91616
91616
91616
91616
91616
91616
91616
91616
91616
91598.4
91388.4
91388.4
91388.4
88780.4
88780.4
88780.4
88780.4
88780.4
88780.4
88780.4
88780.4
88780.4
88780.4
88780.4
88780.4
88780.4
88780.4
88780.4
88780.4
88780.4
88780.4
88780.4
88780.4
88780.4
88780.4
88780.4
88780.4
88780.4
88780.4
88780.4
88780.4
88570.8
88570.8
88570.8
88570.8
88570.8
