119108
114143
112594
111448
109605
108877
108668
106639
105154
104992
104992
104344
103710
103608
103188
99030.8
97244.4
97244.4
96282.4
96282.4
96204.4
96204.4
96053.2
95676.4
92730
89451.2
89451.2
89152
89152
88781.2
88781.2
88726.8
88287.2
88284.8
87932.8
87932.8
87932.8
87932.8
87932.8
87868.4
87868.4
87868.4
87576
87334
87244
87244
87244
87244
87244
87244
86437.2
86437.2
86437.2
86437.2
86437.2
86079.2
86079.2
86017.2
85840
85840
85840
85756
85756
85560
85560
85530
85530
85376
85376
85376
85376
85376
85376
85376
85376
85376
85376
85376
85376
85376
85376
85376
85376
85376
85376
85376
85376
85376
85376
85376
85376
85376
85376
85376
85376
85376
85376
85376
85376
85376
