5286.4
5286.4
4461.2
4242.4
3933.6
3933.6
3933.6
3933.6
3933.6
3933.6
3933.6
3933.6
3933.6
3933.6
3933.6
3933.6
3933.6
3931.6
3931.6
3931.6
3931.6
3931.6
3931.6
3931.6
3931.6
3931.6
3931.6
3931.6
3931.6
3931.6
3931.6
3931.6
3931.6
3931.6
3931.6
3931.6
3931.6
3931.6
3931.6
3931.6
3931.6
3931.6
3931.6
3931.6
3931.6
3931.6
3931.6
3931.6
3931.6
3931.6
3931.6
3931.6
3931.6
3931.6
3931.6
3931.6
3931.6
3926
3578
3578
3578
3578
3578
3578
3578
3578
3578
3578
3578
3578
3578
3578
3578
3578
3578
3578
3578
3578
3578
3578
3578
3578
3578
3578
3578
3578
3578
3578
3578
3578
3578
3578
3578
3578
3578
3578
3578
3578
3578
3578
3578
