6182.8
6182.8
4637.6
4637.6
4637.6
4637.6
4637.6
4197.6
4197.6
4197.6
4197.6
4197.6
4027.6
4027.6
4027.6
4027.6
4027.6
4027.6
4027.6
4027.6
4027.6
4027.6
3797.6
3797.6
3673.6
3673.6
3673.6
3673.6
3673.6
3673.6
3673.6
3673.6
3673.6
3673.6
3673.6
3673.6
3673.6
3673.6
3673.6
3673.6
3673.6
3673.6
3673.6
3673.6
3673.6
3673.6
3673.6
3673.6
3673.6
3673.6
3673.6
3673.6
3673.6
3673.6
3673.6
3673.6
3673.6
3673.6
3673.6
3673.6
3673.6
3673.6
3673.6
3673.6
3673.6
3673.6
3673.6
3667.6
3667.6
3667.6
3667.6
3667.6
3667.6
3667.6
3667.6
3667.6
3667.6
3667.6
3667.6
3667.6
3667.6
3667.6
3667.6
3667.6
3667.6
3569.6
3563.6
3563.6
3561.6
3561.6
3561.6
3561.6
3561.6
3561.6
3561.6
3561.6
3561.6
3561.6
3561.6
3561.6
