7576.8
7212.8
7212.8
6388.8
6388.8
6388.8
6174.8
6174.8
6148.8
6148.8
5968.8
5968.8
5930.8
5930.8
5930.8
5866.8
5866.8
5866.8
5822.4
5822.4
5606.8
5606.8
5606.8
5606.8
5605.6
5605.6
5605.6
5605.6
5605.6
5605.6
5605.6
5605.6
5601.6
5601.6
5601.6
5601.6
5601.6
5601.6
5601.6
5601.6
5601.6
5601.6
5601.6
5601.6
5601.6
5601.6
5601.6
5601.6
5601.6
5601.6
5601.6
5601.6
5601.6
5601.6
5601.6
5601.6
5601.6
5601.6
5601.6
5601.6
5601.6
5601.6
5601.6
5601.6
5601.6
5601.6
5601.6
5601.6
5601.6
5601.6
5601.6
5601.6
5601.6
5601.6
5601.6
5601.6
5601.6
5601.6
5601.6
5601.6
5601.6
5601.6
5601.6
5601.6
5601.6
5601.6
5601.6
5601.6
5601.6
5601.6
5601.6
5601.6
5601.6
5601.6
5099.6
5099.6
5099.6
5099.6
5099.6
5099.6
