4356
4110
3654.4
3352
3352
3352
3264
3264
3264
3264
3264
3264
3264
3264
3158
3158
3028.4
3028.4
3028.4
3028.4
3028.4
3028.4
3028.4
3028.4
3028.4
3028.4
3028.4
3028.4
3028.4
3028.4
3028.4
3028.4
3028.4
3028.4
3028.4
3028.4
3024
2902
2806
2806
2806
2806
2806
2806
2806
2806
2806
2806
2806
2806
2806
2806
2806
2806
2806
2806
2806
2806
2806
2806
2806
2806
2806
2806
2806
2806
2806
2806
2806
2806
2806
2806
2806
2806
2806
2806
2806
2806
2806
2806
2806
2806
2806
2806
2806
2806
2806
2806
2806
2806
2806
2806
2806
2806
2806
2806
2806
2806
2806
2806
