7022.4
5060.8
4850.8
4651.6
4273.6
4273.6
3895.2
3845.2
3845.2
3845.2
3845.2
3845.2
3845.2
3845.2
3845.2
3845.2
3845.2
3845.2
3845.2
3845.2
3845.2
3845.2
3845.2
3845.2
3845.2
3845.2
3845.2
3845.2
3636.4
3600.4
3600.4
3600.4
3576.4
3576.4
3576.4
3576.4
3576.4
3576.4
3576.4
3576.4
3576.4
3576.4
3576.4
3576.4
3576.4
3576.4
3576.4
3576.4
3576.4
3576.4
3576.4
3576.4
3576.4
3576.4
3484.4
3484.4
3138.4
3138.4
3138.4
3138.4
3138.4
3138.4
3138.4
3138.4
3138.4
3138.4
3138.4
3138.4
3138.4
3138.4
3138.4
3138.4
3138.4
3138.4
3138.4
3138.4
3138.4
3138.4
3138.4
3138.4
3138.4
3138.4
3138.4
3126.8
3126.8
3126.8
3126.8
3126.8
3126.8
3126.8
3126.8
3126.8
3126.8
3126.8
3126.8
3126.8
3126.8
3126.8
3126.8
3126.8
