7966
7667.2
7469.2
6972.8
6886.8
6201.2
6201.2
6033.2
5895.2
5731.2
5473.2
5373.2
5373.2
5373.2
5373.2
5373.2
5373.2
5373.2
5373.2
5373.2
5373.2
5373.2
5373.2
5373.2
5373.2
5373.2
5373.2
5373.2
5373.2
5373.2
5373.2
5373.2
5373.2
5365.6
5365.6
5365.6
5365.6
5365.6
5365.6
5307.6
5307.6
5307.6
5307.6
5307.6
5307.6
5307.6
5307.6
5307.6
5307.6
5307.6
5303.6
5303.6
5303.6
5303.6
5303.6
5303.6
5303.6
5303.6
5303.6
5303.6
5303.6
5303.6
5303.6
5303.6
5303.6
5303.6
5303.6
5303.6
5303.6
5303.6
5303.6
5303.6
5242.8
5242.8
5242.8
5242.8
5242.8
5242.8
5242.8
5242.8
5242.8
5242.8
5242.8
5242.8
5242.8
5242.8
5242.8
5242.8
5242.8
5242.8
5242.8
5242.8
5242.8
5242.8
5242.8
5242.8
5242.8
5242.8
5242.8
5242.8
