5988
5840
5458
5385.2
4531.6
4531.6
4276
4276
4276
4276
4276
4276
4276
4276
4085.2
4085.2
4054.4
3766.4
3766.4
3662.4
3542.4
3484.4
3381.2
3265.6
3265.6
3265.6
3135.2
3135.2
3135.2
3135.2
3135.2
3133.2
3115.2
3115.2
3115.2
3115.2
3115.2
3115.2
3115.2
3115.2
3115.2
3115.2
3115.2
3115.2
2963.2
2963.2
2963.2
2963.2
2963.2
2963.2
2963.2
2963.2
2963.2
2963.2
2963.2
2963.2
2963.2
2963.2
2963.2
2931.6
2857.2
2857.2
2857.2
2857.2
2857.2
2857.2
2658
2658
2658
2658
2658
2658
2658
2658
2658
2658
2658
2658
2658
2658
2658
2658
2658
2658
2658
2658
2658
2658
2658
2658
2658
2658
2658
2658
2658
2658
2658
2658
2658
2658
