7126
7072.8
7072.8
6034.8
6034.8
6034.8
6034.8
6034.8
6034.8
6034.8
6034.8
6034.8
6034.8
6034.8
6034.8
6034.8
6034.8
6034.8
6034.8
6034.8
6034.8
6034.8
6034.8
6034.8
6034.8
5268.4
5184
5184
5184
5184
5184
5184
5184
5184
5184
5184
5184
4902.8
4902.8
4667.6
4667.6
4667.6
4667.6
4667.6
4667.6
4667.6
4667.6
4667.6
4667.6
4667.6
4667.6
4667.6
4667.6
4667.6
4667.6
4667.6
4667.6
4667.6
4667.6
4667.6
4667.6
4667.6
4667.6
4667.6
4667.6
4667.6
4667.6
4667.6
4667.6
4667.6
4667.6
4667.6
4667.6
4667.6
4667.6
4667.6
4667.6
4667.6
4667.6
4667.6
4667.6
4667.6
4667.6
4667.6
4667.6
4667.6
4667.6
4667.6
4667.6
4667.6
4667.6
4667.6
4667.6
4667.6
4667.6
4667.6
4667.6
4667.6
4667.6
4667.6
