6249.6
4302
4170
4170
3775.2
3775.2
3775.2
3775.2
3775.2
3775.2
3775.2
3775.2
3775.2
3775.2
3775.2
3775.2
3775.2
3775.2
3775.2
3775.2
3775.2
3775.2
3775.2
3775.2
3775.2
3775.2
3775.2
3775.2
3775.2
3775.2
3775.2
3775.2
3775.2
3775.2
3775.2
3775.2
3775.2
3775.2
3775.2
3775.2
3775.2
3775.2
3775.2
3775.2
3775.2
3775.2
3775.2
3775.2
3775.2
3775.2
3775.2
3775.2
3775.2
3775.2
3775.2
3775.2
3775.2
3775.2
3775.2
3775.2
3775.2
3775.2
3775.2
3775.2
3775.2
3775.2
3775.2
3775.2
3775.2
3775.2
3775.2
3775.2
3775.2
3775.2
3775.2
3775.2
3775.2
3775.2
3775.2
3775.2
3775.2
3775.2
3775.2
3775.2
3775.2
3775.2
3775.2
3775.2
3775.2
3775.2
3775.2
3775.2
3775.2
3775.2
3775.2
3775.2
3775.2
3775.2
3775.2
3775.2
