7619.6
7251.2
7251.2
7251.2
7251.2
7251.2
6994.4
6994.4
6766
5884
5884
5674
5674
5674
5674
5674
5674
5674
5674
5674
5674
5674
5674
5674
5674
5624
5624
5624
5624
5624
5304
5304
5304
5079.2
5019.2
5019.2
5019.2
5019.2
5019.2
5019.2
5019.2
5019.2
5019.2
5019.2
5019.2
5019.2
5019.2
5019.2
5019.2
5019.2
5019.2
4971.2
4971.2
4773.2
4759.2
4639.2
4639.2
4639.2
4639.2
4639.2
4639.2
4639.2
4579.2
4579.2
4579.2
4579.2
4579.2
4579.2
4579.2
4579.2
4579.2
4579.2
4579.2
4579.2
4579.2
4575.2
4575.2
4575.2
4575.2
4575.2
4575.2
4575.2
4575.2
4575.2
4575.2
4575.2
4575.2
4575.2
4553.2
4553.2
4553.2
4553.2
4553.2
4501.2
4501.2
4501.2
4501.2
4501.2
4501.2
4501.2
