5327.6
5136.4
5136.4
5101.6
5101.6
5101.6
4680.8
4175.2
4175.2
4175.2
4175.2
4175.2
4175.2
3730.4
3730.4
3730.4
3730.4
3730.4
3730.4
3730.4
3730.4
3730.4
3730.4
3730.4
3730.4
3730.4
3730.4
3730.4
3730.4
3665.2
3665.2
3665.2
3281.2
3281.2
3281.2
3281.2
3281.2
3281.2
3281.2
3281.2
3224
3224
3224
3091.6
3091.6
3091.6
3091.6
3091.6
3091.6
3091.6
2949.6
2949.6
2949.6
2949.6
2949.6
2949.6
2949.6
2949.6
2949.6
2949.6
2949.6
2949.6
2949.6
2949.6
2949.6
2949.6
2949.6
2949.6
2949.6
2949.6
2949.6
2949.6
2949.6
2949.6
2949.6
2949.6
2949.6
2949.6
2949.6
2949.6
2949.6
2949.6
2949.6
2949.6
2949.6
2949.6
2949.6
2949.6
2949.6
2949.6
2949.6
2949.6
2949.6
2949.6
2949.6
2949.6
2949.6
2949.6
2949.6
2949.6
