14620.4
12710
12561.2
12561.2
12047.2
11700.4
11557.2
11340
11186
11152.8
11092.8
11092.8
11092.8
11040.4
10888.4
10828.4
10772.8
10638.8
10590.4
10515.6
10326.4
10084.4
9962.4
9962.4
9924
9924
9924
9924
9924
9755.2
9688
8871.2
8577.2
8507.2
8507.2
8211.2
8211.2
8189.2
7895.2
7895.2
7895.2
7895.2
7508.8
7162.8
7124.4
7124.4
7124.4
7071.6
7071.6
6931.2
6931.2
6931.2
6931.2
6931.2
6859.2
6859.2
6859.2
6859.2
6859.2
6859.2
6859.2
6859.2
6859.2
6859.2
6859.2
6859.2
6859.2
6859.2
6859.2
6859.2
6859.2
6859.2
6859.2
6859.2
6859.2
6859.2
6859.2
6859.2
6859.2
6859.2
6859.2
6859.2
6859.2
6859.2
6859.2
6859.2
6859.2
6859.2
6859.2
6859.2
6859.2
6859.2
6859.2
6859.2
6859.2
6859.2
6859.2
6859.2
6859.2
6859.2
