14616
10798.8
9796.4
9796.4
8419.6
8272.4
8269.2
8231.2
8231.2
8109.2
7938
7926
7926
7926
7912
7898.4
7709.6
7709.6
7510
7510
7510
7446.4
7446.4
7282.4
7282.4
7282.4
7252.4
7252.4
7252.4
7252.4
7252.4
7252.4
7252.4
7252.4
7252.4
7252.4
7252.4
7252.4
7252.4
7252.4
7252.4
7252.4
7252.4
7252.4
7119.6
7118.4
7118.4
7047.6
7047.6
7047.6
7045.6
7045.6
7045.6
7045.6
7045.6
7045.6
7045.6
7045.6
7045.6
7045.6
7045.6
7045.6
7045.6
7045.6
7045.6
7045.6
7045.6
7045.6
7045.6
7045.6
7045.6
7045.6
7045.6
7045.6
7045.6
7045.6
7045.6
7045.6
7045.6
7045.6
7045.6
7045.6
7045.6
7045.6
7045.6
7045.6
7045.6
7045.6
7045.6
7045.6
7045.6
7045.6
7045.6
7045.6
7045.6
7045.6
7045.6
7045.6
7045.6
7045.6
