15602.4
13878.8
13878.8
13878.8
13878.8
13870.4
13870.4
13532.4
13532.4
13532.4
13532.4
13532.4
13532.4
13434
13434
13412
13412
13412
13412
13381.6
13381.6
13317.6
13317.6
13317.6
13317.6
13317.6
13317.6
13317.6
13317.6
13317.6
13317.6
13317.6
13317.6
13317.6
13203.2
13203.2
13203.2
13203.2
13203.2
13203.2
13075.2
13075.2
13075.2
12953.2
12953.2
12953.2
12953.2
12764.8
12764.8
12764.8
12764.8
12764.8
12764.8
12764.8
12764.8
12764.8
12764.8
12596.8
12596.8
12596.8
12596.8
12596.8
12596.8
12596.8
12596.8
12596.8
12596.8
12596.8
12596.8
12596.8
12592.8
12592.8
12592.8
12592.8
12592.8
12592.8
12592.8
12592.8
12592.8
12592.8
12592.8
12592.8
12592.8
12592.8
12592.8
12592.8
12592.8
12592.8
12592.8
12592.8
12592.8
12592.8
12592.8
12592.8
12592.8
12592.8
12592.8
12592.8
12592.8
12592.8
