9371.2
7845.2
6456
5846.4
5798.4
5786.4
5786.4
5786.4
5659.6
5659.6
5659.6
5564.4
5564.4
5564.4
5564.4
5564.4
5497.6
5497.6
5299.6
5088.8
5021.6
5021.6
5021.6
4991.6
4991.6
4991.6
4991.6
4991.6
4991.6
4991.6
4991.6
4991.6
4918
4918
4794
4794
4794
4784.4
4784.4
4784.4
4784.4
4784.4
4784.4
4784.4
4784.4
4784.4
4784.4
4784.4
4784.4
4784.4
4784.4
4784.4
4618.4
4618.4
4618.4
4618.4
4618.4
4618.4
4618.4
4618.4
4618.4
4618.4
4618.4
4618.4
4618.4
4616.4
4616.4
4616.4
4616.4
4616.4
4616.4
4616.4
4616.4
4616.4
4616.4
4616.4
4616.4
4616.4
4616.4
4616.4
4616.4
4616.4
4616.4
4616.4
4616.4
4616.4
4616.4
4616.4
4616.4
4616.4
4616.4
4616.4
4616.4
4616.4
4616.4
4616.4
4616.4
4616.4
4616.4
4616.4
