14280.8
13861.2
12472.8
12472.8
12472.8
12387.6
12387.6
11253.6
11253.6
11253.6
11253.6
11253.6
11253.6
11253.6
11253.6
10529.2
10529.2
10529.2
10529.2
10529.2
10529.2
10350
10350
10350
10350
10350
10350
10350
10350
10350
10350
10038
9919.6
9919.6
9738
9738
9738
9738
9471.6
9471.6
9306.4
9306.4
9090.4
9090.4
9090.4
9090.4
9090.4
9090.4
9090.4
9090.4
8915.2
8915.2
8915.2
8915.2
8915.2
8915.2
8915.2
8915.2
8915.2
8915.2
8498.4
8498.4
8498.4
8498.4
8498.4
8498.4
8498.4
8498.4
8498.4
8498.4
8498.4
8498.4
8289.2
8289.2
8289.2
8289.2
7779.2
7779.2
7779.2
7779.2
7779.2
7779.2
7773.2
7773.2
7633.2
7633.2
7633.2
7633.2
7633.2
7633.2
7633.2
7633.2
7633.2
7633.2
7633.2
7633.2
7531.2
7531.2
7531.2
7531.2
