10638.4
10073.2
9024
8841.2
8841.2
8827.2
8627.2
8609.2
8539.2
8479.2
8479.2
8407.2
8407.2
8407.2
8407.2
8407.2
8407.2
8407.2
8370.4
8370.4
8370.4
8370.4
8370.4
8370.4
8370.4
8370.4
8248.4
7838.4
7834
7834
7834
7683.6
7569.6
7477.6
7477.6
7477.6
7477.6
7477.6
7477.6
7477.6
7477.6
7477.6
7477.6
7477.6
7477.6
7477.6
7477.6
7477.6
7477.6
7391.6
7391.6
7391.6
7391.6
7391.6
7391.6
7391.6
7391.6
7391.6
7391.6
7380.4
7380.4
7344.4
7344.4
7234.8
7104.8
7104.8
7090.8
7090.8
7047.6
7047.6
7047.6
7047.6
7047.6
7047.6
7047.6
7047.6
7002.8
7002.8
6988.8
6988.8
6988.8
6988.8
6988.8
6988.8
6988.8
6988.8
6988.8
6988.8
6988.8
6988.8
6988.8
6988.8
6988.8
6988.8
6988.8
6988.8
6988.8
6988.8
6988.8
6988.8
