12698.4
10400
10400
10076
9728.8
9728.8
9073.6
9073.6
8315.2
8012
8012
8012
8012
8012
8012
8012
7700
7700
7700
7700
7263.6
7084.4
7084.4
7084.4
7084.4
7084.4
7084.4
7084.4
7084.4
7084.4
7084.4
7084.4
7084.4
7084.4
7084.4
7066.4
7066.4
7066.4
7066.4
7066.4
7048.4
7048.4
7048.4
7048.4
7048.4
7048.4
7048.4
7048.4
7048.4
7048.4
7048.4
7048.4
7048.4
7048.4
7048.4
6957.2
6957.2
6939.2
6939.2
6939.2
6939.2
6939.2
6939.2
6939.2
6939.2
6939.2
6939.2
6939.2
6939.2
6939.2
6939.2
6939.2
6939.2
6939.2
6939.2
6939.2
6939.2
6939.2
6939.2
6939.2
6838
6838
6199.2
6129.2
5985.2
5985.2
5958.4
5930.4
5930.4
5872.8
5872.8
5872.8
5872.8
5872.8
5872.8
5872.8
5872.8
5872.8
5872.8
5872.8
