11364
10822
10626.4
10626.4
10626.4
10626.4
10626.4
10626.4
10626.4
10626.4
10626.4
10626.4
10626.4
10626.4
10626.4
10626.4
10626.4
10626.4
10626.4
10626.4
10626.4
10626.4
10626.4
10626.4
10626.4
10626.4
10626.4
10626.4
10626.4
10626.4
10626.4
10626.4
10626.4
10626.4
10626.4
10626.4
10626.4
10626.4
10626.4
10626.4
10626.4
10626.4
10626.4
10626.4
10626.4
10626.4
10626.4
10626.4
10626.4
10626.4
10626.4
10626.4
10626.4
10626.4
10626.4
10626.4
10626.4
10626.4
10626.4
10626.4
10626.4
10626.4
10626.4
10626.4
10626.4
10626.4
10626.4
10626.4
10626.4
10626.4
10626.4
10626.4
10626.4
10626.4
10626.4
10626.4
10626.4
10626.4
10626.4
10626.4
10626.4
10626.4
10626.4
10626.4
10626.4
10626.4
10626.4
10626.4
10626.4
10626.4
10626.4
10626.4
10626.4
10626.4
10626.4
10626.4
10626.4
10626.4
10626.4
10626.4
