12483.2
12483.2
11558
11278
11278
11278
11260
11260
11260
10903.2
10903.2
10713.6
10713.6
10584
10576
10576
10576
10358
10358
10358
10184
10184
10184
10184
10181.2
10181.2
9892.4
9882.4
9882.4
9882.4
9834.4
9834.4
9834.4
9834.4
9834.4
9834.4
9790.4
9783.2
9651.2
9651.2
9282
9282
9282
9282
9282
9270
9270
9171.2
9171.2
9171.2
9052.4
8954.4
8954.4
8954.4
8954.4
8954.4
8954.4
8954.4
8954.4
8954.4
8954.4
8928.4
8928.4
8928.4
8928.4
8806.4
8806.4
8806.4
8806.4
8806.4
8806.4
8806.4
8806.4
8804.4
8804.4
8557.2
8557.2
8557.2
8557.2
8557.2
8557.2
8489.2
8489.2
8489.2
8489.2
8489.2
8489.2
8489.2
8489.2
8489.2
8489.2
8489.2
8489.2
8489.2
8489.2
8489.2
8489.2
8489.2
8489.2
8489.2
8489.2
