5123.2
4459.6
4459.6
4459.6
4459.6
4459.6
4459.6
4459.6
4459.6
4317.6
4317.6
4317.6
4317.6
4317.6
4317.6
4317.6
4317.6
4317.6
4317.6
4317.6
4317.6
4317.6
4317.6
4137.6
4083.6
4065.6
4065.6
4065.6
4065.6
4065.6
4065.6
4065.6
4065.6
4049.6
4043.6
3933.6
3933.6
3933.6
3933.6
3933.6
3783.6
3783.6
3783.6
3769.6
3769.6
3765.6
3737.6
3737.6
3737.6
3737.6
3737.6
3737.6
3737.6
3737.6
3737.6
3737.6
3737.6
3737.6
3737.6
3737.6
3737.6
3737.6
3737.6
3737.6
3737.6
3737.6
3737.6
3737.6
3737.6
3737.6
3737.6
3737.6
3737.6
3737.6
3737.6
3737.6
3737.6
3737.6
3737.6
3737.6
3737.6
3737.6
3737.6
3737.6
3737.6
3737.6
3737.6
3737.6
3737.6
3737.6
3737.6
3737.6
3737.6
3737.6
3737.6
3737.6
3737.6
3737.6
3737.6
3737.6
