3155.2
3155.2
2243.6
2243.6
2243.6
2160.8
2160.8
2160.8
2160.8
2160.8
2160.8
2160.8
2160.8
2160.8
2160.8
2160.8
2160.8
2160.8
2160.8
2160.8
2160.8
2160.8
2160.8
2160.8
2160.8
2160.8
2160.8
2160.8
2160.8
2160.8
2160.8
2160.8
2160.8
2160.8
2160.8
2160.8
2160.8
2160.8
2160.8
2109.2
2109.2
2109.2
2109.2
2109.2
2109.2
2109.2
2109.2
2099.2
2099.2
2099.2
2099.2
2099.2
2099.2
2099.2
2099.2
2099.2
2099.2
2099.2
2099.2
2099.2
2099.2
2099.2
2099.2
2099.2
2099.2
2099.2
2099.2
2099.2
2099.2
2099.2
2099.2
2099.2
2099.2
2099.2
2099.2
2099.2
2099.2
2099.2
2099.2
2099.2
2099.2
2099.2
2099.2
2099.2
2099.2
2099.2
2099.2
2099.2
2099.2
2099.2
2099.2
2099.2
2099.2
2099.2
2099.2
2099.2
2099.2
2099.2
2099.2
2099.2
