2570.4
2034.4
1972.4
1972.4
1878.4
1878.4
1870.8
1716.4
1716.4
1716.4
1716.4
1716.4
1716.4
1716.4
1716.4
1716.4
1710.4
1710.4
1710.4
1710.4
1710.4
1710.4
1710.4
1710.4
1710.4
1710.4
1710.4
1710.4
1710.4
1710.4
1710.4
1710.4
1710.4
1710.4
1710.4
1710.4
1710.4
1710.4
1710.4
1710.4
1710.4
1710.4
1710.4
1710.4
1710.4
1710.4
1710.4
1710.4
1710.4
1710.4
1710.4
1710.4
1710.4
1710.4
1710.4
1710.4
1710.4
1710.4
1710.4
1710.4
1710.4
1710.4
1710.4
1710.4
1710.4
1710.4
1710.4
1710.4
1710.4
1710.4
1710.4
1710.4
1710.4
1710.4
1710.4
1710.4
1710.4
1710.4
1710.4
1710.4
1710.4
1710.4
1710.4
1710.4
1710.4
1710.4
1710.4
1710.4
1710.4
1710.4
1710.4
1710.4
1710.4
1710.4
1710.4
1710.4
1710.4
1710.4
1710.4
1710.4
1710.4
