3084
3084
3076.4
2694.8
2183.6
2183.6
2183.6
2183.6
2171.6
2171.6
2171.6
2171.6
2171.6
2171.6
2171.6
2171.6
2171.6
2023.6
2023.6
2023.6
2023.6
2023.6
2023.6
2023.6
2023.6
2023.6
2023.6
2023.6
2023.6
2023.6
2023.6
2023.6
2023.6
2023.6
2023.6
2023.6
2023.6
2023.6
2023.6
2023.6
2023.6
2023.6
2023.6
2023.6
2023.6
2023.6
2023.6
2023.6
2023.6
2023.6
2023.6
2023.6
2023.6
2023.6
2023.6
2023.6
2023.6
2023.6
2023.6
2023.6
2023.6
2023.6
2023.6
2023.6
2023.6
2023.6
2023.6
2023.6
2023.6
2023.6
2023.6
2023.6
2023.6
2023.6
2023.6
2023.6
2023.6
2023.6
2023.6
2023.6
2023.6
2023.6
2023.6
2023.6
2023.6
2023.6
2023.6
2023.6
2023.6
2023.6
2023.6
2023.6
2023.6
2023.6
2023.6
2023.6
2023.6
2023.6
2023.6
2023.6
