3134.4
3134.4
2975.2
2975.2
2533.6
2533.6
2533.6
2533.6
2533.6
2533.6
2533.6
2533.6
2496.8
2496.8
2496.8
2380.8
2380.8
2380.8
2273.6
2273.6
2273.6
2273.6
2273.6
2273.6
2077.6
2077.6
2077.6
2077.6
2077.6
2077.6
2064.8
2064.8
2064.8
2064.8
2064.8
2064.8
2064.8
2064.8
2012.8
2012.8
2012.8
2012.8
2012.8
1962.8
1962.8
1880.8
1880.8
1874.8
1874.8
1874.8
1874.8
1874.8
1874.8
1874.8
1874.8
1874.8
1874.8
1874.8
1874.8
1874.8
1874.8
1874.8
1874.8
1874.8
1874.8
1874.8
1874.8
1874.8
1874.8
1874.8
1874.8
1874.8
1874.8
1874.8
1874.8
1874.8
1874.8
1874.8
1874.8
1874.8
1874.8
1874.8
1874.8
1874.8
1874.8
1874.8
1874.8
1874.8
1874.8
1874.8
1874.8
1874.8
1874.8
1874.8
1874.8
1874.8
1874.8
1874.8
1874.8
1874.8
