3575.2
3036.4
3024.4
2693.6
2524
2524
2507.2
2507.2
2505.2
2505.2
2269.2
2269.2
2269.2
2269.2
2269.2
2269.2
2269.2
2269.2
2269.2
2269.2
2269.2
2269.2
2269.2
2269.2
2269.2
2269.2
2269.2
2269.2
2269.2
2269.2
2261.6
2261.6
2261.6
2261.6
2261.6
2261.6
2261.6
2261.6
2261.6
2261.6
2261.6
2261.6
2261.6
2261.6
2261.6
2261.6
2261.6
2261.6
2261.6
2261.6
2261.6
2261.6
2261.6
2261.6
2261.6
2261.6
2261.6
2261.6
2213.2
2213.2
2213.2
2213.2
2213.2
2213.2
2213.2
2213.2
2213.2
2213.2
2213.2
2213.2
2213.2
2213.2
2213.2
2213.2
2213.2
2213.2
2213.2
2213.2
2213.2
2213.2
2213.2
2213.2
2213.2
2213.2
2213.2
2213.2
2213.2
2213.2
2213.2
2213.2
2213.2
2213.2
2213.2
2213.2
2213.2
2213.2
2213.2
2213.2
2213.2
2213.2
