8207.2
7513.2
7304.8
6920
6920
6742
6443.6
6343.2
6111.2
5876
5363.6
4960.4
4960.4
4960.4
4936.4
4879.2
4879.2
4847.6
4847.6
4777.2
4705.2
4561.2
4561.2
4561.2
4025.2
4025.2
4025.2
4025.2
4025.2
4025.2
4025.2
4025.2
4025.2
4025.2
4025.2
4025.2
4025.2
4025.2
4025.2
4025.2
4025.2
4025.2
4025.2
4025.2
4025.2
4025.2
4025.2
4025.2
4025.2
4025.2
4025.2
4025.2
4025.2
4025.2
4025.2
4025.2
4025.2
4025.2
4025.2
4025.2
4025.2
4025.2
4025.2
4025.2
4025.2
4025.2
4025.2
4025.2
4025.2
4025.2
4025.2
4025.2
4025.2
4025.2
4025.2
4025.2
4025.2
4025.2
4025.2
4025.2
4025.2
4025.2
4025.2
4025.2
4025.2
4025.2
4025.2
4025.2
4025.2
4025.2
4025.2
4025.2
4025.2
4025.2
4025.2
4025.2
4025.2
4025.2
4025.2
4025.2
