7304.8
6826.8
6826.8
6826.8
6485.2
6479.6
5974
5778.8
4339.2
4339.2
4339.2
4339.2
4339.2
4339.2
4339.2
4263.2
4064.8
4064.8
4064.8
4064.8
4023.6
4023.6
4023.6
4023.6
4023.6
4023.6
4023.6
4023.6
4023.6
4023.6
4023.6
4023.6
4023.6
4023.6
4023.6
4023.6
4023.6
4023.6
3984
3893.2
3835.2
3835.2
3835.2
3835.2
3720
3720
3720
3720
3720
3720
3720
3720
3658
3658
3658
3392.4
3392.4
3392.4
3392.4
3392.4
3392.4
3392.4
3392.4
3392.4
3392.4
3392.4
3392.4
3392.4
3392.4
3392.4
3392.4
3392.4
3392.4
3392.4
3392.4
3392.4
3392.4
3392.4
3392.4
3392.4
2978
2978
2978
2978
2978
2978
2978
2978
2978
2978
2978
2978
2978
2978
2978
2978
2978
2978
2978
2978
