10345.6
6500.4
6500.4
6394.4
6394.4
6394.4
6116
6116
6116
6116
6116
6116
6116
5844.8
5844.8
5817.2
5817.2
5817.2
5817.2
5817.2
5817.2
5621.2
5621.2
5572.8
5572.8
5572.8
5572.8
5572.8
5572.8
5572.8
5572.8
5572.8
5572.8
5572.8
5572.8
5572.8
5572.8
5438.8
5308.4
5308.4
5308.4
5308.4
5308.4
5308.4
5308.4
5308.4
5308.4
5308.4
5308.4
5308.4
5308.4
5308.4
5308.4
5308.4
5308.4
5308.4
5308.4
5308.4
5308.4
5308.4
5308.4
5308.4
5308.4
5308.4
5308.4
5308.4
5308.4
5308.4
5308.4
5308.4
5308.4
5308.4
5308.4
5308.4
5308.4
5308.4
5308.4
5308.4
5308.4
5199.2
5077.2
5077.2
5006.4
5006.4
5006.4
5006.4
5006.4
5006.4
5006.4
5006.4
5006.4
5006.4
5006.4
5006.4
5006.4
5006.4
5006.4
5006.4
5006.4
5006.4
