9175.6
7827.6
6672.8
5948.4
5267.2
5267.2
5029.2
4723.2
4723.2
4665.2
4605.2
4363.2
4363.2
4289.2
4289.2
4289.2
4289.2
4289.2
4077.2
4077.2
4077.2
3949.2
3949.2
3949.2
3949.2
3949.2
3949.2
3949.2
3949.2
3949.2
3949.2
3949.2
3949.2
3949.2
3949.2
3949.2
3949.2
3949.2
3949.2
3949.2
3949.2
3949.2
3949.2
3949.2
3949.2
3949.2
3949.2
3949.2
3949.2
3949.2
3949.2
3949.2
3949.2
3949.2
3949.2
3949.2
3949.2
3949.2
3949.2
3949.2
3949.2
3949.2
3949.2
3949.2
3949.2
3949.2
3949.2
3949.2
3949.2
3931.2
3931.2
3931.2
3931.2
3931.2
3931.2
3931.2
3931.2
3931.2
3931.2
3931.2
3931.2
3632.4
3536.4
3536.4
3536.4
3536.4
3536.4
3536.4
3536.4
3536.4
3134.4
3128.4
3128.4
2978.4
2978.4
2978.4
2978.4
2978.4
2978.4
2978.4
