9001.2
8630.8
8410.8
8289.6
6856
6856
6856
6856
6741.6
6741.6
6664.8
6664.8
6664.8
6664.8
6510.4
6424
6424
6424
6424
6424
6327.2
6327.2
6327.2
6327.2
6108.4
6108.4
6046.4
6046.4
6046.4
5572
5572
5572
5451.2
5451.2
5246.8
5246.8
5246.8
5246.8
5246.8
4920.8
4920.8
4920.8
4920.8
4920.8
4920.8
4920.8
4920.8
4920.8
4920.8
4624.8
4624.8
4624.8
4624.8
4624.8
4624.8
4624.8
4624.8
4624.8
4624.8
4624.8
4624.8
4624.8
4624.8
4624.8
4624.8
4624.8
4618.4
4618.4
4618.4
4510.4
4510.4
4433.6
4433.6
4433.6
4433.6
4433.6
4433.6
4393.6
4393.6
4393.6
4393.6
4393.6
4393.6
4393.6
4393.6
4393.6
4393.6
4393.6
4393.6
4374.8
4374.8
4374.8
4274.8
4164.8
4164.8
4164.8
4164.8
4164.8
4164.8
4164.8
