6003.2
5709.6
5385.6
5385.6
5385.6
5375.6
5338.8
5338.8
4813.6
4745.2
4272.4
4272.4
4154.4
3979.2
3979.2
3880.8
3853.6
3848.4
3848.4
3848.4
3848.4
3765.6
3765.6
3765.6
3760.8
3760.8
3760.8
3760.8
3760.8
3760.8
3760.8
3760.8
3760.8
3760.8
3760.8
3760.8
3760.8
3760.8
3760.8
3760.8
3648
3507.2
3507.2
3507.2
3507.2
3507.2
3507.2
3507.2
3507.2
3507.2
3507.2
3507.2
3453.6
3453.6
3453.6
3453.6
3436.8
3436.8
3436.8
3436.8
3436.8
3436.8
3436.8
3436.8
3436.8
3436.8
3436.8
3436.8
3436.8
3436.8
3436.8
3436.8
3436.8
3436.8
3436.8
3436.8
3436.8
3436.8
3436.8
3436.8
3436.8
3436.8
3436.8
3436.8
3436.8
3436.8
3436.8
3436.8
3436.8
3436.8
3436.8
3436.8
3436.8
3436.8
3436.8
3436.8
3436.8
3436.8
3436.8
3436.8
