6837.2
5930.4
5392.4
4650
4595.2
4595.2
4595.2
4595.2
4595.2
4595.2
4595.2
4595.2
4546.4
4546.4
4546.4
4546.4
4546.4
4546.4
4546.4
4546.4
4478.4
4432.4
4312.4
4312.4
4312.4
3915.6
3848.4
3366.4
3226
3226
3226
3226
3182
3182
3182
3182
3182
3176
3176
3159.2
3159.2
3159.2
3056.4
3056.4
3004.4
3004.4
3004.4
3004.4
3004.4
3004.4
3004.4
3004.4
3004.4
3004.4
3004.4
3004.4
3004.4
3004.4
3004.4
3004.4
2988.4
2988.4
2988.4
2988.4
2988.4
2988.4
2988.4
2988.4
2988.4
2988.4
2988.4
2988.4
2988.4
2988.4
2988.4
2988.4
2988.4
2988.4
2988.4
2988.4
2988.4
2988.4
2988.4
2988.4
2988.4
2988.4
2988.4
2988.4
2988.4
2988.4
2988.4
2988.4
2988.4
2988.4
2988.4
2988.4
2971.6
2971.6
2971.6
2971.6
