7851.6
7369.6
7369.6
7369.6
7229.6
7229.6
7229.6
7229.6
7229.6
7229.6
7229.6
7229.6
7148.4
6974
6974
6974
6974
6974
6974
6974
6974
6974
6974
6974
6834
6834
6834
6834
6834
6834
6035.2
6035.2
6035.2
6035.2
6035.2
6035.2
6035.2
6035.2
6035.2
6035.2
6021.2
6021.2
6021.2
6021.2
6021.2
6021.2
6021.2
6021.2
6021.2
5633.2
5633.2
5633.2
5633.2
5633.2
5601.2
5601.2
5601.2
5512.4
5512.4
5512.4
5512.4
5512.4
5512.4
5512.4
5512.4
5512.4
5512.4
5512.4
5512.4
5418.4
5418.4
5418.4
5418.4
5418.4
5418.4
5418.4
5418.4
5418.4
5418.4
5418.4
5412.8
5412.8
5412.8
5393.6
5393.6
5393.6
5393.6
5357.6
5357.6
5357.6
5357.6
5357.6
5357.6
5357.6
5357.6
5357.6
5357.6
5357.6
5357.6
5357.6
