12928.8
12038
11834
11379.2
10815.6
9977.6
9884
9332
8338.4
8338.4
7784
7738
7738
7702
7637.6
7608
7608
7608
7608
7608
7608
7021.2
7021.2
7021.2
7021.2
7007.2
7007.2
7007.2
7007.2
7007.2
7007.2
7007.2
6960.4
6960.4
6960.4
6960.4
6960.4
6954.8
6954.8
6954.8
6954.8
6954.8
6954.8
6954.8
6954.8
6954.8
6861.2
6861.2
6861.2
6861.2
6861.2
6861.2
6217.6
6217.6
6171.6
6171.6
6071.2
6071.2
6067.2
6067.2
6067.2
6049.2
6049.2
6049.2
6049.2
6035.2
6035.2
6035.2
6031.2
6031.2
6031.2
6031.2
6031.2
5963.2
5963.2
5963.2
5963.2
5963.2
5963.2
5963.2
5963.2
5963.2
5963.2
5963.2
5963.2
5963.2
5963.2
5963.2
5963.2
5963.2
5963.2
5963.2
5963.2
5963.2
5963.2
5963.2
5963.2
5963.2
5963.2
5963.2
