10075.6
10075.6
10075.6
8635.2
8257.6
8093.6
8008.4
8008.4
8008.4
8008.4
8008.4
7979.6
7979.6
7979.6
7979.6
7979.6
7979.6
7891.6
7891.6
7891.6
7891.6
7891.6
7784
7784
7784
7784
7784
7784
7784
7784
7784
7784
7784
7784
7784
7784
7784
7784
7784
7784
7514
7514
7514
7514
7514
7514
7514
7514
7489.6
7489.6
7375.2
7274.4
6868
6524.4
6132
6132
6132
5950
5950
5950
5950
5950
5950
5950
5950
5950
5950
5950
5950
5950
5950
5950
5950
5950
5950
5708.4
5667.6
5667.6
5667.6
5606.8
5606.8
5606.8
5606.8
5606.8
5606.8
5606.8
5606.8
5606.8
5606.8
5606.8
5606.8
5606.8
5606.8
5606.8
5606.8
5606.8
5606.8
5606.8
5606.8
5606.8
5606.8
