12193.6
11044.4
11044.4
10818
10352.4
10352.4
10352.4
10352.4
10070
10070
10070
9636.4
9060.4
9060.4
9060.4
9060.4
9060.4
9060.4
9060.4
9060.4
9060.4
9060.4
9032.4
9032.4
9032.4
9032.4
9032.4
9032.4
9032.4
8834
8514
8514
8514
8208
8208
8208
8208
8208
8208
8208
8208
8208
8208
8208
8208
8208
8208
8208
8208
8208
8208
8208
8102.8
8102.8
8102.8
8102.8
8102.8
8102.8
8098.8
8098.8
8098.8
8098.8
8098.8
8098.8
8098.8
8098.8
8098.8
8098.8
8098.8
8098.8
8098.8
8098.8
8098.8
8098.8
8098.8
8098.8
8098.8
8098.8
8098.8
8098.8
8098.8
8098.8
8098.8
8098.8
8098.8
8098.8
8098.8
8098.8
8098.8
8098.8
8098.8
8098.8
8098.8
8038
7940.8
7940.8
7940.8
7902.8
7902.8
7902.8
