10135.2
10135.2
10135.2
10135.2
9491.2
9186.4
9186.4
9186.4
9186.4
9186.4
8268
8117.2
8117.2
6717.2
6717.2
6717.2
6717.2
6715.2
6715.2
6715.2
6715.2
6715.2
6715.2
6715.2
6382.4
6382.4
6382.4
6382.4
5849.2
5849.2
5849.2
5849.2
5849.2
5849.2
5849.2
5849.2
5849.2
5849.2
5459.2
5459.2
5419.2
5302
5274.4
5102.8
5102.8
5060.4
5060.4
5048.4
5048.4
5048.4
4898.4
4704.4
4704.4
4578.4
4578.4
4578.4
4578.4
4578.4
4578.4
4434.8
4434.8
4434.8
4434.8
4434.8
4434.8
4434.8
4434.8
4275.2
4275.2
4275.2
4275.2
4275.2
4275.2
4275.2
4275.2
4275.2
4275.2
4262
4262
4262
4262
4028.4
4028.4
4028.4
4028.4
4028.4
4028.4
3988.4
3988.4
3988.4
3988.4
3988.4
3988.4
3988.4
3905.6
3905.6
3905.6
3732.4
3732.4
3732.4
