11583.2
10906.8
10289.6
9923.6
9776.8
9628.8
9556.8
9504.8
9504.8
9504.8
9504.8
9504.8
9504.8
9504.8
9504.8
9504.8
9504.8
9504.8
9504.8
9249.2
9249.2
9194
9194
9004
8868.8
8863.6
8855.2
8330.8
7829.2
7821.2
7821.2
7602.4
7602.4
7590.4
7590.4
7590.4
7574.4
7436.4
7436.4
7436.4
7385.6
7385.6
7273.2
7273.2
7273.2
7207.6
7207.6
7181.2
7181.2
7065.6
6856
6856
6752
6752
6752
6639.2
6639.2
6639.2
6639.2
6639.2
6639.2
6639.2
6639.2
6639.2
6639.2
6639.2
6639.2
6639.2
6639.2
6639.2
6639.2
6639.2
6639.2
6571.2
6571.2
6571.2
6571.2
6571.2
6571.2
6571.2
6571.2
6571.2
6571.2
6571.2
6571.2
6571.2
6571.2
6571.2
6571.2
6571.2
6571.2
6571.2
6571.2
6571.2
6571.2
6571.2
6571.2
6571.2
6571.2
6571.2
