5796.4
5589.6
5589.6
5581.6
4870
4870
4788
4788
4788
4212
4212
4212
4212
4212
4212
4212
4120
4120
4120
4120
4120
4120
4058
4058
4058
4058
4058
4058
4058
3926
3926
3926
3926
3926
3926
3926
3926
3926
3926
3926
3926
3926
3926
3926
3926
3926
3926
3926
3926
3926
3926
3926
3926
3926
3926
3926
3926
3926
3926
3926
3926
3926
3926
3926
3926
3926
3926
3926
3926
3926
3926
3926
3926
3926
3926
3926
3926
3926
3926
3854
3854
3854
3854
3854
3854
3854
3854
3854
3854
3854
3854
3854
3854
3854
3854
3854
3854
3854
3854
3854
