6252
6252
6252
5866
5644
5644
5644
5644
5644
5644
5644
5644
5644
5644
5348.4
5348.4
5348.4
5348.4
5348.4
5348.4
5348.4
5348.4
5348.4
5348.4
5348.4
5348.4
5348.4
5348.4
5110.4
5110.4
5110.4
5110.4
5110.4
5110.4
5110.4
5110.4
5110.4
5110.4
5110.4
5110.4
5110.4
5110.4
5110.4
5110.4
5110.4
5110.4
5110.4
5110.4
5110.4
5110.4
5110.4
5110.4
5110.4
5110.4
5110.4
5110.4
5110.4
5110.4
5110.4
5110.4
5110.4
5110.4
4902.4
4902.4
4902.4
4902.4
4902.4
4902.4
4902.4
4902.4
4902.4
4902.4
4902.4
4902.4
4902.4
4902.4
4902.4
4902.4
4902.4
4902.4
4902.4
4902.4
4902.4
4902.4
4902.4
4902.4
4902.4
4902.4
4902.4
4902.4
4902.4
4902.4
4902.4
4902.4
4902.4
4902.4
4902.4
4902.4
4902.4
4902.4
4902.4
