9896
8478.8
8478.8
8478.8
8478.8
8478.8
8478.8
8478.8
8478.8
8478.8
8478.8
8478.8
8478.8
8478.8
8478.8
8478.8
8478.8
8478.8
8478.8
8478.8
8478.8
8478.8
8478.8
8478.8
8478.8
8478.8
8478.8
8478.8
8478.8
8310.8
8310.8
8310.8
8310.8
8310.8
8310.8
8310.8
8310.8
8310.8
8310.8
8310.8
8310.8
8310.8
8170
8048
8048
8048
7992
7902
7902
7902
7902
7902
7902
7902
7727.2
7727.2
7665.6
7665.6
7665.6
7665.6
7665.6
7665.6
7665.6
7665.6
7665.6
7665.6
7665.6
7665.6
7665.6
7665.6
7665.6
7665.6
7665.6
7598
7598
7598
7598
7598
7598
7598
7598
7598
7598
7598
7598
7598
7598
7598
7598
7598
7598
7598
7598
7598
7598
7598
7598
7598
7598
7598
