7298
7298
7298
7298
7298
7142
7142
7142
7142
7142
7142
7142
7142
7142
7142
7142
7042.4
7042.4
6444.4
6444.4
6444.4
6444.4
6444.4
6444.4
6444.4
6444.4
6444.4
6444.4
6444.4
6444.4
6444.4
6444.4
6444.4
6444.4
6444.4
6444.4
6444.4
6444.4
6444.4
6444.4
6444.4
6444.4
6444.4
6444.4
6444.4
6444.4
6444.4
6444.4
6444.4
6444.4
6444.4
6444.4
6444.4
6444.4
6444.4
6444.4
6444.4
6444.4
6444.4
6444.4
6444.4
6444.4
6444.4
6444.4
6444.4
6444.4
6444.4
6444.4
6444.4
6444.4
6444.4
6444.4
6444.4
6444.4
6444.4
6444.4
6444.4
6444.4
6444.4
6444.4
6444.4
6444.4
6444.4
6444.4
6444.4
6444.4
6444.4
6444.4
6444.4
6444.4
6444.4
6444.4
6444.4
6444.4
6444.4
6444.4
6444.4
6444.4
6444.4
6444.4
