7231.6
6593.6
6515.6
6075.6
6075.6
6075.6
6075.6
6075.6
5991.6
5919.6
5919.6
5919.6
5919.6
5919.6
5919.6
5919.6
5919.6
5919.6
5919.6
5845.6
5845.6
5779.6
5779.6
5773.6
5773.6
5773.6
5773.6
5773.6
5773.6
5773.6
5773.6
5617.6
5617.6
5617.6
5617.6
5617.6
5617.6
5617.6
5617.6
5617.6
5617.6
5617.6
5617.6
5617.6
5617.6
5617.6
5617.6
5617.6
5617.6
5617.6
5617.6
5617.6
5617.6
5617.6
5617.6
5617.6
5617.6
5617.6
5617.6
5617.6
5617.6
5617.6
5617.6
5617.6
5617.6
5617.6
5617.6
5617.6
5617.6
5617.6
5617.6
5617.6
5617.6
5617.6
5617.6
5617.6
5617.6
5617.6
5617.6
5617.6
5617.6
5596.4
5596.4
5596.4
5596.4
5596.4
5596.4
5596.4
5596.4
5596.4
5596.4
5596.4
5596.4
5596.4
5596.4
5596.4
5596.4
5596.4
5596.4
5596.4
