6311.2
6179.2
6047.2
5747.2
5511.2
5407.2
5272.8
5272.8
5272.8
5272.8
5272.8
5272.8
5272.8
5272.8
5272.8
5180.8
5180.8
5180.8
5180.8
4934.8
4934.8
4934.8
4934.8
4934.8
4934.8
4934.8
4934.8
4934.8
4934.8
4934.8
4934.8
4934.8
4934.8
4934.8
4934.8
4934.8
4934.8
4934.8
4934.8
4934.8
4934.8
4934.8
4934.8
4934.8
4934.8
4934.8
4934.8
4934.8
4934.8
4934.8
4934.8
4934.8
4934.8
4934.8
4934.8
4934.8
4934.8
4934.8
4934.8
4934.8
4934.8
4934.8
4934.8
4934.8
4934.8
4934.8
4934.8
4852.8
4852.8
4852.8
4852.8
4852.8
4852.8
4852.8
4852.8
4852.8
4852.8
4852.8
4852.8
4852.8
4852.8
4852.8
4852.8
4852.8
4852.8
4852.8
4852.8
4852.8
4852.8
4852.8
4852.8
4852.8
4852.8
4852.8
4852.8
4852.8
4852.8
4852.8
4852.8
4852.8
