8109.6
6775.6
6775.6
6775.6
6775.6
6775.6
6295.2
6295.2
6295.2
6295.2
6295.2
6295.2
6295.2
6295.2
6295.2
6295.2
6295.2
6189.2
6189.2
6189.2
6189.2
5965.2
5965.2
5965.2
5965.2
5965.2
5965.2
5965.2
5965.2
5965.2
5965.2
5359.2
5359.2
5359.2
5359.2
5359.2
5223.2
5223.2
5223.2
5223.2
5223.2
5223.2
5223.2
5223.2
5223.2
5223.2
5223.2
5223.2
5223.2
5115.2
5115.2
5115.2
5115.2
5115.2
5115.2
5115.2
5107.2
5107.2
5107.2
5107.2
5107.2
5107.2
5107.2
5107.2
5107.2
5107.2
5107.2
5107.2
5107.2
5107.2
5107.2
5107.2
5107.2
5107.2
5107.2
5107.2
5107.2
5107.2
5033.2
5033.2
5033.2
5033.2
5033.2
5033.2
5033.2
5033.2
5033.2
5033.2
5033.2
5033.2
5033.2
5033.2
4999.2
4999.2
4999.2
4999.2
4999.2
4999.2
4999.2
4999.2
