11537.6
9061.6
8779.2
8779.2
7691.2
7691.2
7671.2
7671.2
7541.2
7541.2
7541.2
7541.2
7541.2
7541.2
7541.2
7541.2
7541.2
7541.2
7541.2
7541.2
7541.2
7210.8
6726.8
6394.8
6394.8
6394.8
6388.8
6388.8
6388.8
6388.8
6388.8
6388.8
6388.8
6388.8
6388.8
6388.8
6388.8
6388.8
6388.8
6388.8
6388.8
6388.8
6388.8
6352.8
6352.8
6352.8
6352.8
6352.8
6352.8
6352.8
6352.8
6352.8
6352.8
6352.8
6352.8
6352.8
6352.8
6352.8
6352.8
6352.8
6352.8
6352.8
6352.8
6352.8
6352.8
6352.8
6352.8
6352.8
6352.8
6352.8
6352.8
6352.8
6352.8
6352.8
6352.8
6352.8
6352.8
6352.8
6352.8
6352.8
6352.8
6352.8
6352.8
6352.8
6352.8
6352.8
6352.8
6352.8
6352.8
6352.8
6352.8
6352.8
6352.8
6352.8
6352.8
6352.8
6352.8
6352.8
6352.8
6352.8
