15865.2
15865.2
15865.2
15865.2
15865.2
11573.6
11573.6
11573.6
11573.6
11573.6
10653.6
10377.6
10377.6
10377.6
10377.6
10377.6
10377.6
10377.6
10377.6
10377.6
10361.6
10361.6
10361.6
10361.6
10331.6
10331.6
10331.6
10331.6
10331.6
10331.6
10321.6
10321.6
10321.6
10321.6
10321.6
10313.6
10313.6
10313.6
10313.6
10313.6
10313.6
10313.6
10313.6
10313.6
10313.6
10313.6
10313.6
10313.6
10313.6
10312.4
10312.4
10312.4
10312.4
10312.4
10312.4
10312.4
10312.4
10312.4
10312.4
10304.4
10304.4
10304.4
10304.4
10304.4
10304.4
10304.4
10304.4
10304.4
10304.4
10304.4
10304.4
10304.4
10304.4
10304.4
10304.4
10304.4
10304.4
10304.4
10304.4
10304.4
10304.4
10304.4
10304.4
10304.4
10304.4
10304.4
10304.4
10304.4
10304.4
10304.4
10304.4
10304.4
10304.4
10304.4
10304.4
10304.4
10304.4
10304.4
10304.4
10304.4
