10967.2
10743.6
9821.2
9821.2
9821.2
9821.2
8888
8761.6
8761.6
8761.6
8349.6
8349.6
8308.4
7846.4
7662
7588
6745.2
6745.2
6745.2
6745.2
6744.8
6720.8
6668.8
6668.8
6652.8
6652.8
6652.8
6652.8
6652.8
6517.6
6396.8
6396.8
6396.8
6116
6116
6116
6116
6116
5975.2
5975.2
5975.2
5975.2
5975.2
5975.2
5975.2
5975.2
5910.4
5512.4
5512.4
5378.4
5378.4
5378.4
5378.4
5378.4
5378.4
5378.4
5378.4
5378.4
5378.4
5378.4
5378.4
5378.4
5378.4
5378.4
5378.4
5378.4
5378.4
5378.4
5378.4
5378.4
5378.4
5378.4
5378.4
5378.4
5378.4
5378.4
5378.4
5378.4
5378.4
5378.4
5378.4
5378.4
5378.4
5378.4
5378.4
5378.4
5378.4
5378.4
5378.4
5378.4
5378.4
5378.4
5378.4
5378.4
5378.4
5378.4
5378.4
5378.4
5378.4
5378.4
