14809.6
13094.8
12940.8
12746.8
12746.8
11946.8
11748.8
11306.8
10852.8
10492.8
10492.8
10434.8
10358.8
10292.8
10238.8
10238.8
10160.8
10160.8
10102.8
10102.8
10102.8
10068.8
9994.8
9994.8
9864.4
9864.4
9580
9580
9209.2
9209.2
9209.2
8746
8746
8746
8746
8746
8746
8690
8690
8690
8690
8690
8690
8690
8690
8690
8690
8690
8690
8690
8690
8690
8690
8690
8608
8608
8608
8608
8608
8570.4
8570.4
8570.4
8570.4
8570.4
8550.4
8550.4
8550.4
8286.4
8286.4
8286.4
8266.4
8266.4
8266.4
8266.4
8140.4
8140.4
8140.4
8140.4
8140.4
8140.4
8140.4
8140.4
8140.4
8140.4
8140.4
8140.4
8140.4
8140.4
8140.4
8140.4
8140.4
8140.4
8140.4
8140.4
8140.4
8140.4
8140.4
8140.4
8140.4
8140.4
