9411.2
9054
9054
9054
9024.8
9024.8
9024.8
9024.8
9024.8
8468
8468
8468
8468
7465.2
7247.2
7173.2
7039.2
7033.2
6823.2
6823.2
6823.2
6714.8
6714.8
6714.8
6714.8
6714.8
6714.8
6462.8
6462.8
6462.8
6462.8
6462.8
6290.8
6290.8
6046.8
6046.8
6046.8
6046.8
6046.8
6046.8
6046.8
6046.8
6040.8
6040.8
6040.8
6040.8
6040.8
6040.8
6040.8
6006.8
6006.8
6006.8
6006.8
6006.8
6006.8
6006.8
6006.8
6006.8
6006.8
6006.8
6006.8
6006.8
6006.8
6006.8
6006.8
6006.8
6006.8
6006.8
6006.8
6006.8
6006.8
6006.8
6006.8
6006.8
5968.8
5968.8
5968.8
5966.8
5966.8
5966.8
5966.8
5966.8
5966.8
5966.8
5966.8
5966.8
5966.8
5944.8
5944.8
5944.8
5944.8
5944.8
5944.8
5944.8
5944.8
5944.8
5944.8
5944.8
5944.8
5944.8
5944.8
