13362
12570.8
12426.4
11336
11216
9932.8
9922.8
9502.4
9502.4
9502.4
9486.4
9486.4
9486.4
9486.4
9460.4
9460.4
9460.4
9362.4
9362.4
9362.4
9362.4
9362.4
9362.4
9362.4
9362.4
9362.4
9362.4
9362.4
9282.4
9282.4
9261.6
9261.6
9261.6
8626.4
8612.4
8140.4
8140.4
8140.4
8126.4
8126.4
8126.4
8126.4
8126.4
8126.4
8126.4
8126.4
8126.4
8126.4
8126.4
8110.4
8110.4
8110.4
8110.4
8110.4
8110.4
8110.4
8110.4
8110.4
8110.4
8110.4
8110.4
8110.4
8110.4
8110.4
8110.4
8074.4
8074.4
8074.4
8074.4
8074.4
8074.4
8074.4
8074.4
8052.4
8052.4
8052.4
8052.4
8052.4
8052.4
8052.4
8052.4
8052.4
8052.4
8052.4
8052.4
8052.4
8052.4
8052.4
8052.4
8052.4
8052.4
8052.4
8052.4
8052.4
8052.4
8052.4
8052.4
8052.4
8052.4
8052.4
