11338.8
10811.6
10578.8
10578.8
10578.8
9200
9200
8842.8
8842.8
8809.2
8322.4
8322.4
8322.4
8322.4
8322.4
8093.2
8093.2
8093.2
6841.2
6841.2
6841.2
6841.2
6841.2
6841.2
6841.2
6841.2
6841.2
6841.2
6841.2
6841.2
6841.2
6841.2
6841.2
6251.2
6111.2
6111.2
6111.2
5626
5626
5626
5626
5626
5626
5626
5626
5626
5626
5626
5626
5626
5626
5626
5626
5626
5626
5482.8
5261.6
5261.6
5261.6
5261.6
5261.6
5261.6
5140.8
5140.8
5140.8
5140.8
5140.8
5140.8
5140.8
5140.8
5140.8
5140.8
5140.8
5140.8
5140.8
5140.8
5140.8
5140.8
5140.8
5140.8
5140.8
5140.8
5140.8
4981.2
4981.2
4981.2
4981.2
4981.2
4981.2
4981.2
4981.2
4981.2
4981.2
4981.2
4981.2
4981.2
4729.2
4729.2
4729.2
4729.2
