13185.6
13185.6
13185.6
13185.6
13185.6
13185.6
13185.6
12261.6
12261.6
12261.6
12261.6
12261.6
12261.6
12015.6
12015.6
12015.6
12015.6
12015.6
12015.6
12015.6
11952.4
11395.6
11068.4
11068.4
11068.4
11068.4
11068.4
11068.4
11068.4
11068.4
10886
10886
10886
10886
10886
10450.4
10450.4
10450.4
10450.4
10450.4
10450.4
10450.4
10450.4
10424.4
10424.4
10424.4
10424.4
10424.4
9783.2
9747.2
9747.2
9747.2
9747.2
9747.2
9747.2
9747.2
9747.2
9747.2
9747.2
9747.2
9535.2
9535.2
9535.2
9535.2
9535.2
9535.2
9535.2
9535.2
9535.2
9535.2
9535.2
9535.2
9401.2
9401.2
9401.2
9401.2
9401.2
9401.2
9401.2
9401.2
9401.2
9401.2
9401.2
9301.2
9301.2
9301.2
9301.2
9301.2
9301.2
9301.2
9301.2
9301.2
9283.2
9283.2
9245.2
9245.2
9245.2
9245.2
9245.2
9245.2
