14170.4
13216.4
12036.8
11369.6
11197.2
9813.6
8994
8994
8844.4
8844.4
8844.4
8844.4
8559.2
8330.8
8330.8
8330.8
8330.8
8330.8
8326.8
8128
8059.2
7908.8
7748.8
7748.8
7748.8
7748.8
7748.8
7748.8
7748.8
7748.8
7748.8
7748.8
7748.8
7748.8
7702.8
7702.8
7610.4
7610.4
7465.2
7020.4
7020.4
7020.4
7020.4
7020.4
7020.4
7020.4
7020.4
6702.4
6702.4
6702.4
6702.4
6702.4
6702.4
6702.4
6702.4
6702.4
6702.4
6702.4
6702.4
6702.4
6702.4
6702.4
6702.4
6702.4
6518.4
6504.4
6504.4
6504.4
6504.4
6504.4
6504.4
6504.4
6504.4
6504.4
6504.4
6504.4
6504.4
6504.4
6504.4
6504.4
6504.4
6504.4
6504.4
6504.4
6504.4
6504.4
6504.4
6504.4
6504.4
6504.4
6504.4
6504.4
6504.4
6504.4
6504.4
6504.4
6504.4
6504.4
6504.4
6504.4
