12826.8
12460.8
12176.8
12086.4
10847.6
10847.6
10847.6
10650.8
10650.8
10650.8
10650.8
10340.8
10340.8
10136.8
10136.8
10136.8
10126.8
10126.8
10126.8
10126.8
10034
9939.2
9890
9538.8
9538.8
9538.8
9538.8
9538.8
9538.8
9538.8
9538.8
9538.8
9538.8
9538.8
9538.8
9538.8
9538.8
9538.8
9538.8
9538.8
9538.8
9536.8
9536.8
9536.8
9536.8
9536.8
9536.8
9536.8
9536.8
9536.8
9536.8
9536.8
9536.8
9536.8
9536.8
9536.8
9536.8
9536.8
9536.8
9536.8
9536.8
9536.8
9536.8
9536.8
9536.8
9412.8
9412.8
9412.8
9412.8
9412.8
9412.8
9412.8
9412.8
9412.8
9412.8
9412.8
9412.8
9412.8
9412.8
9412.8
9412.8
9412.8
9412.8
9412.8
9412.8
9412.8
9412.8
9412.8
9412.8
9412.8
9412.8
9412.8
9412.8
9412.8
9412.8
9412.8
9412.8
9412.8
9412.8
9412.8
