19511.6
18916.8
15692.8
15528.8
15528.8
15528.8
15528.8
14124.8
14124.8
13874.8
13874.8
13874.8
13874.8
13860.8
13860.8
13860.8
13860.8
13860.8
13860.8
13860.8
13860.8
13860.8
13860.8
13860.8
13860.8
13860.8
13860.8
13860.8
13860.8
13860.8
13860.8
13860.8
13705.6
13705.6
13571.6
13497.6
13497.6
13497.6
13497.6
13250
13250
13250
13235.2
12825.2
12152
12152
12152
12152
12152
12152
12152
12152
12152
12152
12152
12152
12152
12152
12152
12152
12152
11796.4
11796.4
11796.4
11796.4
11796.4
11796.4
11796.4
11796.4
10823.6
10823.6
10823.6
10823.6
10823.6
10705.6
10705.6
10705.6
10705.6
10699.6
10699.6
10699.6
10699.6
10699.6
10699.6
10699.6
10699.6
10699.6
10699.6
10699.6
10699.6
10699.6
10699.6
10699.6
10699.6
10699.6
10699.6
10699.6
10699.6
10699.6
10699.6
