20599.6
18780.4
18780.4
18262.4
18262.4
18262.4
18262.4
18262.4
18262.4
18262.4
17797.2
17797.2
17797.2
17797.2
17797.2
17216
16994
16656.8
16484.8
16484.8
15503.6
15405.6
15405.6
15405.6
15405.6
15405.6
15405.6
15405.6
15405.6
15405.6
15405.6
15405.6
15405.6
15405.6
15405.6
15405.6
15405.6
15405.6
15405.6
15405.6
15392.8
15356.8
15356.8
15356.8
15356.8
15356.8
15356.8
15356.8
15356.8
15356.8
15356.8
15354.8
15354.8
15354.8
14955.2
14955.2
14955.2
14955.2
14941.2
14867.2
14867.2
14867.2
14867.2
14651.2
14651.2
14651.2
14651.2
14651.2
14619.2
14619.2
14619.2
14619.2
14619.2
14619.2
14619.2
14605.2
14556
14556
14524
14449.2
14449.2
14449.2
14449.2
14449.2
14449.2
14449.2
14411.2
14411.2
14411.2
14331.2
14331.2
14275.2
14275.2
14275.2
14275.2
14275.2
14171.2
14171.2
14171.2
14157.2
