15620.4
15208.8
15208.8
14597.2
14597.2
14597.2
14597.2
14597.2
14597.2
14597.2
13788
13756
13499.6
13024.8
13024.8
12478
12478
12478
12478
12478
12068
11316
11316
11316
11316
11316
11316
11316
10724.4
10724.4
10188
10188
10188
10188
10188
10188
10188
10188
10188
10188
10188
10188
10188
10188
10188
10188
10188
10188
10188
10188
9834.8
9834.8
9834.8
9834.8
9834.8
9834.8
9834.8
9834.8
9834.8
9750
9750
9750
9683.6
9683.6
9683.6
9683.6
9683.6
9683.6
9683.6
9683.6
9230.4
9150.4
9150.4
9150.4
9150.4
9150.4
9150.4
9150.4
9150.4
9150.4
9150.4
9150.4
9150.4
9150.4
8947.6
8947.6
8947.6
8947.6
8947.6
8947.6
8947.6
8947.6
8947.6
8947.6
8947.6
8947.6
8947.6
8947.6
8947.6
8838.4
