14620
13666.4
11900
11858
11296.4
10378
9999.6
9999.6
9765.6
9765.6
9317.6
9317.6
9317.6
9253.6
9253.6
9253.6
9193.6
9193.6
8637.6
8637.6
8637.6
8537.6
8535.6
8535.6
8535.6
8457.6
8413.6
8413.6
8413.6
8413.6
8335.6
8335.6
8299.6
8299.6
8299.6
8267.6
8267.6
8267.6
8209.6
8209.6
8209.6
8209.6
8209.6
8209.6
8209.6
8209.6
8203.6
8203.6
8203.6
8203.6
8203.6
8203.6
8203.6
8203.6
8203.6
8197.6
8197.6
8197.6
8197.6
8197.6
8197.6
8197.6
8197.6
8197.6
8189.6
8189.6
8189.6
8189.6
8189.6
8189.6
8189.6
8189.6
8189.6
8189.6
8189.6
8189.6
8189.6
8189.6
8189.6
8189.6
8189.6
8189.6
8189.6
8189.6
8189.6
8189.6
8189.6
8189.6
8189.6
8189.6
8189.6
8189.6
8189.6
8189.6
8189.6
8189.6
8189.6
8189.6
8189.6
8189.6
