16294
14560.8
12399.6
11142.4
11100.4
10303.2
10285.2
10285.2
10285.2
10285.2
10263.6
10263.6
9819.6
9819.6
9819.6
9282.8
9282.8
9282.8
9040
9040
9040
8990
8990
8990
8990
8990
8920
8920
8086.8
8086.8
8086.8
7814.8
7814.8
7814.8
7814.8
7814.8
7632.8
7632.8
7632.8
7632.8
7490.8
7490.8
7490.8
7490.8
7488.8
7488.8
7488.8
7488.8
7488.8
7488.8
7488.8
7488.8
7488.8
7438.8
7438.8
7172.8
7118.8
7102.8
7102.8
7054.8
7034.8
7034.8
7034.8
7034.8
7034.8
7034.8
7034.8
7034.8
7034.8
7034.8
7034.8
7034.8
7034.8
7034.8
7034.8
7034.8
7034.8
6988.8
6980.8
6980.8
6980.8
6940.8
6940.8
6744.8
6744.8
6744.8
6680.8
6680.8
6680.8
6680.8
6680.8
6680.8
6680.8
6680.8
6680.8
6506.8
6506.8
6506.8
6506.8
6506.8
