8294.8
7970.8
7692
7690
7690
7344
7174.8
6706
6706
6706
6706
6706
6706
6538
6538
6538
6538
6538
6538
6538
6538
6538
6538
6538
6538
6538
6538
6538
6406
6406
6406
6406
6406
6406
6406
6406
6406
6339.6
6116.8
6116.8
6116.8
6116.8
6116.8
6116.8
6116.8
6116.8
6062.8
6062.8
6062.8
6062.8
6062.8
6062.8
6062.8
6062.8
6062.8
6062.8
6062.8
6062.8
6062.8
6062.8
6062.8
6062.8
6062.8
6062.8
6062.8
6062.8
5617.2
5617.2
5617.2
5564.8
5564.8
5564.8
5564.8
5544.8
5544.8
5527.6
5527.6
5527.6
5527.6
5527.6
5295.6
5295.6
5295.6
5295.6
5295.6
5241.6
5241.6
5241.6
5241.6
5241.6
5241.6
5241.6
5241.6
5241.6
5241.6
5241.6
5241.6
5241.6
5241.6
5241.6
5241.6
