17694
17694
16856
16313.2
15248
14902
14895.6
14783.6
14299.6
14299.6
14299.6
14299.6
14299.6
14299.6
13969.6
13969.6
13969.6
13707.6
13707.6
13707.6
13609.6
13473.6
13143.2
13143.2
13143.2
13143.2
13143.2
13143.2
13143.2
13143.2
13143.2
13143.2
13143.2
13143.2
13143.2
13143.2
13143.2
13143.2
13143.2
13143.2
13143.2
13143.2
13143.2
12951.2
12951.2
12951.2
12951.2
12951.2
12951.2
12951.2
12951.2
12951.2
12951.2
12951.2
12951.2
12951.2
12951.2
12951.2
12951.2
12951.2
12951.2
12951.2
12951.2
12951.2
12951.2
12951.2
12951.2
12951.2
12951.2
12951.2
12951.2
12951.2
12951.2
12951.2
12951.2
12951.2
12951.2
12951.2
12951.2
12951.2
12951.2
12951.2
12951.2
12951.2
12951.2
12951.2
12951.2
12951.2
12951.2
12951.2
12951.2
12951.2
12951.2
12951.2
12951.2
12951.2
12951.2
12793.2
12793.2
12793.2
