33718
33718
33718
33718
33718
33198.4
33198.4
33198.4
31886.4
29879.6
28949.6
26670
26670
26670
26670
26670
26294
26294
26294
25304
25304
25304
25304
24744.8
24744.8
24744.8
24744.8
24744.8
24744.8
24580.8
24554.8
24118.8
24118.8
24118.8
24118.8
24118.8
23851.2
23851.2
23851.2
23851.2
23521.2
23521.2
23521.2
23521.2
23521.2
23521.2
23344
23231.2
23231.2
22726.8
22726.8
22726.8
22670.8
22670.8
22670.8
22670.8
22670.8
22670.8
22670.8
22670.8
22670.8
22643.2
22643.2
22643.2
22643.2
22643.2
22643.2
21934.4
21934.4
21934.4
21934.4
21804.4
21804.4
21804.4
21804.4
21804.4
21708.4
21708.4
21708.4
21708.4
21586.4
21586.4
21586.4
20860
20860
20860
20860
20860
20860
20860
20860
20860
19972
19972
19972
19972
19972
19972
19972
19972
