30757.2
28147.2
27934
27816
27324
27324
27248.8
27248.8
27248.8
27248.8
27248.8
27248.8
27248.8
27234.8
27039.6
27039.6
27039.6
27039.6
27039.6
26792.4
26182
26020
26020
26020
26020
26020
26020
26020
26020
25752
25752
25752
25397.2
25200
25200
24962
24962
24884.8
24884.8
24884.8
24884.8
24736.8
24736.8
24698.8
24686.8
24686.8
24686.8
24644.8
24644.8
24644.8
24644.8
24644.8
24618.8
23755.6
23755.6
23755.6
23755.6
23755.6
23755.6
23755.6
23755.6
23755.6
23755.6
23755.6
23755.6
23755.6
23755.6
23755.6
23603.6
23603.6
23603.6
23603.6
23579.6
23579.6
23579.6
23579.6
23579.6
23579.6
23192
23192
23162
23162
23162
23162
23162
23162
23162
23020
23020
23020
23020
23020
23020
23020
23020
22908
22908
22908
22908
22908
22908
