36967.2
34483.2
34220.4
32048.8
31974.8
31540.8
30341.2
27764.4
27764.4
27628.4
26934.4
26788.4
26358.8
26358.8
26358.8
26324.8
24435.2
24435.2
24309.2
24309.2
24295.2
23744
23744
23744
23642
23082.8
23018
23018
23018
23018
22900
22900
22173.6
22173.6
22171.6
21617.6
21617.6
21617.6
21617.6
21617.6
21605.6
21599.6
21493.6
21009.2
21009.2
20961.2
20961.2
20857.6
20857.6
20857.6
20857.6
20857.6
20857.6
20857.6
20857.6
20857.6
20652
20652
20652
20652
20602
20602
20602
20602
20602
20602
20602
20602
20602
20540
20540
20273.2
20273.2
20273.2
20273.2
20273.2
20273.2
20273.2
20273.2
20273.2
20273.2
20273.2
20273.2
20273.2
20273.2
20273.2
20273.2
20273.2
20273.2
20273.2
20273.2
20273.2
20273.2
20273.2
20273.2
20273.2
20273.2
20273.2
20273.2
20273.2
