33966.8
31284
31284
30836.8
30037.2
28493.6
28493.6
28199.6
28069.6
28069.6
27849.6
27849.6
27849.6
27815.6
27815.6
27815.6
27815.6
27475.6
27475.6
27475.6
26776
26776
26776
26776
26776
26776
26776
26776
26776
26628
26628
26628
26628
26628
26628
25272
25272
25272
25146
25146
25146
24660
24660
24660
24660
24646.4
24350
24112.4
24112.4
23634
23634
23634
23500
23297.2
23297.2
23297.2
23297.2
23237.2
23237.2
22865.2
22865.2
22865.2
22865.2
22865.2
22865.2
22865.2
22743.2
22743.2
22743.2
22743.2
22743.2
22488.4
22488.4
22488.4
22488.4
22488.4
22488.4
22488.4
22488.4
22488.4
22488.4
22488.4
22488.4
22460
22460
22460
22460
22460
22460
22460
22460
22460
22460
22460
22460
22460
22460
22460
22460
22460
