43022.8
39096.4
36905.6
35057.2
34651.2
33964.8
32392
32206
31660.4
31568.4
30308.8
30308.8
30308.8
30240.8
29563.2
29563.2
29103.2
28663.2
28545.2
28019.2
28019.2
28019.2
28019.2
28019.2
27689.2
27689.2
27689.2
27569.2
27569.2
27427.2
27427.2
27067.2
27067.2
27067.2
26284.4
25860.4
25860.4
25860.4
25860.4
25162.8
25162.8
25162.8
25162.8
25162.8
24966.8
24966.8
24966.8
24966.8
24966.8
24966.8
24966.8
24966.8
24966.8
24966.8
24966.8
24858.8
24858.8
24858.8
24734.8
24734.8
24734.8
24734.8
24734.8
24734.8
24734.8
24646.8
24646.8
24646.8
24604.8
24604.8
24604.8
24604.8
24604.8
24604.8
24604.8
24604.8
24604.8
24604.8
24604.8
24604.8
24604.8
24604.8
24604.8
24604.8
24604.8
24604.8
24604.8
24604.8
24604.8
24604.8
24604.8
24604.8
24604.8
24604.8
24604.8
24604.8
24604.8
24604.8
24604.8
24604.8
