27622.8
27086
24932.4
24238
22438.4
21906.4
21176.8
20215.6
17886
16065.6
16065.6
15903.6
15545.6
15283.6
15201.6
15145.6
15145.6
14679.6
14632
14632
14632
14618
14618
14597.6
14597.6
14597.6
14597.6
14597.6
14597.6
14597.6
14591.6
14591.6
14591.6
14591.6
14591.6
14379.6
14289.6
14123.2
14123.2
14115.2
13871.2
13871.2
13871.2
12231.2
12231.2
12231.2
12133.2
12099.2
12099.2
12099.2
12078.8
12078.8
12078.8
12078.8
12078.8
12078.8
12058.8
12058.8
12058.8
12058.8
12058.8
12058.8
12058.8
12058.8
12058.8
12058.8
12058.8
12058.8
12058.8
12058.8
12058.8
12058.8
12058.8
12058.8
12058.8
12058.8
12058.8
12058.8
12058.8
12006.8
12006.8
12006.8
12006.8
12006.8
12006.8
11994.8
11994.8
11994.8
11994.8
11992.8
11974.8
11908.8
11888.8
11888.8
11434.4
11434.4
11434.4
11434.4
11434.4
11434.4
