40301.2
38763.2
35986.8
35986.8
35540.8
35540.8
35468.8
35468.8
35468.8
35468.8
34891.2
32908
31788.4
31788.4
31622.4
31622.4
31622.4
31622.4
31622.4
31622.4
31622.4
31622.4
31622.4
31622.4
31622.4
31622.4
31622.4
31622.4
31622.4
31622.4
31622.4
31521.6
30266.4
30266.4
30266.4
29335.6
29335.6
27668
27668
27668
27668
27668
27644
27644
27270
27270
27270
27270
27270
27148
27148
27148
26622.4
26622.4
26622.4
26622.4
26622.4
26622.4
26322.4
26322.4
26132.4
26132.4
26132.4
25906.8
25906.8
25906.8
25906.8
25906.8
25906.8
25906.8
25906.8
25906.8
25906.8
25906.8
25906.8
25906.8
25906.8
25906.8
25906.8
25906.8
25906.8
25906.8
25906.8
25906.8
25906.8
25906.8
25906.8
25906.8
25906.8
25906.8
25906.8
25906.8
25591.2
25591.2
25591.2
25591.2
25499.2
25499.2
25499.2
25499.2
