15472.4
13178
12670.8
11995.6
11961.6
11961.6
11657.6
11611.6
11241.6
11241.6
10889.6
10889.6
10763.6
10763.6
10763.6
10763.6
10763.6
10763.6
10763.6
10763.6
10519.6
10519.6
10519.6
10519.6
10413.6
10413.6
10413.6
10413.6
10413.6
10413.6
10359.6
10359.6
10359.6
10359.6
10359.6
10359.6
10359.6
10359.6
10359.6
10359.6
10359.6
10359.6
10359.6
10359.6
10359.6
10359.6
10359.6
10359.6
10013.6
10013.6
10013.6
10013.6
9793.6
9793.6
9793.6
9720
9720
9720
9720
9545.6
9545.6
9545.6
9545.6
9545.6
9545.6
9333.2
9333.2
9333.2
9333.2
9333.2
9333.2
9333.2
9333.2
9333.2
9333.2
9333.2
9333.2
9333.2
9333.2
9333.2
9333.2
9333.2
9333.2
9333.2
9333.2
9333.2
9333.2
9333.2
9333.2
9333.2
9333.2
9333.2
9333.2
9333.2
9333.2
9333.2
9333.2
9333.2
9333.2
9333.2
