19300.8
19300.8
19114.8
19106.8
18964.8
18792.8
17832
17332
17332
17272
16914
16914
16914
16914
16914
16914
16512
16512
16512
15226
15226
14948
14948
14948
14570
14570
14570
14570
14570
14570
14570
14570
14540
14540
14540
14494
14494
14494
14494
14494
14494
14494
14494
14494
14494
14494
14494
14494
14374
14374
14374
14374
14374
14374
14374
14374
14374
14374
14374
14374
14374
14374
14374
14374
14374
14374
14374
14374
14368
14368
14368
14368
14368
14368
14368
14368
14368
14368
14368
14368
14368
14368
14368
14368
14368
14368
14368
14368
14368
14368
14368
14368
14368
14368
14368
14368
14368
14368
14368
14368
