12672.8
11544.4
10386.8
10104.8
9972.8
9162
9162
7552
7552
7050
7050
6974
6974
6974
6974
6964
6964
6880
6880
6880
6880
6880
6880
6830
6830
6670
6670
6670
6670
6670
6670
6670
6670
6670
6670
6670
6670
6670
6670
6670
6058
6058
6058
6058
5898
5898
5882
5882
5882
5882
5820
5820
5820
5820
5820
5820
5820
5820
5820
5820
5820
5820
5820
5820
5820
5774
5774
5774
5774
5774
5774
5774
5774
5774
5774
5774
5774
5774
5774
5774
5774
5774
5774
5774
5774
5774
5774
5774
5774
5774
5774
5774
5774
5774
5774
5774
5774
5774
5774
5774
