16751.2
16751.2
16751.2
15702.8
15429.6
15232
15232
15232
14711.6
14711.6
14711.6
14711.6
14438.4
14438.4
13610
13610
13610
13610
13610
13610
13610
13610
13610
13610
13610
13200.8
13038.4
13038.4
13038.4
13038.4
13038.4
12708.4
12708.4
12708.4
12708.4
12708.4
12708.4
12708.4
12708.4
12708.4
12708.4
12708.4
12708.4
12708.4
12708.4
12708.4
12708.4
12708.4
12708.4
12554.4
12554.4
12554.4
12318.4
12266.4
12266.4
12266.4
12266.4
12266.4
12228.4
12126.4
12126.4
12126.4
12126.4
12126.4
12094.4
12094.4
12094.4
12094.4
12094.4
12094.4
12094.4
12094.4
12094.4
12094.4
12094.4
12094.4
12094.4
12094.4
11695.6
11695.6
11695.6
11695.6
11695.6
11695.6
11695.6
11695.6
11695.6
11695.6
11695.6
11695.6
11695.6
11695.6
11695.6
11695.6
11695.6
11695.6
11695.6
11695.6
11695.6
11695.6
