15459.2
15098.8
14033.2
13685.2
13146.8
13088
12784.8
12722
12440
12440
12424
12424
12396
12382
12382
12378
12378
12378
12378
12378
12378
12378
12378
12378
12378
12378
12332
12332
12332
12332
12332
12332
12042
11920
11920
11794
11794
11794
11794
11794
11794
11794
11794
11772
11772
11772
11772
11772
11772
11772
11772
11772
11772
11772
11772
11772
11772
11772
11772
11772
11772
11772
11772
11772
11772
11772
11772
11772
11772
11772
11772
11772
11772
11772
11772
11772
11772
11772
11772
11772
11772
11772
11772
11772
11772
11772
11772
11772
11772
11772
11772
11772
11772
11772
11772
11772
11772
11772
11772
11772
