16227.2
14261.2
13435.6
13435.6
13435.6
13435.6
13377.6
13377.6
12260.8
12062.8
12062.8
12062.8
12062.8
12062.8
12062.8
12062.8
12062.8
12062.8
12062.8
12062.8
12062.8
12062.8
12062.8
12062.8
12062.8
12062.8
11532
11532
11532
11532
11532
11532
11532
11532
11532
11532
11532
11532
11532
11532
11532
11532
11532
11532
11532
11532
11532
11532
11532
11532
11532
11532
11532
11532
11532
11532
11532
11532
11532
11532
11532
11532
11532
11532
11532
11532
11032
11032
11032
11032
11032
11032
11032
11032
11032
11032
11032
11032
11032
11032
11032
11032
11032
10699.2
10699.2
10699.2
10699.2
10699.2
10699.2
10699.2
10699.2
10699.2
10699.2
10699.2
10296
10296
10296
10296
10296
10296
