15139.2
11644.8
11644.8
11644.8
11644.8
11422.4
11185.6
11185.6
11185.6
11185.6
11127.6
11017.6
11017.6
10900.4
10873.6
9710.4
9688.4
9688.4
9688.4
9588.4
9588.4
9588.4
9588.4
9432.4
9418.4
9418.4
9418.4
9418.4
9418.4
9418.4
9418.4
9418.4
9418.4
9310.4
9310.4
9310.4
9310.4
9310.4
9310.4
9218.4
8899.6
8899.6
8899.6
8899.6
8899.6
8899.6
8899.6
8895.6
8895.6
8895.6
8895.6
8755.6
8755.6
8755.6
8755.6
8755.6
8755.6
8755.6
8755.6
8755.6
8755.6
8755.6
8755.6
8755.6
8755.6
8639.6
8639.6
8639.6
8639.6
8639.6
8639.6
8639.6
8639.6
8639.6
8639.6
8639.6
8639.6
8639.6
8639.6
8639.6
8639.6
8639.6
8639.6
8639.6
8639.6
8639.6
8639.6
8639.6
8639.6
8639.6
8639.6
8639.6
8639.6
8639.6
8639.6
8639.6
8639.6
8639.6
8639.6
8639.6
