13602
13174
13174
13174
13174
13174
13174
13174
13174
13174
13174
13174
13174
13174
13174
13174
13174
13174
13174
13174
13174
13174
13174
13174
13174
13174
13174
13174
13174
13174
13174
13174
13174
13174
13174
13174
13174
13174
13174
13174
13174
13174
13174
13174
13174
13174
13174
13174
13174
13174
13174
13174
13174
13174
13174
13174
13174
13174
13174
13174
13174
13174
13174
13174
13174
13174
13174
13174
13174
13174
13174
13174
13174
13174
13174
13174
13174
13174
13174
13174
13174
13174
13174
13174
13174
13174
13174
13174
13174
13174
13174
13174
13174
13174
13174
13174
13174
13174
13174
13174
