30511.2
28382
26630.4
24432
24432
23118.8
22782
21934
21882.4
21882.4
21882.4
21882.4
21882.4
21570.8
20588
20344
20162
20162
19884
19884
19884
19686
19686
19686
19686
19686
19686
18262
18262
18114
17846
17352.8
17352.8
17320.8
17320.8
17059.6
17035.6
16895.6
16895.6
16895.6
16895.6
16839.6
16340.4
16340.4
16326.4
16019.6
15714.8
15686.8
15686.8
15564
15564
15564
15564
15564
15506
15450
15450
15450
15450
15450
15450
15450
15334
15334
15334
14894
14760
14760
14760
14702
14702
14702
14702
14702
14702
14702
14702
14702
14702
14702
14702
14702
14702
14702
14702
14702
14702
14702
14702
14702
14702
14702
14702
14702
14702
14702
14702
14702
14702
14702
