22604.8
21002.4
19790
19260.8
18608.4
18608.4
17873.6
17401.6
17011.2
16282.8
15616.8
15474.8
15474.8
15401.6
15213.6
15213.6
15159.6
14801.6
14801.6
14801.6
14801.6
14785.6
14737.6
14737.6
14431.6
14151.6
13745.6
13745.6
13745.6
13745.6
13745.6
13745.6
13745.6
13745.6
13745.6
13745.6
13745.6
13745.6
13745.6
13745.6
13745.6
13745.6
13745.6
13745.6
13745.6
13745.6
13745.6
13745.6
13745.6
13652.8
13652.8
13652.8
13638.8
13638.8
13538.4
13526.4
13512.4
13512.4
13512.4
13512.4
13512.4
13512.4
13394.4
13394.4
13394.4
13394.4
13394.4
13394.4
13394.4
13394.4
13394.4
13388.4
13388.4
13388.4
13388.4
13388.4
13388.4
13388.4
13388.4
13388.4
13388.4
13388.4
13388.4
13388.4
13388.4
13388.4
13388.4
13388.4
13388.4
13388.4
13388.4
13388.4
13388.4
13388.4
13388.4
13388.4
13388.4
13388.4
13388.4
13224.4
