28556.8
27170
24082.8
22907.2
22599.2
20855.6
20855.6
20855.6
20821.6
20453.6
20453.6
20335.6
20335.6
20335.6
20209.6
20209.6
19816.4
19816.4
19816.4
19816.4
19808.4
19808.4
19808.4
19470.4
19470.4
19470.4
19332.4
19332.4
19332.4
19332.4
19332.4
19332.4
19332.4
19312.4
19312.4
19312.4
18964.4
18964.4
18964.4
18964.4
18964.4
18964.4
18964.4
18964.4
18964.4
18964.4
18954.4
18954.4
18954.4
18954.4
18954.4
18954.4
18954.4
18944.4
18944.4
18944.4
18942.4
18936.4
18936.4
18936.4
18936.4
18936.4
18936.4
18936.4
18936.4
18936.4
18936.4
18936.4
18936.4
18936.4
18936.4
18936.4
18936.4
18936.4
18936.4
18936.4
18936.4
18936.4
18936.4
18936.4
18936.4
18936.4
18936.4
18936.4
18936.4
18936.4
18936.4
18936.4
18936.4
18936.4
18936.4
18936.4
18936.4
18936.4
18936.4
18936.4
18936.4
18936.4
18936.4
18936.4
