33385.2
31784.4
28415.6
28008.4
28008.4
27796.4
27368.8
26702.8
26702.8
26512.8
26512.8
26512.8
26512.8
26293.2
26281.2
26281.2
26281.2
26281.2
26235.2
26235.2
26235.2
26123.2
26123.2
26123.2
26123.2
26043.2
26043.2
26043.2
26043.2
25945.2
25945.2
25945.2
25945.2
25945.2
25945.2
25789.2
25789.2
25168
25168
25168
25168
25168
25142
25142
25142
24899.6
24767.2
24767.2
24739.2
24739.2
24739.2
24739.2
24739.2
24571.6
24571.6
24448
24448
24448
24448
24426
24426
24426
24426
24262
24119.6
24119.6
24119.6
24119.6
24119.6
24119.6
24119.6
24119.6
24096.8
24096.8
24096.8
24096.8
23947.2
23947.2
23941.2
23941.2
23941.2
23941.2
23941.2
23941.2
23807.2
23807.2
23807.2
23179.2
23179.2
23179.2
23179.2
23179.2
23179.2
23179.2
23179.2
23179.2
23179.2
23127.2
23127.2
23127.2
