22696
18874.4
17836.4
17836.4
17836.4
17824.4
17824.4
17824.4
17824.4
17824.4
17824.4
17824.4
17824.4
17484.4
17484.4
17484.4
17484.4
16881.6
16881.6
16881.6
16338.4
16106.4
16106.4
14145.2
14145.2
14145.2
14033.2
14033.2
14033.2
14033.2
14033.2
14033.2
14033.2
14033.2
13910.8
13910.8
13910.8
13910.8
13910.8
13910.8
13910.8
13910.8
13910.8
13892.8
13892.8
13878.8
13878.8
13728.8
13728.8
13728.8
13728.8
13728.8
13728.8
13728.8
13728.8
13728.8
13728.8
13728.8
13728.8
13728.8
13728.8
13728.8
13728.8
13728.8
13728.8
13728.8
13728.8
13728.8
13728.8
13728.8
13728.8
13728.8
13728.8
13728.8
13728.8
13728.8
13728.8
13405.6
13405.6
13405.6
13405.6
13405.6
13405.6
13405.6
13405.6
13405.6
13405.6
13405.6
13405.6
13405.6
13405.6
13405.6
13405.6
13405.6
13405.6
13405.6
13405.6
13405.6
13405.6
13405.6
