28542.8
24179.6
21948.8
21774.8
21261.6
20370.8
20309.2
20013.2
20007.2
20007.2
19745.2
19745.2
19745.2
19460
19460
19020.4
19020.4
18864.4
18864.4
18515.2
18371.2
18211.2
18211.2
18211.2
18031.2
18031.2
18031.2
18031.2
17291.2
17291.2
17155.2
17155.2
16989.2
16989.2
16989.2
16989.2
16989.2
16989.2
16989.2
16989.2
16989.2
16989.2
16989.2
16989.2
16989.2
16989.2
16989.2
16989.2
16989.2
16989.2
16989.2
16989.2
16989.2
16973.2
16973.2
16847.2
16847.2
16847.2
16847.2
16847.2
16847.2
16847.2
16847.2
16847.2
16847.2
16847.2
16847.2
16847.2
16847.2
16847.2
16847.2
16847.2
16847.2
16847.2
16847.2
16847.2
16847.2
16847.2
16847.2
16847.2
16847.2
16847.2
16847.2
16847.2
16847.2
16847.2
16847.2
16847.2
16847.2
16847.2
16847.2
16847.2
16847.2
16847.2
16847.2
16847.2
16847.2
16843.2
16843.2
16843.2
