28094.4
25167.6
24535.6
24521.6
24521.6
24491.6
24491.6
24491.6
24367.6
24043.6
24043.6
24043.6
24043.6
24043.6
24043.6
24043.6
24003.6
24003.6
24003.6
24003.6
24003.6
24003.6
24003.6
24003.6
23922
23699.6
23699.6
23699.6
23699.6
23669.6
23635.6
23461.6
23461.6
23461.6
23100
23100
23100
23100
23100
23100
20776.4
20776.4
20776.4
20628.4
20628.4
20520.4
20520.4
20520.4
20372.4
20372.4
20372.4
20372.4
20372.4
20372.4
20372.4
20372.4
20372.4
20372.4
20372.4
20372.4
20350.4
20350.4
20350.4
20350.4
20350.4
18871.2
18871.2
18845.2
18845.2
18845.2
18845.2
18845.2
18735.2
18735.2
18735.2
18735.2
18626
18418.4
18418.4
18418.4
18418.4
18418.4
18404.4
18404.4
18404.4
18404.4
18404.4
18404.4
18404.4
18404.4
18404.4
18404.4
18404.4
18400.4
18400.4
18400.4
18400.4
18400.4
18400.4
18400.4
18400.4
