26677.6
26677.6
26557.6
26318
24972.4
24972.4
24972.4
24972.4
24972.4
24972.4
24248.4
24248.4
24228.4
24228.4
24228.4
24228.4
24228.4
23988.4
23758
23758
23758
23758
23758
22417.2
22417.2
22417.2
22417.2
22340
22340
22228
22228
22228
22228
22046
21991.6
21894.8
21860.8
21834.8
21834.8
21834.8
21834.8
21834.8
21834.8
21834.8
21834.8
21834.8
21819.6
21634.8
21628.8
21166
20656
20656
19602
19196
18643.6
18431.6
18431.6
18431.6
18319.6
18319.6
18319.6
18295.6
18295.6
18295.6
18295.6
18295.6
18102
18005.6
18003.6
17847.6
17765.6
17304.8
17304.8
17304.8
17284.4
17284.4
17284.4
17284.4
17284.4
17284.4
17284.4
17284.4
17284.4
17284.4
17284.4
17284.4
17284.4
17284.4
17284.4
17284.4
17284.4
17284.4
17284.4
17284.4
17284.4
17284.4
17284.4
17284.4
16988.4
16988.4
