24430.8
18940.4
17461.2
17270.8
17038
17038
16932
16932
16492.4
16286.4
16214.4
16112.4
15588.4
14408.4
14408.4
14408.4
14408.4
14347.2
14347.2
14347.2
14347.2
14347.2
14347.2
14347.2
14347.2
14347.2
14347.2
14347.2
14347.2
14347.2
14347.2
14347.2
14293.2
14275.2
14275.2
14275.2
14275.2
14275.2
14271.2
14233.2
14233.2
14233.2
14188.8
14188.8
14188.8
14124.8
14124.8
14096.8
14096.8
14096.8
14028.8
14028.8
14028.8
13984.8
13984.8
13984.8
13984.8
13984.8
13984.8
13984.8
13984.8
13984.8
13984.8
13984.8
13984.8
13984.8
13984.8
13984.8
12742.4
12742.4
12742.4
12742.4
12742.4
12742.4
12742.4
12742.4
12742.4
12742.4
12742.4
12742.4
12742.4
12742.4
12742.4
12742.4
12742.4
12742.4
12742.4
12742.4
12742.4
12628.4
12628.4
12628.4
12628.4
12628.4
12612.4
12612.4
12612.4
12612.4
12612.4
12612.4
