19746
19682
19682
19540
19540
19540
19540
19540
19421.6
19339.6
19339.6
19262
19262
19262
19262
19262
17780
16816.4
16816.4
16816.4
16754.4
15601.6
15601.6
15601.6
15601.6
15601.6
15601.6
15601.6
15381.2
15381.2
15381.2
15381.2
15381.2
15381.2
15381.2
15381.2
14533.6
14533.6
14533.6
14533.6
14129.2
14129.2
14129.2
14129.2
14129.2
14129.2
13845.2
13845.2
13845.2
13845.2
13845.2
13845.2
13618.4
13617.2
13617.2
13617.2
13617.2
13617.2
13554.4
13554.4
13554.4
13554.4
13554.4
13554.4
13334
13334
13334
13334
13334
13326
13232
13232
13232
12433.6
12433.6
12433.6
12423.6
12423.6
12423.6
12423.6
12415.6
12415.6
12379.6
12379.6
12379.6
12324.4
12324.4
12324.4
12324.4
12324.4
12324.4
12324.4
12324.4
12224.8
10114.4
10060.4
10060.4
10060.4
10060.4
10060.4
10060.4
