18601.2
17817.6
17817.6
17817.6
17817.6
17181.2
17167.2
16651.2
16651.2
16391.2
16391.2
15738
15738
15616
15616
15616
15616
15616
15616
15616
15616
15616
15616
15614
15614
15614
15614
15614
15614
15614
15614
15614
15614
15614
15614
15614
15614
15614
14710.4
14710.4
14710.4
14706.4
14706.4
14706.4
14706.4
14706.4
14706.4
14706.4
14706.4
14706.4
14706.4
14706.4
14614.4
14614.4
14614.4
14614.4
14614.4
14614.4
14614.4
14614.4
14038.4
14038.4
14038.4
14038.4
14038.4
14038.4
14038.4
14038.4
14038.4
14038.4
14038.4
14038.4
14038.4
14038.4
14038.4
14038.4
14038.4
14038.4
14038.4
14038.4
14038.4
14038.4
14038.4
14038.4
14038.4
14038.4
14038.4
14038.4
14038.4
14038.4
14038.4
14038.4
14038.4
14038.4
14038.4
14038.4
14038.4
14038.4
14038.4
14038.4
