26151.6
24842.4
24173.2
21372.8
21368.8
21368.8
20500.8
19984
19682.4
19682.4
18148.4
17421.2
17421.2
17421.2
17421.2
17421.2
17421.2
17421.2
15206.4
15206.4
15206.4
15206.4
15206.4
15206.4
15125.6
14304
14304
14304
14304
14304
14304
14304
14304
14304
14304
14194
14109.6
14109.6
13665.6
13665.6
13665.6
13665.6
13665.6
13665.6
13665.6
13665.6
13665.6
13665.6
13665.6
13665.6
13665.6
13665.6
13558.8
13558.8
13209.2
13209.2
12726
12726
12726
12726
12726
12726
12348
12348
12348
12348
12348
12338
12338
12338
12246
12085.6
12085.6
12085.6
12085.6
12085.6
12085.6
12085.6
12085.6
12074
12074
12074
12074
12074
11869.6
11869.6
11869.6
11869.6
11795.6
11795.6
11795.6
11795.6
11779.6
11779.6
11779.6
11649.6
11649.6
11647.6
11455.6
11455.6
