26855.6
25796
25796
25796
25774
24542.4
24542.4
24542.4
24542.4
24398.4
24398.4
23942.4
23942.4
23942.4
23850.4
23850.4
23218
23218
23218
23218
23218
23218
22594.8
22594.8
22594.8
22594.8
22480.8
22480.8
22480.8
22480.8
22138
22138
22138
22059.2
22059.2
22059.2
22059.2
22059.2
22059.2
22059.2
21952
21952
21952
21952
21898
21699.2
21699.2
21699.2
21699.2
21699.2
21699.2
21699.2
21699.2
21699.2
21699.2
21695.2
21695.2
21695.2
21695.2
21695.2
21695.2
21695.2
21695.2
21695.2
21695.2
21691.2
21691.2
21691.2
21691.2
21691.2
21589.2
21589.2
21589.2
21589.2
21589.2
21589.2
21381.2
21337.2
21337.2
21337.2
21337.2
21337.2
21337.2
21289.2
21289.2
21289.2
21289.2
21175.2
20977.2
20977.2
20977.2
20977.2
20977.2
20977.2
20977.2
20971.2
20971.2
20971.2
20923.2
20923.2
