24805.6
24805.6
24805.6
23314.4
23314.4
23314.4
23314.4
23314.4
22822
22822
21185.2
21185.2
21107.6
20912.4
20912.4
20775.6
20476
20476
19560.8
18474.4
18474.4
18272
18222
18222
18222
18060
18060
18060
17703.6
17703.6
17703.6
17703.6
17703.6
17391.6
17391.6
17391.6
16904
16904
16852
16746
16746
16746
16746
16746
15593.6
15593.6
15593.6
15593.6
15476.8
15388.8
15388.8
15388.8
15384.8
15384.8
15384.8
15384.8
15384.8
15384.8
15384.8
15384.8
15384.8
15384.8
15384.8
14912
14912
14912
14912
14912
14912
14912
14912
14912
14912
14912
14912
14912
14912
14912
14912
14912
14912
14912
14912
14904.4
14904.4
14405.6
14405.6
14155.6
14155.6
14155.6
14155.6
14155.6
14089.6
14089.6
14089.6
14089.6
14089.6
14089.6
14089.6
14089.6
