37057.2
34495.6
34495.6
32895.2
32895.2
32895.2
32895.2
32895.2
32895.2
32895.2
32895.2
32618.8
32618.8
32618.8
31683.6
31683.6
30994.4
30994.4
30994.4
30680
30672.8
30672.8
30672.8
30524
30524
30524
30008.4
30008.4
29616.4
29616.4
29616.4
29573.2
28287.6
28287.6
28287.6
28287.6
28287.6
28287.6
27138
27138
27138
27138
27138
27138
27138
27138
27138
27138
27138
27138
27138
27138
26942
26894.8
26894.8
26894.8
25692.4
25692.4
25692.4
25692.4
25360.4
25360.4
25360.4
25360.4
25360.4
25360.4
25360.4
25360.4
25360.4
25360.4
25360.4
25360.4
25360.4
25360.4
25360.4
25360.4
25022.8
25022.8
25022.8
25022.8
25022.8
25022.8
25022.8
25022.8
25011.2
25011.2
25011.2
25011.2
25011.2
25011.2
25011.2
25011.2
25011.2
25011.2
24830.8
24830.8
24830.8
24830.8
24830.8
24727.2
