23607.2
22852.8
22468
22452
22048
20884
20884
20806
20702.4
20702.4
20618.4
20604.4
20204
19800
19499.6
19459.6
19459.6
19297.6
19001.6
18983.6
18213.2
18203.2
18123.2
17884.8
17884.8
17840
17806.4
17806.4
17806.4
17806.4
17536.4
17536.4
17536.4
17536.4
17374.4
17374.4
17374.4
17374.4
17374.4
17374.4
17298.8
17298.8
17288.8
17288.8
17140
17140
17140
16716
16716
16631.6
16547.2
16547.2
16547.2
16547.2
16522
16522
16522
16488
16488
16488
16488
16263.6
16263.6
16263.6
16263.6
16263.6
16263.6
16263.6
16263.6
16263.6
16263.6
16263.6
16263.6
16263.6
16263.6
16263.6
16263.6
16263.6
16263.6
16263.6
16263.6
16263.6
16263.6
16263.6
16263.6
16263.6
16263.6
16263.6
16263.6
16263.6
16263.6
16263.6
16263.6
16263.6
16263.6
16263.6
16263.6
16263.6
16263.6
16263.6
