21398.8
21398.8
21398.8
21226.8
18878.4
18878.4
18878.4
18878.4
18878.4
18806.4
18806.4
18806.4
18806.4
18344.8
16249.2
16249.2
16249.2
16249.2
16052.8
16052.8
16052.8
16052.8
16052.8
16014.8
15774.8
15774.8
15774.8
15341.6
14866.4
14866.4
14672.4
14672.4
14672.4
14672.4
14672.4
14672.4
14672.4
14672.4
14672.4
14672.4
13508.8
13508.8
13508.8
13508.8
13508.8
13508.8
13508.8
13508.8
13508.8
13508.8
12548.8
12548.8
12548.8
12548.8
12496.8
12496.8
12496.8
12314
12314
12314
12314
12314
12314
12314
11986
11986
11986
11938
11938
11938
11924.8
11924.8
11924.8
11924.8
11924.8
11924.8
11924.8
11924.8
11924.8
11924.8
11916.8
11420.4
11420.4
11256.4
11256.4
11256.4
11256.4
11256.4
11256.4
11256.4
11256.4
11256.4
11256.4
11256.4
11256.4
11256.4
11256.4
11256.4
11256.4
11256.4
