30088
26534.4
24303.6
23797.6
23676
23290.4
22960.4
22864.4
22484
22432
22432
22432
22432
22432
22402.4
22326.4
22326.4
22326.4
22326.4
22326.4
22324.4
22170
22086.8
22086.8
22086.8
21948.8
21948.8
21900.8
21900.8
21882.8
21882.8
21882.8
21882.8
21882.8
21882.8
21882.8
21882.8
21882.8
21882.8
21882.8
21880.8
21880.8
21727.6
21639.6
21335.6
21263.6
21093.6
21093.6
21075.6
21065.6
20580.4
20223.6
20065.6
19201.2
19201.2
19151.2
18997.2
18997.2
18997.2
18965.2
18965.2
18556
18556
18556
18556
18496.8
18356.8
18356.8
18356.8
18356.8
18356.8
18356.8
18356.8
17556
17556
17348
17348
17256
17088
17088
17088
17088
17038.4
17038.4
17038.4
17038.4
17038.4
16950.4
16950.4
16950.4
16950.4
16832.4
16832.4
16832.4
16832.4
16832.4
16832.4
16832.4
16832.4
16816.4
