34972.8
29374.8
29301.2
28490.4
28490.4
28490.4
28384
28384
28074
26974.8
26764.8
26138.8
26138.8
26030.8
25216
25216
25216
25048
24690
24586
24392
24392
24126
24126
24126
24126
24126
24126
24126
24126
24126
24126
24126
24126
23216.4
23216.4
23216.4
22531.6
22531.6
22531.6
22531.6
22531.6
22320.8
22171.2
21861.2
21861.2
21861.2
21861.2
21769.2
21769.2
21769.2
21769.2
21643.2
21643.2
21643.2
21608.8
21608.8
21608.8
21543.6
21543.6
21543.6
21543.6
21543.6
21543.6
21489.6
21489.6
21489.6
21489.6
21489.6
21489.6
21489.6
21489.6
21489.6
21489.6
21489.6
21489.6
21489.6
21489.6
21489.6
21489.6
21489.6
21489.6
21489.6
21489.6
21489.6
21489.6
21489.6
21489.6
21489.6
21489.6
21489.6
21489.6
21489.6
21489.6
21489.6
21489.6
21489.6
21489.6
21489.6
21489.6
