24429.2
13174.8
11208.4
10126
10022
10022
10022
10022
9894
9894
9894
9894
9894
9894
9894
9894
9894
9894
9894
9894
9894
9894
9894
9894
9894
9894
9894
9894
9894
9894
9894
9894
9894
9894
9894
9894
9894
9894
9894
9894
9894
9894
9894
9894
9894
9894
9894
9894
9894
9894
9894
9894
9894
9894
9894
9894
9894
9894
9894
9894
9894
9894
9894
9894
9894
9894
9894
9894
9894
9894
9894
9894
9894
9894
9894
9894
9894
9894
9894
9894
9894
9894
9894
9894
9894
9894
9894
9894
9894
9894
9894
9894
9894
9838
9838
9838
9838
9838
9838
9838
