27183.2
23825.6
16601.2
16495.2
16221.2
15340.4
15305.2
13043.6
13043.6
13043.6
13043.6
13043.6
13043.6
13043.6
13043.6
13043.6
13043.6
13043.6
13043.6
13043.6
13043.6
13043.6
13043.6
12772
12772
12772
12772
12772
12772
12575.6
12575.6
12575.6
12575.6
11981.2
11981.2
11981.2
11981.2
11981.2
11981.2
11981.2
11981.2
11981.2
11981.2
11981.2
11716.4
11213.2
11213.2
11213.2
11117.2
11117.2
11055.2
11055.2
11055.2
11055.2
11055.2
11055.2
11055.2
11055.2
11055.2
11055.2
11055.2
11053.2
11003.2
11003.2
11003.2
11003.2
11003.2
11003.2
11003.2
11003.2
11003.2
11003.2
11003.2
11003.2
11003.2
11003.2
11003.2
11003.2
11003.2
11003.2
11003.2
11003.2
11003.2
11003.2
11003.2
11003.2
11003.2
11003.2
11003.2
11003.2
11003.2
11003.2
11003.2
11003.2
11003.2
11003.2
11003.2
11003.2
11003.2
11003.2
