113127
102826
81691.6
81591.6
80754.8
73660.8
73660.8
73660.8
73660.8
73660.8
73652.8
73652.8
68749.2
68749.2
68546.8
68546.8
68546.8
68546.8
68546.8
68546.8
68456.8
68438.8
68438.8
68438.8
68438.8
67786.4
67786.4
67786.4
67786.4
67786.4
67786.4
67786.4
67786.4
67786.4
67786.4
67786.4
67786.4
67786.4
67766.4
67766.4
67134
67134
67078.8
67078.8
67078.8
67078.8
67078.8
67078.8
67078.8
67078.8
67078.8
67078.8
67078.8
67078.8
67078.8
67078.8
67078.8
67078.8
67078.8
67078.8
67078.8
67038.8
67038.8
67038.8
67038.8
67038.8
67038.8
67038.8
67038.8
67038.8
67038.8
67038.8
67038.8
67038.8
67038.8
67038.8
67038.8
67038.8
67038.8
67038.8
67038.8
67038.8
67038.8
67038.8
67038.8
67038.8
67038.8
67038.8
67038.8
67038.8
67038.8
67038.8
67038.8
67038.8
67038.8
67038.8
67038.8
67038.8
67038.8
67038.8
