110064
109318
109095
107669
107669
103486
103375
99991.2
99991.2
99289.2
99289.2
99201.6
99201.6
98917.6
98383.2
98329.2
98329.2
98329.2
97510.8
97510.8
97510.8
97492.8
97368.8
97302.8
97302.8
97244
97128.4
97128.4
97128.4
97128.4
97128.4
97128.4
97128.4
97128.4
97128.4
97128.4
97126.4
95961.6
95961.6
95961.6
95957.6
95823.6
95823.6
95823.6
95823.6
95823.6
95823.6
95665.6
95665.6
95665.6
95665.6
95645.6
95225.6
95225.6
94574.4
94574.4
94574.4
94514.4
94514.4
94252.4
94252.4
94252.4
94252.4
94252.4
94228.4
92916.8
92916.8
92916.8
92916.8
92916.8
92916.8
92916.8
92916.8
92916.8
92916.8
92916.8
92916.8
92916.8
92916.8
92916.8
92916.8
92916.8
92916.8
92916.8
92916.8
92916.8
92916.8
92916.8
92916.8
92916.8
92916.8
92916.8
92916.8
92916.8
92916.8
92916.8
92916.8
92916.8
92916.8
92916.8
