124902
96440.8
96440.8
96440.8
96440.8
94634.8
93031.2
93031.2
91148.4
91148.4
91148.4
91148.4
88414
88414
88151.2
87471.2
87471.2
87471.2
87471.2
87453.2
87453.2
87453.2
87146.4
87146.4
87146.4
87146.4
87146.4
87146.4
87146.4
87146.4
87146.4
86104.8
86104.8
86104.8
86104.8
86104.8
85018.8
85018.8
85018.8
84252.4
83495.2
82501.2
81569.2
81569.2
81569.2
81569.2
81569.2
81459.2
81459.2
81459.2
80609.2
80609.2
80425.6
80425.6
80109.6
80109.6
79805.6
79346.4
79346.4
78687.6
78687.6
78687.6
78687.6
77169.2
77169.2
77169.2
77169.2
77169.2
76947.2
76947.2
76222.8
76222.8
76222.8
76157.6
76157.6
76157.6
76039.6
75837.6
75500.8
75259.6
75259.6
75259.6
75259.6
75259.6
74970.4
74970.4
73792.8
73792.8
73674.8
73674.8
73674.8
73674.8
73674.8
73674.8
73674.8
73674.8
73674.8
73674.8
73562.8
73562.8
