115856
115722
115722
114455
110592
109651
101976
98917.2
98849.6
98587.6
95996
95996
95996
95996
95996
93664.8
93480.8
93480.8
93480.8
93249.6
93249.6
92696.8
92688.8
91764.4
90039.2
89980.4
89980.4
89980.4
89812.4
89812.4
89812.4
89812.4
89726.4
89726.4
89117.2
89062
87430.8
87430.8
86962
86962
86852
86243.6
86243.6
86243.6
86243.6
86243.6
86243.6
86243.6
86025.6
86025.6
86025.6
85766
85766
85524
85524
85524
85524
85420
85420
85420
84800
84800
84800
84437.2
84437.2
84437.2
84437.2
84265.2
84265.2
84265.2
84241.2
84241.2
84233.2
83848
83848
83848
83848
83798.8
83798.8
82905.2
82905.2
82264.4
82264.4
82264.4
82060.4
82060.4
82060.4
81910.4
81910.4
81910.4
81910.4
81910.4
81896.4
81716.4
81716.4
81716.4
81716.4
81716.4
81716.4
81716.4
81362.4
