111573
111573
111573
111573
111573
111573
111573
104906
104906
104906
104906
104906
104906
104906
104885
104885
104885
104885
104885
104885
104885
104885
104885
104885
104885
104885
102796
98268.4
98268.4
98268.4
98268.4
98268.4
98268.4
98268.4
98268.4
98268.4
98268.4
98268.4
98268.4
96076.4
96076.4
96076.4
96076.4
96076.4
96076.4
96076.4
96076.4
96076.4
96076.4
96076.4
94037.6
93744.4
93744.4
93744.4
93744.4
92115.2
91904.8
91904.8
91904.8
91904.8
91904.8
91749.6
91749.6
91749.6
91749.6
91749.6
91749.6
91749.6
89914.8
89914.8
89914.8
89914.8
89914.8
89914.8
89914.8
89914.8
89914.8
89418
89418
88731.6
88480
88426
88426
87715.2
87026.4
87026.4
87026.4
87026.4
87026.4
87026.4
87026.4
87026.4
86558.4
86558.4
86450.8
86450.8
86450.8
85177.6
85177.6
85177.6
