128042
128042
121321
116916
116916
113739
113693
113693
113693
113693
113693
112429
112429
112309
112309
112309
112309
112309
112309
112309
112309
109913
108416
108416
107744
107680
107680
106311
102699
102699
97777.2
96795.6
96795.6
96795.6
96795.6
96795.6
96795.6
96795.6
96795.6
95355.6
95355.6
91151.2
87473.6
87473.6
84765.2
84238.4
84238.4
84238.4
84238.4
83926.4
83926.4
83926.4
83926.4
83926.4
83926.4
83917.6
83853.6
83853.6
83853.6
83853.6
83853.6
83853.6
83853.6
83693.6
83693.6
83693.6
83262.4
83262.4
83262.4
81603.2
81603.2
78378.4
78378.4
78378.4
78378.4
78378.4
78378.4
78378.4
78378.4
78378.4
78295.2
78295.2
78295.2
78295.2
78295.2
78295.2
78295.2
78295.2
78295.2
78295.2
78295.2
78295.2
78295.2
78295.2
78295.2
78295.2
78295.2
78181.2
78181.2
78181.2
