124830
121875
117218
113973
92803.2
61508.8
61226.8
61199.2
61199.2
60524
60524
55766.8
54500
54500
54500
54500
54472
54472
54472
49836
49836
49686
49292
49292
49292
49292
49292
49292
49292
49292
49292
49292
49292
49292
49292
49292
49292
49292
49292
49292
49292
49292
49292
49292
49292
49292
49292
49292
49292
49292
49292
49292
49292
49292
49292
49292
49292
49292
49292
49292
49292
49292
49292
49292
49292
49292
49292
49292
49292
49292
49292
49292
49292
49292
49292
49292
49292
49292
49292
49292
49292
49292
49292
49292
49292
49292
49292
49292
49292
49292
49292
49292
49292
49292
49292
49292
49292
49292
49292
49292
