120714
113939
109677
107720
107383
104209
104209
104209
104041
104041
104031
104009
103977
103977
103977
103437
102862
102804
102417
102383
102383
102307
102163
102163
101576
100505
100355
100200
99966.8
99966.8
99966.8
99890.8
99650.8
99650.8
99541.2
99523.2
99450
99450
99450
99295.6
99295.6
99026
95332.4
95167.6
95161.6
93225.2
93185.2
92596.4
92596.4
92588.4
92588.4
92588.4
92421.6
92421.6
92359.6
92359.6
91905.6
91905.6
91081.6
91079.6
90951.6
90676
90676
90542.8
90422
90422
90358
90358
90030.8
89972.8
89862.8
89828.8
89748
89748
89748
89618
89470
89470
89352
89352
89352
89066
89006
89006
88928
88928
88928
88446.8
88362.4
88362.4
88362.4
88362.4
88266.4
88266.4
88266.4
88168.4
88168.4
88094.4
88088
88088
