101999
101999
101999
101999
70848
70848
70848
70848
70848
70848
70848
70848
70848
70848
70848
70316
70316
61223.6
61223.6
61223.6
61223.6
61223.6
61223.6
61223.6
61223.6
61223.6
61223.6
61223.6
61223.6
61223.6
61223.6
61223.6
61223.6
56624.4
56294.4
56294.4
56294.4
56294.4
56294.4
55914
55914
55914
55914
55914
55914
55914
55914
55914
55249.6
55249.6
55249.6
55249.6
55049.2
55049.2
53308.8
53308.8
53308.8
53308.8
53308.8
52868.4
52868.4
52868.4
52868.4
50474.8
50474.8
50474.8
50474.8
50474.8
50372.4
50372.4
50372.4
50372.4
50224.4
50224.4
50224.4
50224.4
50009.2
50009.2
50009.2
50009.2
50009.2
50009.2
50009.2
50009.2
50000.8
50000.8
50000.8
49593.2
49593.2
49593.2
49593.2
49593.2
49593.2
49593.2
49593.2
49593.2
49593.2
49593.2
49593.2
49593.2
