6445.2
5819.2
5615.2
5615.2
5615.2
4853.2
4744.4
4744.4
3730.4
3722.4
3722.4
3722.4
3722.4
3720.4
3720.4
3720.4
3720.4
3720.4
3720.4
3720.4
3720.4
3720.4
3720.4
3720.4
3720.4
3720.4
3720.4
3720.4
3720.4
3720.4
3720.4
3720.4
3720.4
3720.4
3720.4
3720.4
3720.4
3720.4
3720.4
3720.4
3720.4
3720.4
3720.4
3720.4
3720.4
3720.4
3720.4
3720.4
3720.4
3710.4
3710.4
3710.4
3610.4
3610.4
3610.4
3610.4
3610.4
3610.4
3610.4
3610.4
3610.4
3610.4
3610.4
3610.4
3610.4
3610.4
3610.4
3610.4
3610.4
3610.4
3610.4
3610.4
3610.4
3610.4
3610.4
3610.4
3610.4
3610.4
3610.4
3610.4
3610.4
3610.4
3610.4
3610.4
3610.4
3610.4
3610.4
3610.4
3610.4
3610.4
3610.4
3610.4
3610.4
3610.4
3610.4
3610.4
3610.4
3610.4
3610.4
3610.4
