6363.6
6363.6
6255.6
4994
4994
4994
4994
4994
4994
4994
4994
4994
4456.4
4444.4
4444.4
4444.4
4444.4
4444.4
4444.4
4444.4
4444.4
4444.4
4444.4
4444.4
4444.4
4444.4
4444.4
4392
4392
4392
4392
4392
4392
4392
4392
4392
4392
4392
4392
4392
4392
4392
4392
4392
4392
4392
4392
4392
4346
4224.8
4224
4224
4206
4206
4206
4206
4206
4206
3806
3806
3806
3806
3806
3806
3806
3806
3567.2
3567.2
3567.2
3567.2
3567.2
3567.2
3567.2
3567.2
3567.2
3567.2
3567.2
3567.2
3567.2
3567.2
3567.2
3567.2
3567.2
3567.2
3567.2
3567.2
3567.2
3567.2
3567.2
3567.2
3567.2
3567.2
3567.2
3388
3388
3388
3388
3388
3388
3388
