5755.6
5755.6
5755.6
5755.6
5755.6
5755.6
5755.6
5755.6
5755.6
5755.6
5731.2
5731.2
5731.2
5731.2
5731.2
5609.2
5609.2
5609.2
5609.2
5008.8
4600
4526
4250
4250
4250
4250
4138.8
4138.8
4138.8
3890
3890
3890
3890
3890
3890
3890
3890
3890
3890
3890
3890
3890
3890
3890
3890
3890
3890
3890
3890
3890
3890
3890
3890
3890
3890
3890
3890
3890
3890
3890
3890
3890
3890
3890
3890
3890
3638
3638
3638
3638
3638
3638
3638
3638
3638
3638
3638
3638
3638
3638
3638
3638
3638
3638
3638
3638
3638
3638
3638
3638
3638
3638
3638
3638
3638
3638
3638
3638
3638
3638
3638
