5822
5668
5450.8
5035.2
4986.4
4683.2
4683.2
4683.2
4544.4
3778.4
3548.8
3548.8
3548.8
3548.8
3548.8
3398.8
3398.8
3398.8
3378.8
3378.8
3378.8
3378.8
3378.8
3378.8
3378.8
3378.8
3378.8
3378.8
3019.2
3019.2
3019.2
3019.2
3019.2
3019.2
3019.2
3019.2
3019.2
3019.2
3019.2
2965.2
2965.2
2965.2
2890
2890
2890
2890
2890
2890
2890
2890
2890
2890
2890
2890
2890
2890
2864
2864
2864
2864
2864
2864
2864
2864
2864
2864
2864
2864
2864
2864
2864
2864
2864
2864
2864
2864
2864
2864
2864
2864
2864
2864
2864
2864
2864
2864
2864
2864
2864
2864
2864
2864
2864
2864
2864
2864
2864
2864
2864
2864
