9174.8
7432.4
7070
7004
6791.2
6742.8
6713.2
6713.2
6713.2
6713.2
6141.6
6049.2
6049.2
6049.2
6049.2
6049.2
6049.2
6049.2
6049.2
6049.2
6049.2
6049.2
6049.2
6049.2
6049.2
6049.2
5889.2
5889.2
5889.2
5800.4
5472.4
5472.4
5436.4
5371.6
5049.6
5049.6
5049.6
5047.6
5047.6
5047.6
5047.6
5047.6
5047.6
5047.6
5047.6
5047.6
5047.6
5047.6
5047.6
5047.6
5047.6
5047.6
5047.6
5047.6
5047.6
5047.6
5047.6
5047.6
5047.6
5047.6
5047.6
5047.6
5047.6
5047.6
5047.6
5047.6
5047.6
5047.6
5047.6
5047.6
5047.6
5047.6
5047.6
5047.6
5047.6
5047.6
5047.6
5047.6
5047.6
5047.6
5047.6
5047.6
5047.6
5047.6
5047.6
5047.6
5047.6
5047.6
5047.6
5047.6
5047.6
5047.6
5047.6
5047.6
5047.6
5047.6
5047.6
5047.6
5047.6
5047.6
