10899.2
9950
8892
8663.6
8027.2
8008
7690.4
7632.4
7062
6975.6
6965.6
6792
6770.8
6770.8
6770.8
6770.8
6766
6766
6180.8
6180.8
6098.4
6038
6038
6038
6038
6038
6027.2
6023.2
6023.2
6012.4
6012.4
6012.4
5738.8
5738.8
5738.8
5738.8
5738.8
5738.8
5738.8
5738.8
5738.8
5738.8
5738.8
5738.8
5738.8
5738.8
5738.8
5738.8
5738.8
5738.8
5738.8
5738.8
5738.8
5738.8
5738.8
5632
5632
5632
5632
5623.6
5623.6
5623.6
5573.6
5501.6
5483.6
5477.2
5477.2
5401.2
5401.2
5401.2
5401.2
5401.2
5401.2
5401.2
5401.2
5401.2
5401.2
5347.2
5347.2
5281.2
5281.2
5281.2
5281.2
5281.2
5281.2
5281.2
5281.2
5281.2
5281.2
5230.8
5230.8
5230.8
5230.8
5230.8
5230.8
5230.8
5230.8
5230.8
5230.8
5230.8
