14602.4
14602.4
13532.4
12347.2
12300.8
12206.4
11259.2
10858.8
10558
9978
9978
9978
9978
9978
9978
9978
9870.4
9870.4
9870.4
9870.4
9762
9762
9762
9762
9348
9338
9332.4
9332.4
9332.4
9332.4
9332.4
9331.6
9331.6
9226.8
9226.8
9226.8
9226.8
9226.8
9226.8
9226.8
9226.8
9226.8
9226.8
8471.6
8373.6
8373.6
8283.2
8283.2
8283.2
8283.2
8241.6
8126.8
8126.8
8126.8
8126
8126
8126
8126
8126
7944
7429.2
7405.2
7319.2
7219.2
7219.2
7149.2
7149.2
7149.2
7149.2
7149.2
7149.2
7149.2
7149.2
7149.2
7149.2
7149.2
7149.2
7149.2
7149.2
7149.2
7149.2
7149.2
7149.2
7149.2
7149.2
7149.2
7149.2
7149.2
7051.2
7051.2
7051.2
7051.2
7051.2
7051.2
7051.2
7051.2
7051.2
7051.2
7051.2
7051.2
7051.2
