8691.6
7328
7285.2
7037.6
6865.6
6695.6
6337.2
6303.2
6303.2
6303.2
6054.8
5901.6
5901.6
5761.6
5761.6
5761.6
5749.6
5560.8
4975.6
4975.6
4975.6
4816
4816
4816
4816
4767.2
4767.2
4767.2
4767.2
4767.2
4767.2
4767.2
4767.2
4767.2
4767.2
4767.2
4766.8
4766.8
4766.8
4766.8
4766.8
4766.8
4766.8
4732.8
4732.8
4732.8
4732.8
4732.8
4732.8
4732.8
4732.8
4732.8
4732.8
4732.8
4732.8
4732.8
4732.8
4732.8
4732.8
4732.8
4732.8
4732.8
4732.8
4732.8
4732.8
4732.8
4714.8
4714.8
4714.8
4714.8
4714.8
4714.8
4714.8
4714.8
4714.8
4714.8
4714.8
4714.8
4714.8
4714.8
4714.8
4714.8
4714.8
4714.8
4714.8
4714.8
4714.8
4714.8
4714.8
4714.8
4714.8
4714.8
4714.8
4714.8
4714.8
4714.8
4714.8
4714.8
4714.8
4714.8
