9224.8
9224.8
9224.8
8991.2
8991.2
8991.2
8859.2
8859.2
8815.2
8815.2
8815.2
8815.2
8815.2
8815.2
8815.2
8815.2
8815.2
8815.2
8794.8
8794.8
8794.8
8794.8
8794.8
8794.8
8744.8
8744.8
8744.8
8744.8
8576
8576
8576
8576
8576
8576
8576
8576
8576
8576
8576
8576
8576
8576
8576
8576
8576
8576
8576
8576
8576
8576
8576
8576
8576
8576
8576
8576
8576
8576
8576
8576
8576
8576
8576
8576
8576
8576
8576
8576
8576
8576
8576
8576
8576
8576
8576
8576
8576
8576
8576
8576
8576
8576
8576
8576
8576
8576
8576
8576
8576
8576
8576
8576
8576
8576
8576
8576
8576
8576
8576
8576
