14952.4
13233.2
11865.6
11865.6
11286
11286
11286
11286
11286
11286
11286
11286
11286
11286
11286
11286
11286
11286
11286
11286
11286
11286
11286
11286
11286
11286
11286
11286
11286
11286
11286
11286
11286
11286
11286
11286
11286
11286
11286
11286
11286
11286
11286
10994.4
10994.4
10994.4
10994.4
10994.4
10813.6
10813.6
10813.6
10813.6
10813.6
10813.6
10813.6
10813.6
10813.6
10813.6
10813.6
10813.6
10428
10428
10428
10383.6
10383.6
10355.6
10355.6
10321.6
9911.6
9823.2
9823.2
9823.2
9823.2
9823.2
9823.2
9823.2
9823.2
9823.2
9737.6
9737.6
9737.6
9729.2
9729.2
9729.2
9729.2
9729.2
9729.2
9637.2
9637.2
9637.2
9637.2
9637.2
9637.2
9548.4
9548.4
9521.6
9521.6
9521.6
9521.6
9521.6
