11481.2
10924.4
10462
10323.6
9337.2
9337.2
9337.2
9337.2
9337.2
9337.2
9337.2
9337.2
9337.2
9337.2
9337.2
9337.2
9337.2
9337.2
9337.2
9337.2
9337.2
9337.2
9337.2
9337.2
9337.2
9337.2
9282.8
8725.2
8725.2
8725.2
8596.8
8596.8
8558.8
8558.8
8558.8
8283.6
8283.6
8217.6
8217.6
8087.2
8087.2
8087.2
8087.2
7673.2
7673.2
7673.2
7572.8
7220.8
7080.8
7080.8
7080.8
7080.8
7080.8
6992.8
6992.8
6992.8
6992.8
6746.8
6746.8
6746.8
6746.8
6626.4
6406
6406
6406
6406
6406
6406
6406
6406
6406
6406
6406
6290.8
6160.8
6160.8
6160.8
6160.8
6160.8
5670
5670
5670
5670
5670
5670
5670
5670
5670
5670
5670
5670
5670
5670
5670
5670
5670
5670
5670
5670
5561.6
