2865.2
2865.2
2865.2
2865.2
2865.2
2865.2
2865.2
2755.6
2755.6
2755.6
2691.6
2691.6
2639.2
2639.2
2639.2
2639.2
2639.2
2639.2
2639.2
2639.2
2639.2
2568.4
2568.4
2568.4
2568.4
2568.4
2568.4
2568.4
2568.4
2568.4
2568.4
2568.4
2568.4
2568.4
2568.4
2549.6
2549.6
2549.6
2549.6
2549.6
2549.6
2549.6
2549.6
2549.6
2549.6
2549.6
2549.6
2549.6
2549.6
2549.6
2549.6
2549.6
2496
2463.2
2395.2
2395.2
2395.2
2395.2
2395.2
2395.2
2395.2
2395.2
2395.2
2395.2
2395.2
2395.2
2332.4
2332.4
2332.4
2332.4
2332.4
2332.4
2332.4
2332.4
2332.4
2320.4
2320.4
2320.4
2320.4
2320.4
2320.4
2320.4
2313.2
2313.2
2313.2
2277.6
2277.6
2277.6
2277.6
2277.6
2277.6
2221.6
2221.6
2221.6
2221.6
2221.6
2221.6
2221.6
2221.6
2221.6
