4228.8
3268.8
3268.8
3268.8
3268.8
3268.8
3268.8
3268.8
3268.8
3268.8
3268.8
3268.8
3238.8
3238.8
3170.8
3170.8
3170.8
3170.8
3170.8
3170.8
3170.8
3170.8
3170.8
2906.8
2906.8
2900.8
2900.8
2900.8
2900.8
2900.8
2900.8
2900.8
2868.8
2868.8
2868.8
2868.8
2868.8
2868.8
2868.8
2868.8
2868.8
2868.8
2868.8
2868.8
2868.8
2868.8
2868.8
2868.8
2868.8
2835.6
2835.6
2835.6
2828.4
2786.4
2786.4
2778.4
2719.6
2605.6
2605.6
2605.6
2417.6
2417.6
2417.6
2320
2320
2320
2320
2318
2296
2296
2296
2204.8
2204.8
2204.8
2186.8
2186.8
2104.8
2104.8
2104.8
2104.8
2104.8
2104.8
2104.8
2104.8
2104.8
2104.8
2104.8
2104.8
2104.8
2104.8
2104.8
2104.8
2104.8
2104.8
2104.8
2104.8
2104.8
2104.8
2104.8
2104.8
