4210.4
4186
4130
4124
3969.6
3965.6
3965.6
3833.6
3811.2
3805.2
3805.2
3805.2
3805.2
3783.2
3783.2
3783.2
3777.6
3777.6
3777.6
3777.6
3777.6
3777.6
3777.6
3777.6
3777.6
3777.6
3777.6
3777.6
3777.6
3777.6
3777.6
3777.6
3720
3720
3720
3720
3720
3720
3720
3720
3720
3720
3684
3684
3684
3684
3684
3684
3684
3684
3684
3684
3684
3684
3684
3684
3684
3684
3684
3684
3684
3684
3684
3684
3684
3684
3684
3684
3684
3684
3684
3684
3684
3684
3684
3684
3680
3680
3680
3680
3680
3680
3680
3680
3680
3680
3680
3680
3680
3680
3680
3680
3680
3680
3680
3680
3680
3680
3680
3680
3680
