3295.6
3165.6
3133.6
3046.8
2880.8
2870.8
2870.8
2863.6
2640.4
2460.8
2409.2
2310
2111.2
2064.4
2064.4
1963.6
1772
1624
1624
1624
1614
1614
1612
1612
1612
1612
1612
1612
1612
1612
1612
1612
1612
1612
1612
1612
1612
1612
1612
1612
1612
1612
1612
1612
1612
1612
1612
1612
1612
1612
1612
1612
1612
1612
1612
1612
1612
1612
1612
1612
1612
1612
1612
1612
1612
1612
1612
1612
1612
1612
1612
1612
1612
1612
1612
1612
1612
1612
1612
1612
1612
1612
1612
1612
1612
1612
1612
1612
1612
1612
1612
1612
1612
1612
1612
1612
1612
1612
1612
1612
