5353.6
5230.8
5111.6
4637.6
4637.6
4637.6
4637.6
4637.6
4497.6
4497.6
4419.6
4419.6
4419.6
4419.6
4419.6
4419.6
4419.6
4419.6
4419.6
4419.6
4419.6
4419.6
4419.6
4419.6
4419.6
4419.6
4419.6
4419.6
4419.6
4419.6
4419.6
4419.6
4419.6
4419.6
4419.6
4419.6
4419.6
4323.6
4323.6
4291.6
4291.6
4291.6
4291.6
4075.6
4075.6
4005.6
4005.6
4005.6
4005.6
4005.6
4005.6
4005.6
4005.6
3909.6
3909.6
3909.6
3909.6
3909.6
3909.6
3909.6
3909.6
3909.6
3909.6
3909.6
3909.6
3909.6
3909.6
3909.6
3909.6
3909.6
3909.6
3909.6
3909.6
3909.6
3909.6
3909.6
3909.6
3909.6
3909.6
3909.6
3909.6
3909.6
3909.6
3909.6
3909.6
3909.6
3909.6
3909.6
3909.6
3909.6
3909.6
3909.6
3909.6
3909.6
3909.6
3909.6
3909.6
3909.6
3909.6
3909.6
