3476.8
2382
2382
2382
2382
2382
2382
2382
2382
2074.8
2074.8
2074.8
2074.8
2074.8
2074.8
2074.8
2074.8
2074.8
2074.8
2074.8
2074.8
2074.8
2074.8
2074.8
2074.8
2074.8
2074.8
2074.8
2074.8
2074.8
2074.8
2074.8
2074.8
2074.8
2074.8
2074.8
2074.8
2074.8
2074.8
2074.8
2074.8
2074.8
2074.8
2074.8
2074.8
2074.8
2074.8
2074.8
2074.8
2074.8
2074.8
2074.8
2074.8
2074.8
2074.8
2074.8
2074.8
2074.8
2074.8
1839.6
1835.6
1835.6
1835.6
1835.6
1835.6
1835.6
1835.6
1835.6
1835.6
1835.6
1835.6
1835.6
1835.6
1835.6
1835.6
1835.6
1835.6
1835.6
1835.6
1835.6
1835.6
1835.6
1835.6
1835.6
1835.6
1835.6
1835.6
1835.6
1835.6
1835.6
1835.6
1835.6
1835.6
1835.6
1835.6
1835.6
1835.6
1835.6
1835.6
1835.6
