5435.2
4886.4
4644.4
4502.4
4502.4
4426.4
4426.4
4426.4
4288.4
4276.8
4276.8
4276.8
4276.8
4276.8
4276.8
4129.6
4125.6
3873.6
3873.6
3873.6
3857.2
3857.2
3857.2
3857.2
3857.2
3857.2
3857.2
3857.2
3499.2
3499.2
3499.2
3479.6
3479.6
3479.6
3479.6
3479.6
3479.6
3479.6
3479.6
3479.6
3479.6
3479.6
3479.6
3479.6
3479.6
3479.6
3479.6
3479.6
3479.6
3479.6
3479.6
3479.6
3479.6
3479.6
3479.6
3479.6
3479.6
3479.6
3479.6
3479.6
3479.6
3479.6
3479.6
3479.6
3479.6
3479.6
3479.6
3479.6
3479.6
3479.6
3479.6
3479.6
3479.6
3479.6
3479.6
3479.6
3479.6
3479.6
3479.6
3479.6
3479.6
3479.6
3479.6
3479.6
3479.6
3479.6
3479.6
3479.6
3479.6
3479.6
3479.6
3479.6
3479.6
3479.6
3479.6
3479.6
3479.6
3479.6
3479.6
3479.6
