5703.2
4229.2
4229.2
4229.2
4229.2
4229.2
4229.2
4229.2
4229.2
4041.2
4041.2
4041.2
4041.2
4041.2
4041.2
4041.2
4041.2
4041.2
4041.2
3981.2
3981.2
3870.4
3494.8
3494.8
3494.8
3494.8
3494.8
3494.8
3494.8
3494.8
3494.8
3494.8
3494.8
3494.8
3494.8
3494.8
3494.8
3264.8
3264.8
3264.8
3264.8
3264.8
3264.8
3264.8
3264.8
3264.8
3264.8
3264.8
3264.8
3264.8
3264.8
3264.8
3264.8
3264.8
3264.8
3264.8
3264.8
3264.8
3264.8
3264.8
3164.4
3164.4
3164.4
3164.4
3164.4
3164.4
3164.4
3164.4
3164.4
3164.4
3164.4
3164.4
3032.4
3032.4
3032.4
3032.4
3032.4
3032.4
3032.4
3032.4
3032.4
3032.4
3032.4
3032.4
3032.4
3032.4
3024.4
3024.4
3024.4
3024.4
3024.4
3024.4
3024.4
3024.4
3024.4
3024.4
3024.4
3024.4
3024.4
3024.4
