8785.6
8134.4
7292.4
7178
7038.4
6988
6894
6894
6793.6
6565.6
6565.6
6562.4
6562.4
6188.8
6188.8
6091.2
5966.8
5579.2
5397.2
5397.2
5352
5227.2
5227.2
5227.2
5227.2
5227.2
5227.2
5227.2
5227.2
5227.2
5227.2
5227.2
4992.8
4992.8
4992.8
4992.8
4992.8
4992.8
4813.2
4813.2
4813.2
4813.2
4813.2
4813.2
4813.2
4813.2
4813.2
4813.2
4813.2
4807.2
4807.2
4807.2
4703.2
4703.2
4703.2
4703.2
4703.2
4587.2
4587.2
4587.2
4587.2
4556.8
4556.8
4550
4550
4550
4500.8
4500.8
4500.8
4500.8
4500.8
4500.8
4500.8
4500.8
4500.8
4210.8
4210.8
4210.8
4210.8
4210.8
4210.8
4210.8
4210.8
4210.8
4210.8
4210.8
4210.8
4210.8
4210.8
4210.8
4210.8
4210.8
4210.8
4210.8
4210.8
4210.8
4210.8
4210.8
4210.8
4210.8
