8036
8036
7661.2
7661.2
7278.8
7278.8
7278.8
7236.8
7232.8
6893.2
6893.2
6893.2
6893.2
6893.2
6877.2
6851.2
6851.2
6851.2
6851.2
6847.2
6847.2
6847.2
6847.2
6847.2
6847.2
6847.2
6847.2
6847.2
6847.2
6847.2
6847.2
6847.2
6847.2
6847.2
6847.2
6759.2
6741.2
6741.2
6741.2
6741.2
6741.2
6741.2
6741.2
6741.2
6741.2
6741.2
6741.2
6741.2
6741.2
6741.2
6741.2
6741.2
6741.2
6741.2
6741.2
6741.2
6741.2
6741.2
6741.2
6741.2
6741.2
6741.2
6741.2
6724.8
6724.8
6724.8
6722.8
5964.8
5964.8
5964.8
5635.6
5613.6
5613.6
5613.6
5613.6
5613.6
5613.6
5613.6
5613.6
5613.6
5613.6
5613.6
5613.6
5613.6
5613.6
5613.6
5490.4
5490.4
5490.4
5490.4
5490.4
5490.4
5490.4
5490.4
5490.4
5490.4
5490.4
5490.4
5490.4
5490.4
5490.4
