9126.4
6678.8
6520
6070.8
4786
4786
4786
4786
3852
3852
3852
3852
3452
3452
3452
3404.4
2876.8
2876.8
2876.8
2876.8
2876.8
2876.8
2876.8
2876.8
2876.8
2876.8
2876.8
2876.8
2876.8
2876.8
2876.8
2876.8
2876.8
2876.8
2876.8
2876.8
2876.8
2876.8
2876.8
2876.8
2876.8
2876.8
2876.8
2876.8
2876.8
2876.8
2876.8
2876.8
2876.8
2876.8
2876.8
2876.8
2876.8
2876.8
2876.8
2876.8
2876.8
2876.8
2876.8
2876.8
2876.8
2876.8
2876.8
2876.8
2876.8
2876.8
2876.8
2876.8
2876.8
2876.8
2876.8
2876.8
2876.8
2876.8
2876.8
2876.8
2876.8
2876.8
2876.8
2876.8
2876.8
2876.8
2876.8
2876.8
2876.8
2876.8
2876.8
2876.8
2876.8
2876.8
2876.8
2876.8
2876.8
2876.8
2876.8
2876.8
2876.8
2876.8
2876.8
2876.8
