6714.4
6164.4
5968.8
5825.6
5733.6
5287.6
5166.4
5166.4
5166.4
5166.4
5166.4
5166.4
4839.2
4839.2
4514
4514
4514
4501.6
4501.6
4501.6
4501.6
4501.6
4501.6
4501.6
4501.6
4501.6
4501.6
4501.6
4344.4
4344.4
4218.4
4218.4
4218.4
4218.4
4218.4
4218.4
4218.4
4218.4
4218.4
4218.4
4218.4
4218.4
4218.4
4218.4
4218.4
4218.4
4218.4
4218.4
4138.8
4138.8
4138.8
4138.8
4138.8
4138.8
4138.8
4138.8
4138.8
4138.8
4138.8
4138.8
4119.6
4119.6
4119.6
4115.6
4107.6
4107.6
4107.6
4107.6
4107.6
4107.6
4107.6
4107.6
4107.6
4107.6
4107.6
4107.6
4107.6
4107.6
4107.6
4107.6
4107.6
4107.6
4107.6
4107.6
4107.6
4107.6
4107.6
4107.6
4107.6
4107.6
4107.6
4107.6
4107.6
4107.6
4107.6
4107.6
4081.6
4081.6
4081.6
4081.6
