7241.2
7241.2
7241.2
7241.2
7241.2
7241.2
6974.8
6197.6
6197.6
6197.6
6197.6
5591.2
5591.2
5591.2
5591.2
5591.2
5591.2
5591.2
5591.2
5511.2
5490.4
5266.4
4930
4930
4930
4930
4930
4930
4926.4
4926.4
4926.4
4926.4
4926.4
4926.4
4656.8
4656.8
4656.8
4571.6
4571.6
4571.6
4571.6
4367.2
4367.2
4073.2
4073.2
4073.2
4073.2
4073.2
4014.4
4014.4
4014.4
4014.4
4014.4
4001.2
3492.4
3492.4
3492.4
3492.4
3492.4
3492.4
3492.4
3492.4
3492.4
3492.4
3492.4
3492.4
3492.4
3492.4
3490.4
3490.4
3490.4
3490.4
3442.8
3423.2
3423.2
3213.2
3213.2
3213.2
3213.2
3213.2
3213.2
3213.2
3213.2
3213.2
3213.2
3213.2
3213.2
3203.2
3203.2
3203.2
3203.2
3203.2
3203.2
3203.2
3203.2
3203.2
3203.2
3203.2
3203.2
3203.2
