7453.6
6164.4
5030
4620.8
4334
4150
3988
3881.2
3881.2
3743.2
3743.2
3743.2
3743.2
3743.2
3743.2
3667.2
3667.2
3667.2
3662
3662
3662
3646
3646
3646
3568
3568
3568
3568
3568
3568
3568
3568
3568
3568
3568
3568
3568
3568
3568
3568
3568
3568
3568
3568
3568
3568
3568
3568
3568
3568
3568
3568
3568
3568
3568
3568
3568
3568
3568
3568
3568
3568
3568
3568
3568
3568
3568
3568
3568
3568
3568
3568
3568
3568
3568
3568
3568
3568
3568
3568
3568
3568
3568
3568
3568
3568
3568
3568
3568
3568
3568
3568
3568
3568
3568
3568
3568
3568
3568
3568
