12995.6
11896.8
10790.8
10790.8
10790.8
10790.8
10790.8
10782.4
10782.4
10782.4
10782.4
10782.4
10782.4
10782.4
10782.4
10484
10374.8
10151.6
10151.6
10151.6
10111.6
9976.4
9679.6
9409.6
9342.8
9010
8876
8876
8733.2
8575.2
8575.2
8569.2
8569.2
8569.2
8569.2
8569.2
8555.2
8555.2
8555.2
8555.2
8555.2
8555.2
8508.4
8508.4
8508.4
8508.4
8344.4
8230.4
8213.2
8029.2
8029.2
8029.2
8029.2
8029.2
8029.2
8029.2
8029.2
8029.2
8029.2
8029.2
8029.2
8029.2
8029.2
8029.2
8029.2
8029.2
8029.2
8029.2
8029.2
8029.2
8029.2
8029.2
8029.2
8029.2
8029.2
8029.2
8029.2
8029.2
8029.2
8029.2
8029.2
8029.2
8029.2
8029.2
8029.2
8029.2
8029.2
8015.2
8015.2
8015.2
8015.2
8015.2
8015.2
8015.2
8015.2
7977.6
7977.6
7977.6
7977.6
7977.6
