10714
10714
10714
10714
10714
10714
10337.2
10071.6
9817.2
9062.8
9062.8
9062.8
8410
8410
8410
8410
8410
8410
8410
7201.2
7201.2
7201.2
7201.2
7201.2
7201.2
7201.2
7201.2
7201.2
7201.2
7201.2
7201.2
7178.4
7178.4
7178.4
7144.4
7144.4
7144.4
6928.8
6928.8
6928.8
6928.8
6928.8
6928.8
6928.8
6928.8
6802.4
6706.8
6706.8
6706.8
6706.8
6706.8
6672.8
6672.8
6672.8
6672.8
6568.8
6568.8
6568.8
6568.8
6536.4
6426.4
6426.4
6413.2
6413.2
6413.2
6413.2
6413.2
6413.2
6384
6384
6337.6
6337.6
6337.6
6337.6
6337.6
6337.6
6337.6
6337.6
6337.6
6337.6
6337.6
6196
6196
6196
6196
6196
6196
6196
6100
6100
6100
6100
5965.6
5946
5946
5946
5946
5946
5946
5946
