11320
11206
10288.8
10288.8
9965.2
9741.6
9384.8
9280.8
9270
9158
8804.8
8369.6
8363.6
8363.6
7673.6
7641.6
7641.6
7557.6
7557.6
7557.6
7411.2
7403.6
7403.6
7385.6
7385.6
7385.6
7385.6
7385.6
7278.8
7278.8
7242.8
7154.8
7154.8
7154.8
7154.8
7154.8
7154.8
7154.8
7154.8
7154.8
7154.8
7066.8
7036.8
7036.8
7036.8
6884.8
6578.8
6578.8
6578.8
6578.8
6578.8
6340
6340
6340
6340
6209.2
6209.2
6015.2
6015.2
5991.2
5991.2
5991.2
5991.2
5991.2
5991.2
5989.2
5989.2
5989.2
5989.2
5989.2
5989.2
5989.2
5989.2
5989.2
5989.2
5989.2
5989.2
5989.2
5989.2
5989.2
5989.2
5989.2
5989.2
5989.2
5989.2
5989.2
5989.2
5989.2
5989.2
5989.2
5989.2
5989.2
5989.2
5989.2
5989.2
5989.2
5989.2
5989.2
5989.2
5989.2
