13223.6
11513.2
11209.2
11137.2
11016.8
10082.8
10082.8
10082.8
10074.8
10006.8
9688.4
9258.8
9258.8
9172.8
9172.8
9172.8
9172.8
9164.8
9154
9154
9072.4
9046.4
9040.4
8964.4
8950.4
8900.4
8850.4
8850.4
8850.4
8850.4
8850.4
8850.4
8850.4
8850.4
8720.8
8720.8
8720.8
8720.8
8720.8
8712.8
8586.8
8454.8
8454.8
8454.8
8454.8
8454.8
8454.8
8454.8
8454.8
8454.8
8454.8
8454.8
8454.8
8454.8
8454.8
8454.8
8454.8
8412.8
8412.8
8412.8
8412.8
8404.8
8404.8
8404.8
8404.8
8404.8
8404.8
8404.8
8404.8
8404.8
8404.8
8404.8
8404.8
8344.8
8344.8
8306.8
8306.8
8306.8
8306.8
8306.8
8306.8
8306.8
8306.8
8306.8
8306.8
8306.8
8306.8
8306.8
8306.8
8306.8
8306.8
8306.8
8306.8
8306.8
8306.8
8306.8
8306.8
8306.8
8306.8
8306.8
