8770
8410.8
6337.6
6282.4
6282.4
6220.4
6025.6
6025.6
6017.2
6008.4
5828.8
5081.6
5081.6
4925.6
4925.6
4925.6
4739.6
4739.6
4739.6
4739.6
4739.6
4581.6
4581.6
4564.4
4564.4
4564.4
4564.4
4564.4
4564.4
4564.4
4564.4
4564.4
4564.4
4564.4
4564.4
4564.4
4564.4
4564.4
4564.4
4564.4
4564.4
4564.4
4564.4
4564.4
4564.4
4564.4
4564.4
4564.4
4564.4
4564.4
4564.4
4564.4
4564.4
4564.4
4564.4
4564.4
4564.4
4564.4
4564.4
4564.4
4564.4
4564.4
4564.4
4564.4
4564.4
4564.4
4564.4
4564.4
4564.4
4564.4
4564.4
4564.4
4564.4
4564.4
4564.4
4564.4
4564.4
4564.4
4564.4
4564.4
4564.4
4564.4
4564.4
4564.4
4564.4
4564.4
4564.4
4564.4
4564.4
4564.4
4564.4
4564.4
4564.4
4564.4
4564.4
4564.4
4564.4
4564.4
4564.4
4564.4
