13197.2
13197.2
13197.2
11437.2
11437.2
10784.8
10784.8
10784.8
10324.4
10324.4
10324.4
10324.4
9401.2
9401.2
9401.2
9401.2
9401.2
9401.2
9401.2
9401.2
9401.2
9401.2
9000.4
9000.4
9000.4
8390.4
8390.4
8390.4
8390.4
8390.4
8390.4
8390.4
8390.4
8390.4
8390.4
8390.4
8390.4
8390.4
8390.4
8390.4
8390.4
8390.4
8390.4
8390.4
8390.4
8390.4
8390.4
8390.4
8390.4
8390.4
8390.4
8390.4
8390.4
8390.4
8390.4
8390.4
8390.4
8390.4
8390.4
8390.4
8390.4
8390.4
8390.4
8390.4
8390.4
8390.4
8390.4
8390.4
8390.4
8390.4
8390.4
8390.4
8390.4
8390.4
8390.4
8390.4
8390.4
8390.4
8390.4
8390.4
8390.4
8390.4
8390.4
8390.4
8390.4
8390.4
8390.4
8390.4
8390.4
8390.4
8390.4
8390.4
8390.4
8390.4
8390.4
8390.4
8390.4
8390.4
8390.4
8390.4
