6487.6
5641.2
5641.2
5613.6
5613.6
5613.6
5613.6
5613.6
5613.6
5613.6
5613.6
5613.6
5613.6
5613.6
5613.6
5613.6
5613.6
5613.6
5613.6
5613.6
5613.6
5613.6
5613.6
5613.6
5613.6
5613.6
5613.6
5613.6
5600.8
5590.8
5554.8
5554.8
5354.8
5354.8
5354.8
5354.8
5354.8
5354.8
5354.8
5354.8
5354.8
5354.8
5354.8
5354.8
5354.8
5354.8
5354.8
5354.8
5354.8
5308.8
5308.8
5308.8
5308.8
5264.8
5264.8
5264.8
5264.8
5264.8
5264.8
5168.8
5168.8
5168.8
5168.8
5168.8
4796.8
4692.8
4692.8
4692.8
4692.8
4692.8
4692.8
4692.8
4692.8
4692.8
4692.8
4692.8
4692.8
4692.8
4692.8
4692.8
4692.8
4692.8
4692.8
4692.8
4692.8
4692.8
4692.8
4618.8
4618.8
4618.8
4618.8
4618.8
4618.8
4618.8
4618.8
4618.8
4618.8
4618.8
4618.8
4618.8
