6255.2
6255.2
6079.2
6038.8
6038.8
5643.2
5633.6
5633.6
5437.2
5437.2
5437.2
5437.2
5437.2
5437.2
5437.2
5437.2
5437.2
5437.2
5437.2
5437.2
5437.2
5437.2
4813.2
4813.2
4703.2
4703.2
4427.2
4409.2
4409.2
4409.2
4409.2
4409.2
4409.2
4409.2
4409.2
4409.2
4409.2
4409.2
4409.2
4409.2
4409.2
4409.2
4409.2
4409.2
4409.2
4393.2
4393.2
4393.2
4393.2
4393.2
4393.2
4393.2
4393.2
4393.2
4393.2
4393.2
4393.2
4393.2
4393.2
4393.2
4393.2
4393.2
4393.2
4393.2
4393.2
4393.2
4393.2
4393.2
4393.2
4393.2
4393.2
4393.2
4393.2
4393.2
4393.2
4340.8
4340.8
4340.8
4340.8
4340.8
4340.8
4340.8
4340.8
4340.8
4340.8
4340.8
4340.8
4340.8
4340.8
4340.8
4340.8
4340.8
4340.8
4170.8
4163.2
4163.2
4163.2
4163.2
4163.2
4163.2
4163.2
