5686
5686
5686
5686
5394.8
5394.8
5394.8
5394.8
5394.8
5394.8
5394.8
5394.8
5394.8
4649.2
4649.2
4649.2
4649.2
4649.2
4649.2
4649.2
4649.2
4649.2
4649.2
4649.2
4649.2
4649.2
4649.2
4649.2
4649.2
4556.8
4228.8
4228.8
4228.8
4228.8
4228.8
4228.8
4228.8
4228.8
4228.8
4228.8
4228.8
4228.8
4228.8
4228.8
4178.8
4097.2
4097.2
4097.2
4097.2
4097.2
3992.8
3992.8
3992.8
3876
3876
3876
3876
3876
3876
3876
3876
3876
3876
3876
3768.8
3768.8
3768.8
3768.8
3768.8
3768.8
3768.8
3768.8
3701.6
3701.6
3701.6
3600.8
3600.8
3600.8
3600.8
3570.8
3570.8
3570.8
3570.8
3570.8
3570.8
3570.8
3570.8
3570.8
3570.8
3570.8
3570.8
3570.8
3570.8
3570.8
3570.8
3570.8
3570.8
3570.8
3570.8
3570.8
