5119.2
4061.2
3063.2
3063.2
3063.2
3063.2
3063.2
3063.2
3063.2
3063.2
3063.2
3063.2
3063.2
3063.2
3063.2
3063.2
2935.2
2935.2
2935.2
2935.2
2935.2
2935.2
2795.2
2677.2
2677.2
2631.2
2631.2
2631.2
2613.2
2613.2
2613.2
2531.2
2531.2
2531.2
2531.2
2531.2
2531.2
2531.2
2531.2
2531.2
2531.2
2531.2
2531.2
2531.2
2531.2
2531.2
2531.2
2531.2
2531.2
2531.2
2531.2
2531.2
2531.2
2517.2
2517.2
2517.2
2517.2
2517.2
2517.2
2517.2
2517.2
2517.2
2517.2
2517.2
2517.2
2517.2
2517.2
2517.2
2517.2
2517.2
2517.2
2517.2
2517.2
2517.2
2517.2
2517.2
2517.2
2517.2
2517.2
2517.2
2517.2
2517.2
2517.2
2517.2
2517.2
2517.2
2517.2
2517.2
2517.2
2517.2
2517.2
2517.2
2517.2
2517.2
2517.2
2517.2
2517.2
2517.2
2517.2
2517.2
