8616.4
8377.2
8245.2
8245.2
7584
7574
7574
7574
7472
7472
7472
7472
7472
7472
7472
7472
7472
7472
7472
7183.6
7183.6
7183.6
7183.6
7183.6
7183.6
7183.6
7183.6
7183.6
7183.6
7183.6
7183.6
7183.6
7183.6
7183.6
7183.6
7183.6
7183.6
7183.6
7183.6
7183.6
7183.6
7183.6
7183.6
7183.6
7183.6
7183.6
7183.6
7183.6
7183.6
7183.6
7183.6
7183.6
7183.6
7183.6
7183.6
7183.6
7183.6
7183.6
7183.6
7183.6
7183.6
7183.6
7183.6
7183.6
7183.6
7183.6
7183.6
7183.6
7183.6
7183.6
7183.6
7183.6
7183.6
7183.6
7183.6
7183.6
7183.6
7183.6
7183.6
7183.6
7183.6
7183.6
7183.6
7183.6
7183.6
7183.6
7183.6
7183.6
7183.6
7183.6
7183.6
7183.6
7183.6
7183.6
7183.6
7183.6
7183.6
7183.6
7183.6
7183.6
