5359.2
5359.2
5255.2
5255.2
5255.2
5255.2
5255.2
5255.2
5255.2
5255.2
5255.2
5255.2
5255.2
5255.2
5255.2
5255.2
5255.2
5255.2
5255.2
5255.2
5255.2
5255.2
5255.2
5255.2
5255.2
5255.2
5255.2
5255.2
5255.2
5255.2
5255.2
5255.2
5255.2
5255.2
5255.2
5255.2
5255.2
5255.2
5255.2
5255.2
5255.2
5255.2
5255.2
5255.2
5255.2
5255.2
5255.2
5255.2
5255.2
5255.2
5255.2
5255.2
5255.2
5255.2
5255.2
5255.2
5255.2
5255.2
5255.2
5255.2
5255.2
5255.2
5255.2
5255.2
5255.2
5255.2
5255.2
5255.2
5255.2
5255.2
5255.2
5255.2
5255.2
5255.2
5255.2
5255.2
5255.2
5255.2
5255.2
5255.2
5255.2
5255.2
5255.2
5255.2
5255.2
5255.2
5255.2
5255.2
5255.2
5255.2
5255.2
5255.2
5255.2
5255.2
5255.2
5255.2
5255.2
5255.2
5255.2
5255.2
