13340.8
13271.2
12014
12014
12014
12014
12014
12014
12002
12002
11996
11996
11920
11920
11920
11920
11651.6
11651.6
11651.6
11651.6
11602
11412
11353.2
11353.2
11353.2
11353.2
11353.2
11353.2
11307.2
11025.2
11025.2
11025.2
11025.2
11025.2
11025.2
11023.2
11023.2
10785.2
10685.2
10685.2
10685.2
10411.2
10411.2
10229.2
10229.2
10175.2
10175.2
10169.2
10021.2
10011.2
10011.2
9775.6
9297.6
9233.6
9191.6
9081.6
8908.8
8908.8
8879.6
8810.4
8810.4
8810.4
8810.4
8810.4
8486.8
8486.8
8486.8
8486.8
8486.8
8486.8
8486.8
8406.8
8272.8
8272.8
8272.8
8272.8
8272.8
8272.8
8272.8
8272.8
8272.8
8272.8
8272.8
8272.8
8272.8
8272.8
8272.8
8272.8
8272.8
8272.8
8272.8
8272.8
8272.8
8272.8
8272.8
8272.8
8170.8
8170.8
8170.8
8170.8
8170.8
