13479.6
13479.6
12778
12178.8
12178.8
12178.8
11700
11700
11080.4
11080.4
10982.4
10942.4
10942.4
10926.8
10907.2
10889.6
10889.6
10637.2
10635.2
10635.2
10635.2
10635.2
10635.2
10635.2
10635.2
10452.8
10452.8
10452.8
10444.8
10444.8
9982.4
9982.4
9900
9900
9900
9900
9896
9896
9896
9896
9896
9896
9590
9590
9590
9590
9590
9565.6
9369.6
9369.6
9369.6
9369.6
9369.6
9369.6
9365.6
9365.6
9365.6
9365.6
9365.6
9365.6
9365.6
9365.6
9365.6
9365.6
9365.6
9365.6
9365.6
9365.6
9365.6
9365.6
9365.6
9365.6
9365.6
9365.6
9365.6
9365.6
9365.6
9365.6
9365.6
9365.6
9365.6
9189.6
9189.6
9189.6
9189.6
9189.6
9189.6
9189.6
9189.6
9189.6
9189.6
9189.6
9165.6
8961.6
8961.6
8961.6
8961.6
8961.6
8961.6
8961.6
