10599.2
10265.2
10210.8
10210.8
10210.8
10210.8
10210.8
10210.8
10210.8
10210.8
10210.8
10210.8
10092.4
10092.4
10092.4
10092.4
10092.4
10092.4
10092.4
10092.4
10092.4
10092.4
10092.4
10092.4
10092.4
10092.4
10092.4
10092.4
10092.4
10092.4
10092.4
10092.4
9968.4
9968.4
9968.4
9800.4
9800.4
9800.4
9800.4
9800.4
9800.4
9800.4
9800.4
9800.4
9800.4
9800.4
9800.4
9800.4
9800.4
9800.4
9800.4
9800.4
9800.4
9800.4
9800.4
9800.4
9800.4
9800.4
9800.4
9800.4
9800.4
9800.4
9800.4
9800.4
9800.4
9800.4
9800.4
9800.4
9800.4
9800.4
9800.4
9800.4
9800.4
9800.4
9800.4
9800.4
9800.4
9800.4
9800.4
9800.4
9800.4
9800.4
9800.4
9800.4
9800.4
9800.4
9800.4
9800.4
9800.4
9800.4
9800.4
9800.4
9800.4
9800.4
9800.4
9800.4
9800.4
9800.4
9800.4
9800.4
