12004.8
12004.8
12004.8
12004.8
9642.4
9626
9626
9626
9095.6
9095.6
9095.6
9095.6
9095.6
9095.6
9095.6
9095.6
9095.6
9095.6
9095.6
9095.6
9095.6
9095.6
9095.6
9095.6
9095.6
9095.6
9095.6
9095.6
9095.6
8822
8822
8822
8806.8
8638.4
8638.4
8638.4
8160.8
8160.8
8160.8
8160.8
8160.8
8132.8
8132.8
7948
7948
7948
7948
7948
7948
7948
7922.8
7283.6
7283.6
7283.6
7283.6
7193.6
7114.4
6660.4
6660.4
6660.4
6660.4
6660.4
6660.4
6660.4
6660.4
6660.4
6660.4
6660.4
6660.4
6660.4
6660.4
6660.4
6660.4
6660.4
6660.4
5733.6
5733.6
5733.6
5733.6
5733.6
5733.6
5733.6
5733.6
5733.6
5733.6
5733.6
5733.6
5733.6
5733.6
5733.6
5733.6
5733.6
5733.6
5733.6
5733.6
5733.6
5733.6
5733.6
5733.6
5733.6
