9859.2
9535.6
9535.6
9026
9026
8972
8430
8258
8258
8258
8232
8206
8112.4
8077.6
8035.6
7724.8
7724.8
7618.8
7618.8
7618.8
7482.8
7482.8
7482.8
7482.8
7482.8
7482.8
7482.8
7426.8
7426.8
7408.8
7408.8
7302.8
7302.8
7302.8
7302.8
7302.8
7302.8
7302.8
7302.8
7302.8
7302.8
7302.8
7162.8
7152.8
7152.8
7152.8
6948.8
6882.8
6882.8
6882.8
6828.8
6828.8
6828.8
6754.8
6754.8
6754.8
6734.8
6616.8
6616.8
6616.8
6610.8
6610.8
6610.8
6610.8
6610.8
6610.8
6610.8
6610.8
6610.8
6610.8
6610.8
6610.8
6610.8
6610.8
6610.8
6610.8
6610.8
6610.8
6610.8
6610.8
6610.8
6610.8
6610.8
6610.8
6610.8
6474.8
6474.8
6474.8
6474.8
5956.8
5956.8
5956.8
5896.8
5896.8
5896.8
5896.8
5888.8
5888.8
5888.8
5888.8
