14123.6
12651.2
12651.2
12162.4
11734.4
11488.4
11369.6
10938
10575.6
10575.6
10427.6
10427.6
10338
10338
10256
10232
10232
10232
10218
10188
10032
10020
9976
9976
9976
9910
9864
9864
9864
9850.4
9850.4
9718.8
9718.8
9312.8
9312.8
9312.8
9268.8
9210.8
9210.8
9210.8
9210.8
9210.8
9210.8
9154.8
9154.8
9150.8
8125.2
8125.2
8125.2
8125.2
8125.2
8125.2
8125.2
8125.2
8125.2
7962.8
7962.8
7962.8
7936.8
7936.8
7936.8
7820.8
7820.8
7820.8
7820.8
7820.8
7820.8
7820.8
7820.8
7820.8
7820.8
7820.8
7820.8
7820.8
7820.8
7820.8
7820.8
7820.8
7820.8
7820.8
7820.8
7820.8
7820.8
7820.8
7820.8
7820.8
7820.8
7820.8
7820.8
7820.8
7820.8
7820.8
7820.8
7820.8
7820.8
7820.8
7820.8
7820.8
7820.8
7820.8
