12557.2
11894.8
10731.6
10727.6
10543.6
10493.6
10418.8
10418.8
10252.8
9622.8
9213.6
9009.6
9007.6
9007.6
9007.6
8955.6
8955.6
8914.8
8914.8
8914.8
8914.8
8914.8
8914.8
8914.8
8914.8
8914.8
8914.8
8914.8
8914.8
8914.8
8914.8
8914.8
8914.8
8914.8
8914.8
8912.8
8912.8
8896.8
8896.8
8896.8
8896.8
8886.8
8886.8
8886.8
8886.8
8886.8
8886.8
8886.8
8886.8
8886.8
8886.8
8886.8
8886.8
8788.8
8788.8
8788.8
8786.8
8786.8
8786.8
8786.8
8350.8
8350.8
8350.8
8350.8
8318.8
8318.8
8126.8
8060.4
8060.4
8042.4
8032.8
8032.8
8010.8
7802.8
7802.8
7802.8
7784.8
7784.8
7784.8
7784.8
7784.8
7784.8
7784.8
7784.8
7784.8
7784.8
7784.8
7784.8
7784.8
7784.8
7784.8
7784.8
7784.8
7784.8
7784.8
7784.8
7784.8
7784.8
7784.8
7784.8
