10470.4
9325.6
9270.4
8861.6
8486.4
8486.4
8118.4
8118.4
8036.4
8036.4
8036.4
7971.2
7971.2
7971.2
7703.2
7497.2
7457.2
6903.2
6791.2
6757.2
6757.2
6645.2
6645.2
6639.2
6639.2
6639.2
6639.2
6639.2
6639.2
6639.2
6639.2
6639.2
6639.2
6639.2
6623.2
6623.2
6623.2
6623.2
6623.2
6623.2
6623.2
6623.2
6623.2
6623.2
6623.2
6623.2
6623.2
6623.2
6623.2
6623.2
6623.2
6623.2
6623.2
6623.2
6623.2
6623.2
6623.2
6623.2
6623.2
6623.2
6623.2
6623.2
6623.2
6623.2
6623.2
6623.2
6623.2
6623.2
6623.2
6623.2
6623.2
6623.2
6623.2
6623.2
6623.2
6623.2
6623.2
6623.2
6623.2
6623.2
6553.6
6527.2
6494.4
6494.4
6494.4
6494.4
6494.4
6494.4
6494.4
6494.4
6494.4
6494.4
6468
6468
6468
6468
6468
6468
6468
6468
