17595.2
16323.2
15147.2
13762.8
13320.8
13320.8
13320.8
12574.8
12202.8
11830.8
11830.8
11600.8
11600.8
11446.8
11446.8
11324.8
11314.8
11314.8
11314.8
11256.8
11256.8
11256.8
11224.8
11224.8
11224.8
11224.8
11224.8
11220.8
11136.8
11136.8
11136.8
11136.8
11136.8
11136.8
10766.8
10766.8
10766.8
10766.8
10666
10666
10666
10666
10666
10666
10666
10666
10662
10662
10662
10662
10662
10284
10282
10282
10282
10282
10282
10282
10282
10282
10282
10282
10282
10282
10282
10282
10282
10282
10282
10282
10282
10282
10282
10282
10282
10282
10282
10282
10282
10282
10282
10282
10282
10282
10282
10282
10282
10282
10282
10282
10282
10282
10282
10282
10282
10282
10282
10282
10282
10282
