19612
19612
19612
19612
19582.8
18435.2
18435.2
18435.2
18120.8
18057.2
17556
17556
17556
17133.2
17133.2
17133.2
17133.2
17127.6
17048
16910
16910
16380.4
16380.4
15265.2
15265.2
15265.2
15265.2
15265.2
15265.2
15265.2
15265.2
15265.2
15265.2
15265.2
15265.2
15265.2
15265.2
15265.2
15265.2
15265.2
15265.2
15265.2
15265.2
15265.2
15265.2
15265.2
15265.2
15265.2
15265.2
15265.2
15265.2
15265.2
15265.2
15265.2
15265.2
15265.2
15265.2
14880.8
14880.8
14880.8
14880.8
14880.8
14880.8
14880.8
14880.8
14880.8
14880.8
14880.8
14880.8
14856
14856
14856
14788
14788
14756
14756
14756
14756
14756
14756
14756
14756
14756
14756
14756
14672.4
14672.4
14672.4
14672.4
14672.4
14672.4
14672.4
14672.4
14672.4
14672.4
14672.4
14672.4
14672.4
13844.4
13844.4
