19407.6
17846.8
17552.8
16730.4
16730.4
16423.6
16355.6
16004.4
16004.4
15856.4
15600.4
15514.4
15322.4
15322.4
15322.4
15218.4
15218.4
14593.2
14467.2
14467.2
14467.2
14467.2
14467.2
14227.2
14163.2
14163.2
14163.2
14163.2
14035.2
13943.2
13943.2
13927.2
13927.2
13927.2
13873.2
13869.2
13869.2
13869.2
13869.2
13869.2
13791.2
13635.2
13635.2
13635.2
13635.2
13635.2
13635.2
13635.2
13635.2
13635.2
13635.2
13599.2
13599.2
13599.2
13599.2
13599.2
13599.2
13551.2
13551.2
13529.2
13529.2
13529.2
13529.2
13529.2
13529.2
13529.2
13529.2
13529.2
13529.2
13529.2
13529.2
13529.2
13529.2
13529.2
13529.2
13529.2
13529.2
13529.2
13529.2
13529.2
13529.2
13529.2
13529.2
13529.2
13529.2
13529.2
13529.2
13529.2
13529.2
13529.2
13447.2
13447.2
13447.2
13447.2
13447.2
13447.2
13447.2
13447.2
13447.2
13447.2
13447.2
