19835.6
18069.2
16498
15215.2
14515.2
14463.2
14463.2
14463.2
14463.2
14401.2
14375.2
14375.2
14375.2
12767.6
12767.6
12767.6
12136.8
12112.8
12112.8
12112.8
12112.8
12112.8
12112.8
12112.8
12112.8
11836.8
11836.8
11772.8
11772.8
11614.8
11614.8
11614.8
11614.8
11614.8
11614.8
11614.8
11614.8
11614.8
11614.8
11614.8
11614.8
11614.8
10822.8
10822.8
10822.8
10822.8
10818.8
10818.8
10818.8
10818.8
10818.8
10818.8
10818.8
10818.8
10818.8
10818.8
10818.8
10818.8
10818.8
10818.8
10770
10770
10770
10610
10610
10610
10610
10610
10610
10610
10610
10610
10610
10610
10610
10610
10610
10610
10610
10610
10610
10610
10610
10610
10610
10610
10610
10610
10610
10610
10610
10610
10610
10610
10610
10610
10610
10610
10610
10610
