15176
14260.4
13614.4
13300.4
13108.4
13100.4
12484.4
12138
12138
12090
12078
11838
11711.6
11622.8
11622.8
11586.8
11545.6
11512.8
11512.8
11490.8
11490.8
11390.8
11390.8
11390.8
11349.6
11315.2
11315.2
11315.2
11197.2
11197.2
11197.2
11197.2
11053.2
11053.2
11053.2
11053.2
11053.2
11053.2
11053.2
11037.2
11037.2
11037.2
11037.2
11037.2
10642
10573.6
10573.6
10573.6
10573.6
10573.6
10573.6
10573.6
10561.6
10561.6
10561.6
10561.6
10561.6
10561.6
10561.6
10527.6
10527.6
10355.6
10355.6
10355.6
10355.6
10355.6
10355.6
10223.6
10223.6
10223.6
10221.6
10221.6
10221.6
10221.6
10221.6
10221.6
10221.6
10221.6
10221.6
10221.6
10221.6
10221.6
10099.6
10099.6
10099.6
10099.6
10099.6
10099.6
10099.6
10099.6
10099.6
10099.6
10099.6
10099.6
10099.6
10099.6
10099.6
10099.6
10099.6
10099.6
