17900
15658.8
15445.2
14708
13204.4
13204.4
12948.4
12526.4
12526.4
12526.4
12462.4
12233.6
12003.6
12003.6
11771.6
11771.6
11771.6
11771.6
11247.6
11247.6
11247.6
11247.6
11219.6
11193.6
10991.6
10991.6
10735.6
10735.6
10665.6
10665.6
10665.6
10665.6
10353.6
10353.6
10353.6
10353.6
10285.6
10285.6
10285.6
10285.6
10285.6
10277.6
10277.6
10041.2
10041.2
9855.2
9855.2
9617.2
9617.2
9617.2
9617.2
9617.2
9617.2
9617.2
9463.2
9463.2
9463.2
9463.2
9315.2
9315.2
9315.2
9315.2
9315.2
9315.2
9315.2
9315.2
9315.2
9315.2
9315.2
9315.2
9315.2
9315.2
9315.2
9315.2
9315.2
9315.2
9315.2
9315.2
9315.2
9315.2
9315.2
9315.2
9315.2
9315.2
9315.2
9315.2
9315.2
9315.2
9315.2
9315.2
9315.2
9315.2
9315.2
9315.2
9315.2
9315.2
9315.2
9315.2
9315.2
9315.2
