33308.4
32425.6
31724
30484
30161.6
29211.6
27817.6
25991.6
25047.6
24795.6
23870
23776
22908
21769.6
21769.6
21769.6
21713.6
21713.6
21713.6
21713.6
21703.6
21703.6
21624.4
21624.4
21578.4
21283.2
21283.2
21283.2
21283.2
20923.2
20785.2
20747.2
20747.2
20747.2
20663.2
20652.4
20652.4
20640.4
20308.4
20308.4
20308.4
20308.4
20308.4
20308.4
20308.4
19838.4
19838.4
19828.4
19828.4
19828.4
19744.4
19744.4
19744.4
19744.4
19744.4
19744.4
19522.4
19522.4
19522.4
19522.4
19522.4
19522.4
19522.4
19522.4
19522.4
19522.4
19522.4
19522.4
19468.4
19468.4
19468.4
19174
19174
19174
19174
19174
19174
19174
19174
19174
19174
19174
19174
19174
19174
19174
19174
19174
19174
19174
19174
19174
19174
19174
19174
19174
19174
19174
19174
19174
