36969.2
36969.2
36969.2
36969.2
36969.2
36969.2
36969.2
36969.2
36872.8
36872.8
36872.8
36325.6
36197.6
35236.4
35236.4
35236.4
34348
34348
34009.2
34009.2
34009.2
34009.2
33192.4
33192.4
33192.4
33192.4
33192.4
32694.4
32694.4
32464.8
31560.8
31560.8
31560.8
31560.8
31560.8
31560.8
31560.8
31560.8
31560.8
31560.8
31560.8
31560.8
31560.8
31560.8
31560.8
31560.8
31560.8
31560.8
31560.8
31560.8
31560.8
31496
31496
31496
31496
31496
31496
31496
31394
31394
31359.2
31359.2
31359.2
31359.2
31310
31270
31270
31186
31186
30944
30641.2
30641.2
30641.2
30641.2
30641.2
30402
30402
30402
30402
30402
30402
30306
30228.8
30228.8
30228.8
30222.8
30222.8
30124.8
29852.4
29852.4
29852.4
29852.4
29852.4
29852.4
29832.4
29832.4
29832.4
29748.4
29748.4
29748.4
