36816.8
33870.4
32240.4
32240.4
32100.4
32100.4
31110
30873.6
30873.6
30505.6
30415.2
29622
29622
28993.6
28993.6
28593.2
28593.2
27356
27356
27356
26308
24589.2
24589.2
24397.2
24256
24256
24256
24116
24116
23980
23732
23156
23156
22988
22988
22988
22898
22790
22674
22674
22502
22502
22493.6
22493.6
22457.6
22457.6
22457.6
22353.6
22275.6
22275.6
22275.6
22275.6
22275.6
21706.4
21706.4
21654.4
21654.4
21654.4
21654.4
21654.4
21075.6
21075.6
21075.6
21075.6
21075.6
21075.6
21075.6
21075.6
21075.6
21075.6
21075.6
21075.6
21075.6
21075.6
21075.6
21075.6
21075.6
21075.6
21075.6
21075.6
21075.6
21075.6
21075.6
21075.6
21075.6
21075.6
21075.6
21075.6
21075.6
21075.6
21075.6
21075.6
21075.6
21075.6
21075.6
21075.6
21075.6
21075.6
21075.6
21075.6
