39729.2
33782.4
33324.4
31369.6
29854
29854
29854
29854
29854
29854
29733.2
29733.2
29733.2
29588.8
29588.8
29588.8
29588.8
29588.8
29588.8
29588.8
29588.8
29588.8
29588.8
29588.8
29588.8
29588.8
29588.8
29588.8
29588.8
29331.6
29331.6
29307.6
29307.6
29303.6
29303.6
29303.6
29303.6
29303.6
29303.6
29097.6
28760.4
28760.4
28760.4
28760.4
28760.4
28760.4
28608.4
28608.4
28608.4
28492.4
28470.8
28470.8
28468.8
28433.6
28363.6
28363.6
28363.6
27872.8
27800
27643.6
27428
26884.8
26884.8
26880.8
26880.8
26880.8
26880.8
26880.8
26880.8
26880.8
26880.8
26842.8
26842.8
26842.8
26842.8
26694.8
26234.8
26188
26188
26188
26188
26188
26188
26188
26188
26188
26188
26188
26188
26188
26188
26188
26188
26188
26188
26188
26188
26188
26188
26188
