31467.2
29057.2
29057.2
28281.6
28069.6
27949.2
27949.2
25056
22646.8
21286.8
21017.6
20578.4
20296.8
20296.8
20296.8
20296.8
20288.8
20288.8
20288.8
20288.8
20288.8
20288.8
20288.8
20160.8
20160.8
20160.8
20092.8
20092.8
20092.8
20066.8
20066.8
20066.8
20066.8
20066.8
20066.8
19807.6
19807.6
19547.2
19547.2
19500.8
19500.8
19500.8
19378.8
19378.8
19054.8
18768.8
18768.8
18768.8
18457.6
18457.6
18457.6
18405.6
18244
18244
18244
18244
18210
18210
18190
18190
18190
18190
18190
18190
18190
18190
18190
18190
18190
18190
18190
18188
18188
18188
18188
18188
18188
18188
18188
18188
18188
18188
18188
18188
18188
18188
18188
18188
18188
18188
18188
18188
18188
18188
18188
18188
18188
18188
18188
18188
