35574.4
31840.4
31840.4
31840.4
30031.2
29302
29302
28082.4
28082.4
28082.4
28082.4
28082.4
28082.4
28082.4
28082.4
28082.4
25981.2
25981.2
25981.2
25975.2
25535.2
25535.2
25535.2
25449.2
25449.2
25313.2
23871.6
23871.6
23871.6
23679.6
23679.6
23247.6
23247.6
23247.6
23247.6
23247.6
23247.6
23247.6
23087.6
21814.8
21814.8
21814.8
21814.8
21814.8
21814.8
21814.8
20132.8
20132.8
20132.8
20132.8
20132.8
20132.8
20132.8
20132.8
20132.8
20132.8
19799.2
19799.2
19799.2
19799.2
19799.2
19590.8
19590.8
19590.8
19590.8
19590.8
19590.8
19590.8
19217.6
19217.6
19217.6
19217.6
19217.6
19217.6
19217.6
19217.6
18962.4
18962.4
18670.8
18670.8
18670.8
18670.8
18670.8
18670.8
18670.8
18670.8
18670.8
18670.8
18670.8
18670.8
18670.8
18472.8
17876.8
17876.8
17876.8
17876.8
17876.8
17876.8
17876.8
17876.8
