35488.4
33366
33366
33302
32216
32196
31957.6
31832
31414.4
30890.4
30890.4
28792.4
28792.4
28792.4
28306.4
28306.4
28306.4
28306.4
28306.4
27593.2
27593.2
27593.2
27593.2
27593.2
27593.2
27593.2
27593.2
27336
27336
27336
27336
27336
27336
27336
27336
27336
27336
27336
27336
27326
27214
26508.4
26223.6
26169.6
26155.2
25977.2
25977.2
25739.2
25739.2
25739.2
25739.2
25739.2
25215.2
25093.2
25093.2
25093.2
25072.8
25072.8
25072.8
25072.8
25072.8
25072.8
25072.8
25072.8
25072.8
25072.8
24610.8
24610.8
24514.8
24514.8
24514.8
24514.8
24514.8
24514.8
24247.2
24247.2
24247.2
24247.2
24231.2
24231.2
24231.2
24231.2
24231.2
24231.2
24116.8
24116.8
24116.8
24116.8
24116.8
23308.4
22417.6
22054.8
21508.8
21508.8
21508.8
21508.8
19834.4
19834.4
19834.4
19834.4
