40012
38545.2
38545.2
35646.8
33583.2
33583.2
31938.4
31938.4
31938.4
31938.4
31938.4
30725.6
30725.6
30725.6
30725.6
30725.6
30000.8
30000.8
30000.8
28592
28592
28592
28592
28592
28592
28592
28380
28198
28198
28198
28198
27825.2
27825.2
26805.2
26805.2
26805.2
26805.2
26805.2
26805.2
26805.2
26710
26710
26134.8
26115.6
26115.6
26115.6
25092
24724.8
24724.8
24724.8
24724.8
24368.8
24368.8
24368.8
24368.8
24368.8
24368.8
24368.8
24368.8
24368.8
24368.8
24368.8
24368.8
24368.8
24368.8
24368.8
24368.8
24368.8
24368.8
24368.8
24368.8
24074.4
23732.4
23732.4
23466.4
23466.4
23466.4
23466.4
23466.4
23466.4
23466.4
23466.4
23466.4
23466.4
23466.4
23466.4
23466.4
23466.4
23466.4
23466.4
23466.4
23466.4
23466.4
23466.4
23466.4
23466.4
23466.4
23466.4
23466.4
23466.4
