37113.2
31093.6
30267.6
29001.2
27660.8
26531.6
25778.8
24717.2
24567.2
24453.2
24421.2
24419.2
24353.2
23973.2
23890.8
23814.8
23814.8
23563.2
23127.2
22839.2
22722
22324
21700.4
21700.4
21598.4
21536.4
21536.4
21522.4
21299.2
21263.2
21194.8
20981.2
20975.2
20975.2
20975.2
20975.2
20907.2
20907.2
20907.2
20717.2
20701.2
20677.2
20677.2
20677.2
20671.2
20659.2
20659.2
20475.2
20475.2
20253.2
20253.2
20253.2
20253.2
20253.2
20225.6
20103.6
20103.6
19985.6
19899.2
19797.6
19509.2
19509.2
19503.2
19503.2
19503.2
19501.2
19501.2
19501.2
19339.2
19339.2
19339.2
19339.2
19339.2
19339.2
19339.2
19327.2
19327.2
19227.2
19227.2
19227.2
18873.2
18873.2
18873.2
18873.2
18873.2
18873.2
18873.2
18873.2
18873.2
18841.2
18841.2
18841.2
18747.2
18747.2
18747.2
18747.2
18747.2
18747.2
18747.2
18119.6
