17068
17068
17068
17068
17068
16930
16930
16930
16930
16930
16930
16012.8
15952.8
15952.8
15952.8
15458.8
15458.8
15458.8
15458.8
15458.8
15458.8
15458.8
15458.8
15458.8
15458.8
15458.8
15458.8
15458.8
14904.8
14756.8
14434.8
14434.8
14434.8
14434.8
14434.8
14434.8
14434.8
14434.8
14434.8
14434.8
14434.8
14434.8
14434.8
14434.8
14434.8
14434.8
14434.8
14434.8
14434.8
14434.8
14434.8
14434.8
14434.8
14434.8
14434.8
14434.8
14434.8
14434.8
14434.8
14434.8
14434.8
14434.8
14434.8
14434.8
14434.8
14434.8
14434.8
14434.8
14434.8
14434.8
14090.8
13822.8
13558.8
13558.8
13558.8
13558.8
13558.8
13558.8
13558.8
13558.8
13558.8
13558.8
13558.8
13558.8
13558.8
13558.8
13558.8
13558.8
13558.8
13558.8
13558.8
13558.8
13558.8
13505.6
13505.6
13505.6
13505.6
13505.6
13505.6
13505.6
