15501.2
14925.2
13790
13412.4
12438.4
12152.4
12152.4
12096
11848.4
11848.4
11472.4
11472.4
11472.4
11008.4
11000.4
11000.4
11000.4
11000.4
10958.4
10958.4
10722.4
10722.4
10722.4
10722.4
10722.4
10722.4
10722.4
10722.4
10722.4
10722.4
10722.4
10722.4
10646.4
10646.4
10646.4
10644
10644
10576
10576
10576
10576
10576
10576
10576
10576
10576
10576
10576
10576
10576
10462
10462
10462
10462
10462
10462
10462
10462
10462
10462
10462
10298
10298
10298
10298
10298
10298
10298
10298
10298
10298
10298
10298
10298
10298
10298
10298
10298
10298
10298
10298
10298
10298
10298
10298
10298
10298
10298
10298
10298
10298
10298
10298
10298
10298
10298
10298
10298
10298
10298
