16364.8
15378
14504
14504
14504
14504
13983.6
13932.4
13799.2
13799.2
13579.2
12833.6
12833.6
12833.6
12833.6
12363.2
11996
11996
11996
11996
11996
11996
11996
11996
11996
11996
11996
11996
11996
11996
11996
11996
11996
11996
11996
11996
11996
11996
11996
11996
11996
11996
11996
11996
11996
11996
11996
11996
11638
11638
11638
11638
11638
11638
11638
11638
11638
11638
11561.2
11455.2
11455.2
11455.2
11455.2
11455.2
11223.2
11203.2
11203.2
11011.2
11011.2
10809.2
10809.2
10809.2
10809.2
10775.2
10775.2
10775.2
10761.2
10761.2
10761.2
10677.2
10675.2
10675.2
10675.2
10615.2
10615.2
10615.2
10615.2
10615.2
10517.2
10517.2
10517.2
10481.2
10481.2
10481.2
10481.2
10481.2
10481.2
10481.2
10481.2
10481.2
