15605.6
14394.4
13168.4
13168.4
12998.4
12998.4
12998.4
12998.4
12998.4
12998.4
12998.4
12998.4
12998.4
12998.4
12998.4
12916
12916
12916
12415.2
12415.2
12415.2
12415.2
12415.2
12415.2
12415.2
12415.2
12415.2
12415.2
12415.2
12395.2
12395.2
12395.2
12395.2
12395.2
12395.2
12395.2
12395.2
12395.2
11796.4
11695.6
10938.4
10938.4
10938.4
10868.4
10868.4
10868.4
10868.4
10782.4
10782.4
10754.4
10754.4
10754.4
10738.4
10738.4
10417.6
9949.6
9949.6
9949.6
9949.6
9949.6
9949.6
9949.6
9949.6
9949.6
9949.6
9949.6
9949.6
9949.6
9949.6
9949.6
9949.6
9949.6
9949.6
9949.6
9949.6
9949.6
9949.6
9949.6
9949.6
9949.6
9949.6
9949.6
9949.6
9949.6
9949.6
9949.6
9949.6
9949.6
9949.6
9949.6
9949.6
9949.6
9949.6
9949.6
9949.6
9949.6
9949.6
9949.6
9949.6
9949.6
