18197.2
16526.4
15228
14234.4
13938.4
13680.4
13680.4
13446.8
13446.8
13446.8
13206.8
13206.8
13206.8
13206.8
13206.8
13206.8
13192.8
13182.8
12982.4
12982.4
12982.4
12982.4
12982.4
12982.4
12982.4
12982.4
12982.4
12982.4
12982.4
12982.4
12982.4
12982.4
12982.4
12982.4
12982.4
12982.4
12982.4
12982.4
12982.4
12982.4
12982.4
12946
12946
12946
12946
12946
12946
12946
12946
12946
12946
12946
12946
12920
12909.6
12241.6
12241.6
12241.6
12241.6
12123.6
12123.6
12123.6
12123.6
12123.6
12123.6
11979.6
11945.6
11945.6
11945.6
11945.6
11945.6
11945.6
11945.6
11945.6
11945.6
11945.6
11945.6
11945.6
11945.6
11945.6
11945.6
11945.6
11945.6
11945.6
11945.6
11945.6
11945.6
11945.6
11945.6
11945.6
11945.6
11945.6
11945.6
11945.6
11945.6
11945.6
11945.6
11945.6
11945.6
11945.6
