11677.2
11115.2
10877.2
10877.2
10877.2
10877.2
10877.2
10877.2
10877.2
10877.2
10877.2
10877.2
10877.2
10877.2
10877.2
10877.2
10877.2
10877.2
10877.2
10877.2
10877.2
10877.2
10877.2
10877.2
10877.2
10877.2
10877.2
10877.2
10877.2
10877.2
10877.2
10877.2
10877.2
10877.2
10877.2
10877.2
10877.2
10877.2
10877.2
10877.2
10877.2
10877.2
10877.2
10877.2
10877.2
10877.2
10877.2
10877.2
10877.2
10877.2
10877.2
10877.2
10877.2
10877.2
10877.2
10877.2
10877.2
10877.2
10877.2
10877.2
10877.2
10877.2
10877.2
10877.2
10877.2
10877.2
10877.2
10877.2
10877.2
10877.2
10877.2
10877.2
10877.2
10877.2
10877.2
10877.2
10877.2
10877.2
10877.2
10877.2
10877.2
10877.2
10877.2
10877.2
10877.2
10877.2
10877.2
10877.2
10877.2
10877.2
10877.2
10877.2
10877.2
10877.2
10877.2
10877.2
10877.2
10877.2
10877.2
10877.2
