11073.6
9939.6
9487.2
9327.2
9327.2
9327.2
9327.2
9300
8694
8694
8654
8654
8654
8654
8654
8654
8654
8654
8654
8654
8654
8654
8574
8574
8574
8574
8574
8574
8574
8574
8574
8574
8574
8574
8574
8574
8574
8574
8574
8574
8574
8442.8
8442.8
8099.2
8099.2
8099.2
8099.2
8099.2
8099.2
8099.2
8099.2
8057.2
7911.2
7911.2
7911.2
7911.2
7911.2
7911.2
7911.2
7911.2
7641.2
7641.2
7641.2
7641.2
7641.2
7641.2
7641.2
7641.2
7641.2
7641.2
7641.2
7641.2
7641.2
7641.2
7641.2
7641.2
7641.2
7641.2
7641.2
7641.2
7641.2
7641.2
7641.2
7641.2
7641.2
7641.2
7641.2
7641.2
7641.2
7641.2
7641.2
7641.2
7641.2
7641.2
7641.2
7641.2
7641.2
7641.2
7641.2
7641.2
