15160.8
14476
14086
14086
14074
13907.2
13741.2
13566.4
12973.6
12829.2
12595.2
12133.2
12133.2
12027.2
11511.2
11511.2
11511.2
11511.2
11355.2
11355.2
11355.2
11295.2
11237.2
10978.8
10942.8
10942.8
10942.8
10942.8
10927.2
10927.2
10927.2
10927.2
10927.2
10901.2
10901.2
10901.2
10901.2
10901.2
10901.2
10901.2
10901.2
10901.2
10901.2
10901.2
10901.2
10901.2
10901.2
10901.2
10901.2
10851.2
10851.2
10707.2
10707.2
10707.2
10707.2
10707.2
10707.2
10707.2
10707.2
10707.2
10707.2
10707.2
10707.2
10707.2
10707.2
10707.2
10707.2
10707.2
10707.2
10707.2
10707.2
10707.2
10707.2
10707.2
10707.2
10707.2
10707.2
10707.2
10707.2
10707.2
10707.2
10707.2
10707.2
10707.2
10707.2
10707.2
10707.2
10707.2
10707.2
10707.2
10707.2
10707.2
10707.2
10707.2
10707.2
10707.2
10707.2
10707.2
10707.2
10707.2
