18181.6
17797.6
16780.4
16780.4
16250.4
16250.4
16250.4
16250.4
16200.4
16200.4
15912.4
15912.4
15912.4
15912.4
15912.4
15912.4
15912.4
15912.4
15912.4
15912.4
15874.4
15738.4
15738.4
15532.4
15532.4
15532.4
15532.4
15372.4
15372.4
15372.4
15372.4
15178.4
15178.4
14942.4
14942.4
14942.4
14942.4
14942.4
14942.4
14942.4
14942.4
14942.4
14942.4
14942.4
14942.4
14942.4
14942.4
14942.4
14942.4
14942.4
14942.4
14884.4
14884.4
14594.4
14594.4
14594.4
14594.4
14594.4
14594.4
14594.4
14594.4
14594.4
14594.4
14594.4
14594.4
14594.4
14582.4
14582.4
14582.4
14582.4
14582.4
14582.4
14582.4
14582.4
14582.4
14582.4
14582.4
14582.4
14582.4
14582.4
14582.4
14582.4
14582.4
14582.4
14582.4
14582.4
14528.4
14422.8
14422.8
14422.8
14422.8
14420.8
14420.8
14420.8
14420.8
14370.8
14370.8
14370.8
14370.8
14370.8
14370.8
