14092
14092
14092
14092
14092
14092
14092
14092
14092
13706
13706
13706
13524
13524
13524
13524
13524
13524
13524
12389.6
12389.6
12389.6
12389.6
12389.6
12389.6
12389.6
12389.6
12389.6
12389.6
12389.6
12389.6
12389.6
12389.6
12389.6
12389.6
12329.6
12329.6
12329.6
12329.6
12217.6
12217.6
12217.6
12217.6
12217.6
12217.6
12217.6
12217.6
12217.6
12217.6
12217.6
12217.6
12217.6
12217.6
12217.6
12217.6
12217.6
12217.6
12217.6
12217.6
12217.6
12217.6
12217.6
12217.6
12217.6
12217.6
12217.6
12217.6
12217.6
12217.6
12217.6
12217.6
12217.6
12217.6
12217.6
12217.6
12217.6
12217.6
12217.6
12217.6
12217.6
12217.6
12217.6
12217.6
12217.6
12217.6
12217.6
12217.6
12217.6
12217.6
12217.6
12217.6
12217.6
11775.6
11775.6
11775.6
11775.6
11775.6
11775.6
11155.6
11155.6
