14240.4
12710
12236
12064
11800
11448
11376
11286
11286
11251.6
11251.6
11251.6
11251.6
11203.6
10932.8
10856.8
10802.8
10802.8
10802.8
10802.8
10802.8
10802.8
10802.8
10802.8
10802.8
10802.8
10694.8
10694.8
10694.8
10694.8
10694.8
10694.8
10694.8
10694.8
10694.8
10694.8
10694.8
10694.8
10598.8
10598.8
10002.8
10002.8
10002.8
10002.8
9830.8
9830.8
9830.8
9826.8
9826.8
9608.8
9608.8
9608.8
9608.8
9608.8
9608.8
9608.8
9608.8
9608.8
9608.8
9608.8
9608.8
9608.8
9608.8
9608.8
9608.8
9608.8
9608.8
9608.8
9608.8
9608.8
9608.8
9608.8
9608.8
9608.8
9608.8
9608.8
9608.8
9608.8
9608.8
9608.8
9608.8
9608.8
9608.8
9608.8
9608.8
9608.8
9608.8
9608.8
9608.8
9608.8
9608.8
9608.8
9608.8
9608.8
9608.8
9608.8
9566.8
9566.8
9566.8
9566.8
