21952.8
20533.2
19662
19127.2
18949.2
16228.8
14496
14230
14122
12904
12504.4
12358.4
12358.4
12358.4
12358.4
12358.4
12084.4
12084.4
11767.6
11664.4
11664.4
11664.4
11664.4
11664.4
11664.4
11510.8
11510.8
11366
11366
10702
10702
10702
10702
10702
10702
10702
10702
10702
10702
10702
10702
10666
10666
10666
10666
10666
10666
10666
10666
10666
10666
10666
10666
10666
10666
10666
9873.2
9873.2
9873.2
9873.2
9873.2
9873.2
9873.2
9873.2
9873.2
9873.2
9873.2
9873.2
9873.2
9873.2
9873.2
9873.2
9873.2
9873.2
9873.2
9873.2
9793.2
9793.2
9793.2
9793.2
9793.2
9793.2
9793.2
9793.2
9727.2
9727.2
9727.2
9727.2
9727.2
9727.2
9727.2
9727.2
9727.2
9727.2
9727.2
9727.2
9727.2
9727.2
9727.2
9727.2
