27749.6
27202.4
20506
16419.2
16419.2
16419.2
15625.6
15625.6
15625.6
15515.2
15513.2
15513.2
15513.2
15513.2
15454
14466
14466
14466
14466
14466
14438
14438
14438
14438
14031.2
13875.2
13432
13432
13432
12958.4
12072.4
11676.4
11676.4
11676.4
11676.4
11676.4
11676.4
11658.4
11658.4
11658.4
11528.4
11528.4
11528.4
11528.4
11528.4
11528.4
11528.4
11528.4
11528.4
11528.4
11528.4
11528.4
11528.4
11528.4
11528.4
11248.4
11248.4
11064.4
11058.4
11058.4
11058.4
10902.4
10902.4
10902.4
10880.4
10510.4
10510.4
10474.4
10474.4
10474.4
10474.4
10474.4
10474.4
10474.4
10474.4
10474.4
10474.4
10474.4
10474.4
10474.4
10474.4
10474.4
10474.4
10474.4
10474.4
10474.4
10474.4
10474.4
10474.4
10474.4
10474.4
10474.4
10474.4
10474.4
10474.4
10474.4
10474.4
10474.4
10474.4
10474.4
