29909.6
29697.6
29537.6
29537.6
29537.6
28418.8
27476.4
27288.4
27288.4
26974.4
26974.4
26974.4
25641.2
25263.2
24671.2
24671.2
24589.2
24589.2
24109.2
24109.2
24109.2
24109.2
24109.2
24109.2
24109.2
24109.2
24109.2
24109.2
24060.4
24060.4
23676.4
23676.4
23572.4
22873.2
22873.2
22873.2
22713.6
22645.2
22634.8
22634.8
22634.8
22634.8
22634.8
21761.2
21761.2
21761.2
21761.2
21669.2
21669.2
21669.2
21669.2
21669.2
21669.2
21669.2
21669.2
21669.2
21669.2
21669.2
21669.2
21669.2
21669.2
21669.2
21669.2
21424
21424
21424
21400
21184
21184
21148
21108
21108
21108
21108
21108
21108
21108
21108
21108
21108
21108
21108
21108
21108
21108
21108
21108
21108
21108
21108
21052
21052
21052
20956.4
20956.4
20956.4
20588
20588
20450
20450
