17834.8
14528.4
14528.4
14528.4
14528.4
14528.4
14528.4
14528.4
14528.4
14528.4
14528.4
14528.4
14528.4
14528.4
14528.4
14528.4
14528.4
13706.4
13706.4
13706.4
13706.4
13706.4
13706.4
13706.4
13706.4
13706.4
13706.4
13475.2
13475.2
13475.2
13121.2
13029.2
13029.2
13029.2
12417.6
12417.6
12417.6
12417.6
11586
11586
11586
11586
11586
11422
11422
11422
11195.6
11195.6
11195.6
11195.6
11195.6
11116
11116
11116
11116
11116
11116
11116
11116
10889.2
10889.2
10863.6
10863.6
10863.6
10863.6
10863.6
10837.6
10837.6
10837.6
10837.6
10837.6
10837.6
10807.2
10785.6
10785.6
10785.6
10785.6
10785.6
10785.6
10785.6
10666.8
10666.8
10666.8
10666.8
10666.8
10666.8
10666.8
10666.8
10666.8
10666.8
10666.8
10666.8
10666.8
10666.8
10666.8
10666.8
10666.8
10666.8
10654.8
10654.8
