30116.8
27611.2
26789.6
26217.6
26007.6
25447.6
25433.6
25354.4
24681.6
23716.4
22542.4
22303.2
22236.4
22178
21760.4
21604
21604
21604
21604
21604
21477.2
21477.2
21373.2
21104.8
20798.8
20798.8
20756.8
20756.8
20756.8
20756.8
20756.8
20464
20464
20464
20464
20235.6
20149.6
20009.6
19987.6
19987.6
19955.6
19949.6
19949.6
19949.6
19949.6
19949.6
19949.6
19949.6
19941.6
19061.6
18967.6
18967.6
18967.6
18967.6
18967.6
18967.6
18967.6
18967.6
18967.6
18885.6
18885.6
18885.6
18885.6
18868.8
18868.8
18868.8
18868.8
18868.8
18868.8
18868.8
18868.8
18816
18816
18816
18816
18816
18816
18816
18816
18816
18816
18788
18788
18788
18788
18788
18788
18788
18788
18788
18788
18788
18752
18752
18752
18752
18736
18736
18736
18736
