38737.6
37084.8
37068.8
37029.6
36954.8
35473.6
35413.6
35019.6
34705.6
33966.4
32373.2
32373.2
32373.2
31603.2
31603.2
31471.2
31461.6
31381.6
31381.6
31381.6
31339.6
31339.6
31226.8
31190.8
31190.8
31068.8
31016.8
31016.8
31010.8
30828.8
30828.8
30738.8
30738.8
30738.8
30738.8
30738.8
30738.8
30716.8
30716.8
30716.8
30716.8
30716.8
30716.8
30716.8
30716.8
30716.8
30716.8
30716.8
30716.8
30700.8
30620.8
30620.8
30620.8
30620.8
30620.8
30620.8
30620.8
30620.8
30620.8
30620.8
30620.8
30620.8
30620.8
30620.8
30620.8
30620.8
30620.8
30620.8
30620.8
30620.8
30620.8
30620.8
30620.8
30620.8
30620.8
30620.8
30620.8
30620.8
30620.8
30620.8
30620.8
30620.8
30620.8
30620.8
30620.8
30620.8
30620.8
30620.8
29723.6
29723.6
29723.6
29723.6
29723.6
29723.6
29723.6
29723.6
29723.6
29723.6
29723.6
29723.6
