22176.8
22176.8
20277.6
19442
17930.8
17930.8
17930.8
17498.4
17420.4
17420.4
17326.4
17326.4
16160.8
16140.8
16140.8
16104.8
16104.8
16104.8
16104.8
16104.8
16002
16002
16002
15958.8
15654
15654
15654
15654
15654
15606.4
15588.4
15588.4
14880
14880
14880
14880
14880
14880
14880
14880
14880
14880
14880
14880
14880
14880
14868
14868
14868
14868
14868
14868
14868
14868
14868
14868
14868
14868
14868
14868
14868
14868
14740
14740
14740
14740
14740
14740
14740
14740
14740
14740
14740
14740
14740
14740
14740
14740
14740
14740
14740
14738
14738
14268
14268
14268
14268
14268
14268
14268
14268
14268
14268
14268
14268
14268
14268
14268
14268
14268
