30388.4
28003.6
28003.6
27731.6
27731.6
27169.6
27169.6
27169.6
27169.6
25888
25888
25888
25888
25888
25888
25888
24901.6
24901.6
24901.6
24901.6
24901.6
24796
24796
22120.8
22120.8
22120.8
22120.8
22120.8
22120.8
22120.8
22120.8
21990.8
21990.8
21288
21288
21288
21288
21288
21288
21288
21288
21288
21288
21288
20988.8
20988.8
20759.6
20759.6
20759.6
20759.6
20741.6
19536.8
19536.8
19536.8
19536.8
19536.8
19536.8
19536.8
19298.8
19298.8
19298.8
19298.8
19298.8
19298.8
19298.8
19298.8
19298.8
18800.8
18800.8
18800.8
18800.8
18800.8
18800.8
18800.8
17604.8
17604.8
17604.8
17604.8
17604.8
17604.8
17604.8
17604.8
17604.8
17604.8
17604.8
17604.8
17604.8
17604.8
17604.8
17604.8
17604.8
17604.8
17604.8
17604.8
17604.8
17604.8
17604.8
17604.8
17604.8
17604.8
