21381.6
16284
14918.4
14104.4
14043.2
13923.6
13792
13792
13640.8
12466
12466
12466
12230.4
12230.4
12228.4
12228.4
12228.4
12228.4
12228.4
12228.4
12080.4
12042.4
12042.4
11854.4
11854.4
11854.4
11834.4
11834.4
11834.4
11834.4
11515.6
11506.8
11506.8
11506.8
11506.8
11506.8
11506.8
11472.8
11472.8
11472.8
11472.8
11472.8
11472.8
11472.8
11472.8
11472.8
11472.8
11372.8
11372.8
11372.8
11372.8
11372.8
11372.8
11372.8
11372.8
11372.8
11372.8
11372.8
11226.8
11226.8
11226.8
11226.8
11226.8
11226.8
11226.8
11226.8
11226.8
11226.8
11226.8
11226.8
11226.8
11226.8
11226.8
11226.8
11226.8
11226.8
11226.8
11226.8
11226.8
11226.8
11226.8
11226.8
11226.8
11226.8
11226.8
11226.8
11226.8
11226.8
11226.8
11226.8
11226.8
11226.8
11226.8
11226.8
11226.8
11226.8
11226.8
11226.8
11226.8
11226.8
