18600.4
17320.4
16639.6
16135.6
14864.8
14041.6
13747.6
13621.6
13385.6
13299.6
13189.6
13189.6
13039.6
13039.6
12885.6
12885.6
12835.6
12835.6
12797.6
12797.6
12797.6
12797.6
12797.6
12797.6
12691.6
12553.6
12553.6
12553.6
12530
12530
12530
12530
12530
12524
12524
12524
12518
12506
12506
12506
12506
12458
12414
12414
12372
12372
12372
12372
12372
12372
12372
12372
12372
12372
12372
12372
12372
12372
12372
12372
12372
12372
12372
12372
12372
12372
12372
12372
12372
12266
12266
12266
12266
12266
12058
12058
12058
12058
12058
12058
12058
12058
12054
12054
12054
12054
12054
12054
12054
12054
12054
12054
12054
12054
12054
12054
12054
12054
12054
12054
