27506.8
27500.8
27368.8
27136.8
26962.8
26816.8
26754.8
26726.8
26696.8
26650.8
26650.8
26650.8
26622.8
26596.8
26398.8
26384.8
26384.8
26248.8
26248.8
26146.8
26146.8
26146.8
26142.8
26142.8
26142.8
26142.8
26088
26086
26086
25994.4
25994.4
25994.4
25994.4
25994.4
25994.4
25994.4
25994.4
25994.4
25994.4
25994.4
25994.4
25994.4
25988.4
25922.4
25922.4
25922.4
25922.4
25922.4
25922.4
25918.4
25918.4
25918.4
25918.4
25918.4
25918.4
25918.4
25900.4
25900.4
25900.4
25900.4
25900.4
25900.4
25900.4
25900.4
25900.4
25900.4
25900.4
25900.4
25900.4
25900.4
25900.4
25900.4
25900.4
25900.4
25900.4
25900.4
25900.4
25900.4
25900.4
25900.4
25900.4
25900.4
25900.4
25900.4
25900.4
25900.4
25900.4
25900.4
25594.4
25594.4
25594.4
25196.8
25196.8
25196.8
25196.8
25196.8
25196.8
25196.8
25196.8
25196.8
