34268.4
31902.4
31130.8
31010.8
28876.4
27614.8
27614.8
27614.8
27602.4
27602.4
26776
23762.8
23762.8
23762.8
23762.8
23762.8
23762.8
23762.8
23762.8
23762.8
23762.8
23762.8
23762.8
23762.8
23762.8
23762.8
23762.8
23762.8
23474.8
23474.8
23474.8
23474.8
23474.8
23217.6
23217.6
22570.8
22570.8
22570.8
22560
22560
22560
22560
22560
22560
22560
22560
22560
22560
22560
22319.6
21730
21466
21466
21466
21466
21466
21466
21466
21466
21466
21466
21466
21466
21371.6
21087.2
21087.2
21075.2
21075.2
20385.2
20385.2
20385.2
20385.2
20385.2
20385.2
20385.2
20385.2
20385.2
20385.2
20385.2
20385.2
20385.2
20385.2
20385.2
20385.2
20385.2
20385.2
20385.2
20385.2
20385.2
20385.2
20198.8
20198.8
20198.8
20198.8
20198.8
20198.8
20056.4
20056.4
19490.8
19490.8
