28812.8
27151.6
25668.4
24994.8
24514.8
24514.8
24514.8
24514.8
24466.8
24466.8
24431.2
24335.2
24335.2
24335.2
24335.2
22915.6
22915.6
22651.6
22651.6
22651.6
21982
21229.2
21229.2
21078
21078
21078
20606
20606
20606
20558
20558
20558
20558
20558
20558
20558
20558
20558
20558
20558
20558
20558
20558
19910
19866
19866
19866
19866
19866
19866
19866
19866
19866
19866
19866
19866
19866
19866
19866
19866
19866
19866
19866
19741.6
19741.6
19633.6
19485.6
19481.6
19481.6
19481.6
19481.6
19481.6
19425.6
19217.6
19149.6
19149.6
19149.6
18979.6
18979.6
18971.6
18746
18746
18746
18746
18746
18746
18746
18746
18746
18746
18746
18746
18746
18746
18746
18746
18746
18746
18746
18746
