21292.4
19499.2
18469.2
17970.4
16862.8
16595.6
16388.8
15933.2
15688
15688
15049.6
14713.6
14638.4
14532.4
14532.4
14532.4
14481.6
14481.6
14481.6
14481.6
14469.6
14469.6
14469.6
14469.6
14386.8
14264
14264
14264
14264
14018.4
13996.4
13558.4
13558.4
13434.4
13434.4
13396.4
13396.4
13396.4
13250.8
13250.8
12767.2
12585.6
12585.6
12413.6
12325.6
12325.6
12299.6
12187.6
12187.6
12141.6
11999.6
11991.6
11617.2
11615.2
11505.2
11505.2
11505.2
11505.2
11505.2
11495.2
11495.2
11495.2
11495.2
11495.2
11480.8
11480.8
11480.8
11480.8
11450.8
11450.8
11450.8
11450.8
11450.8
11450.8
11450.8
11450.8
11450.8
11450.8
11450.8
11450.8
11450.8
11450.8
11450.8
11450.8
11450.8
11307.6
11307.6
11307.6
11160.4
11160.4
11160.4
11012.4
11012.4
10946.4
10946.4
10946.4
10946.4
10946.4
10946.4
10898.4
