25076.8
21287.2
16538
16538
16538
16538
16538
16538
16265.2
15101.2
15101.2
15101.2
15101.2
14795.2
14795.2
14795.2
14795.2
12538.8
12538.8
12538.8
12538.8
12538.8
12538.8
11786.8
11786.8
11770.8
11770.8
11770.8
11770.8
11770.8
11437.2
11437.2
11437.2
11437.2
11437.2
11281.2
11281.2
11281.2
11281.2
11281.2
11281.2
11281.2
11281.2
11281.2
11281.2
11243.2
11243.2
11243.2
11243.2
10868
10852
10852
10423.6
10335.6
10335.6
10335.6
10335.6
10335.6
10335.6
10335.6
10335.6
10335.6
10335.6
10335.6
10335.6
10335.6
10335.6
10335.6
10335.6
10335.6
10335.6
10335.6
10335.6
10335.6
10335.6
10335.6
10335.6
10335.6
10335.6
10335.6
10335.6
10335.6
10335.6
10335.6
10335.6
10335.6
10335.6
10335.6
10335.6
10335.6
10335.6
10335.6
10335.6
10335.6
10335.6
10335.6
10335.6
10335.6
10335.6
10335.6
