25884
18316.4
18107.6
18011.6
14386.4
14378.4
14204.4
13966.4
13830.8
13830.8
13620.8
13616.8
13614.8
13246.8
13246.8
12964
12964
12903.2
12196
12065.6
11935.6
11935.6
11592.8
11469.2
11460.8
11405.2
11066.8
11006.8
10688.8
10688.8
10665.2
10665.2
10571.2
10257.2
10107.2
10102.4
10102.4
10102.4
10102.4
10102.4
10102.4
9952.4
9952.4
9952.4
9952.4
9952.4
9952.4
9952.4
9952.4
9952.4
9952.4
9952.4
9952.4
9952.4
9952.4
9952.4
9952.4
9952.4
9952.4
9952.4
9952.4
9952.4
9952.4
9952.4
9952.4
9952.4
9952.4
9952.4
9952.4
9952.4
9952.4
9952.4
9952.4
9952.4
9952.4
9952.4
9952.4
9952.4
9952.4
9952.4
9952.4
9952.4
9952.4
9952.4
9952.4
9952.4
9952.4
9952.4
9952.4
9952.4
9952.4
9952.4
9952.4
9952.4
9952.4
9952.4
9952.4
9952.4
9952.4
9952.4
