27582.4
26319.6
25701.6
25633.6
24380
24378
24279.6
24189.6
23484.4
23048.4
23048.4
23048.4
22840
22485.6
22485.6
22485.6
22485.6
22342.8
22342.8
21529.2
21529.2
21451.2
21451.2
21451.2
21451.2
21451.2
21451.2
21451.2
21451.2
21451.2
21451.2
21451.2
21451.2
21451.2
21451.2
21451.2
21451.2
21451.2
21451.2
21397.2
21397.2
21397.2
21397.2
21397.2
21397.2
21397.2
21397.2
21397.2
21397.2
21397.2
21397.2
20929.2
20929.2
20859.2
20845.2
20571.2
20571.2
20571.2
20571.2
20493.6
20493.6
20493.6
20493.6
20493.6
20493.6
20493.6
20493.6
20493.6
20445.6
20445.6
20445.6
20445.6
20445.6
20319.6
20319.6
20319.6
20319.6
20186.4
20186.4
20186.4
20186.4
20186.4
20186.4
20186.4
20186.4
20186.4
20186.4
20186.4
20186.4
20186.4
20186.4
20186.4
20186.4
20186.4
20186.4
20186.4
20186.4
20186.4
20186.4
20186.4
