24135.2
24135.2
15264
15264
15264
15264
15264
15264
15264
15264
15264
15264
15264
15264
15264
15264
15264
15264
15264
15264
15264
15264
15264
15264
15264
15264
15264
15264
15264
15264
15264
15264
15264
15264
15264
15264
15264
15264
15264
15264
15264
15264
15264
15264
15264
15264
15264
15264
15264
15264
15264
15264
15264
15264
15264
15264
15264
15264
15264
15264
15264
15264
15264
15264
15264
15264
15264
15264
15264
15264
15264
15264
15264
15264
15264
15264
15264
15264
15264
15264
15264
15264
15264
15264
15264
15264
15264
15264
15264
15264
15264
15264
15264
15264
15264
15264
15264
15264
15264
15264
