117566
114047
112005
109560
106954
105369
103721
97472
97056
96892.8
96792.8
96412.4
96412.4
96216.8
96058.8
94830
94830
94026.4
93480.4
93456.4
93456.4
93456.4
93366.4
93316.4
93302.4
93302.4
93130.4
92450.4
92448.4
92434.4
92432.4
92380.4
92160.4
92160.4
91873.2
91873.2
91434
91424
91414
91414
91414
91250
89823.6
89224
89224
89224
88994
88994
88978.8
88778.8
88778.8
86884.4
86774.4
86697.2
81614
81598
81598
81480
81450.4
81450.4
81028.4
81028.4
81010.8
80569.2
80569.2
80569.2
80569.2
80538
80504.8
80496
80496
80496
80489.6
80423.6
79151.6
78689.6
78689.6
78513.6
77675.6
77675.6
77675.6
77675.6
77615.6
77615.6
77615.6
77615.6
77605.6
77574.8
77574.8
77574.8
77514.8
77514.8
77340.8
77340.8
77154.8
77154.8
77152.8
76082
76016
76016
