110235
99376
97567.2
97567.2
97567.2
97567.2
97567.2
93284
92683.6
92683.6
92683.6
92683.6
92255.2
92255.2
91504.4
91504.4
91504.4
91504.4
91504.4
91504.4
91504.4
91504.4
89166.8
89166.8
88905.2
88905.2
88905.2
88299.2
88299.2
88299.2
88241.2
88241.2
88227.2
88227.2
88227.2
87862.8
87502.8
87192.8
87192.8
86777.6
86777.6
86777.6
81790.8
81258
81258
81258
81258
81258
80780
80780
80780
80780
80023.6
79660
79466
79440
79440
79440
77668
77484.4
77484.4
77484.4
77484.4
77484.4
77446.4
77446.4
77243.2
77243.2
77133.2
77133.2
77133.2
77133.2
77133.2
77133.2
76974
76974
76974
76884
76884
76884
76884
76884
76830
76830
76830
76830
76830
76818
76818
76818
76774.4
76774.4
76774.4
76774.4
76774.4
76774.4
76774.4
76774.4
76774.4
76774.4
