121681
117546
114800
113261
113061
113061
112885
112885
112557
111778
111587
109861
109501
109501
109461
109459
109459
107949
107756
107057
107057
106795
106605
106465
106465
106377
106377
106121
105687
104032
104032
103910
103625
103625
103625
102999
101426
101426
101364
101364
100909
100909
100909
100893
99849.6
99557.6
99557.6
99557.6
99541.6
99531.6
99531.6
99531.6
99212.8
99212.8
99212.8
99088
99088
99024
99024
99024
99024
99024
99024
99024
98978.8
98978.8
98978.8
98978.8
98978.8
98978.8
98978.8
98879.6
98879.6
98879.6
98879.6
98879.6
98879.6
98879.6
98879.6
98879.6
98879.6
98879.6
98879.6
98879.6
98879.6
98879.6
98879.6
98879.6
98879.6
98879.6
98879.6
98879.6
98879.6
98879.6
98879.6
98879.6
98879.6
98879.6
98879.6
98879.6
