114608
112410
108033
107863
105884
105558
104545
103198
102994
102085
101570
100409
100236
98369.2
97505.2
97114.4
96279.6
96219.6
96179.6
96179.6
96071.6
95827.6
95827.6
95635.6
95354.8
94150
93328
92793.6
91580.8
91217.2
91171.2
91038.4
90844
90552
90469.2
90437.2
90437.2
85772
85772
85772
85772
85453.2
85321.2
85256.4
85256.4
85256.4
85166.4
83868
83868
82773.6
82690.8
82690.8
82542.8
82436.8
82073.2
81604.4
81518
81428.8
81344.4
81284.4
81284.4
81174.8
81174.8
81174.8
81030.8
80934.8
80934.8
80934.8
80934.8
80934.8
80934.8
80934.8
80930
80930
80930
80633.6
79634.8
79476.8
79476.8
79476.8
79476.8
79458.8
79458.8
79312.8
79312.8
79282.8
79254.8
79254.8
79180
79142
79142
79142
79142
79142
78872
78872
78872
78757.6
78757.6
78757.6
