113001
110705
107235
106186
105210
105210
105210
105210
105129
105129
104998
104686
104686
104650
104550
104550
104550
104550
104544
98487.6
98429.6
98243.6
98243.6
98243.6
98243.6
98243.6
98243.6
98243.6
98243.6
98243.6
92169.2
92169.2
92169.2
92169.2
92169.2
90965.2
90965.2
90749.2
86531.2
86531.2
86531.2
86531.2
86531.2
86531.2
86531.2
86531.2
86531.2
86531.2
86271.2
86271.2
86271.2
86052.4
86052.4
86052.4
86052.4
86052.4
86052.4
86052.4
86052.4
83153.2
83019.2
83019.2
83019.2
83019.2
83019.2
83019.2
82061.6
82061.6
82061.6
81560
81190.8
81190.8
81190.8
81190.8
81190.8
81190.8
81190.8
81190.8
81190.8
81190.8
81190.8
81190.8
81190.8
81190.8
81190.8
81190.8
81190.8
81190.8
81190.8
81190.8
81190.8
81190.8
81190.8
81190.8
81190.8
81190.8
80965.6
80631.6
80505.6
80505.6
