123179
111115
108530
108104
107532
107248
106759
106759
106759
100732
100732
100732
100574
99977.6
99977.6
99588.8
99534.8
99352.8
99190.8
98689.2
98464.8
98464.8
98464.8
98378.4
98324.4
98302.4
98302.4
98296.4
98042.4
98042.4
98042.4
95687.2
95443.2
95443.2
95443.2
95443.2
95437.2
95437.2
95328
95328
95178
95178
95178
95178
94727.6
94727.6
94629.6
94629.6
94410
94410
94244
94244
94244
94244
94244
94244
94244
94244
94244
94244
94244
94244
94182
94170
94170
94170
94170
94170
94170
94170
94170
94165.2
94165.2
94165.2
94165.2
94165.2
94165.2
94165.2
94165.2
94165.2
94165.2
94165.2
94165.2
94165.2
94165.2
94165.2
94165.2
94165.2
94165.2
94165.2
94165.2
94165.2
94165.2
94165.2
94165.2
94165.2
94165.2
94165.2
94165.2
94165.2
