117660
113778
113778
113778
113778
106598
106598
106598
106598
106598
106598
106598
106598
102535
102535
102535
95958.4
95958.4
95958.4
95958.4
95958.4
95958.4
95958.4
95958.4
95958.4
90339.6
90339.6
90339.6
90339.6
90339.6
90339.6
90339.6
90339.6
90339.6
90339.6
90339.6
90339.6
90339.6
90339.6
90339.6
90339.6
90339.6
90339.6
90339.6
90339.6
90339.6
90339.6
90339.6
90339.6
90339.6
90339.6
90339.6
90339.6
90339.6
90339.6
90339.6
90339.6
90339.6
90339.6
90339.6
90339.6
90339.6
90339.6
90339.6
90339.6
90339.6
90339.6
90339.6
90339.6
90339.6
90339.6
90339.6
90339.6
90339.6
90339.6
90339.6
90339.6
90339.6
90339.6
90339.6
90339.6
90339.6
90339.6
90339.6
90339.6
90339.6
90339.6
90339.6
90339.6
90339.6
90339.6
90339.6
90339.6
90339.6
90339.6
90339.6
90339.6
90339.6
90339.6
90339.6
