125725
120675
119206
115976
114631
110589
110589
110094
109950
109106
109106
109106
109106
109106
108560
108560
108560
108560
108560
108360
108360
108328
108328
108328
108261
106244
106244
106244
105965
105965
105796
105796
98949.6
98949.6
98949.6
98833.6
98833.6
98833.6
98717.6
98717.6
98717.6
98717.6
98683.6
98583.6
98583.6
98413.6
98413.6
98413.6
97488
97488
97488
97488
97202.4
97202.4
97202.4
97202.4
96514.8
96514.8
96438.8
96438.8
96325.6
96325.6
96325.6
96325.6
96325.6
96325.6
96212.8
95976.8
95976.8
95976.8
95976.8
95976.8
95976.8
95976.8
95976.8
95976.8
95976.8
95976.8
95976.8
95976.8
95976.8
95976.8
95976.8
95976.8
95976.8
95976.8
95976.8
95976.8
95976.8
95976.8
95976.8
95976.8
95976.8
95976.8
95976.8
95976.8
95976.8
95976.8
95976.8
95976.8
