126901
126901
126901
126901
120690
120690
120690
117572
117572
117572
117572
117572
115788
115788
115788
115788
115788
115788
115788
115788
115788
112177
112177
112177
112177
112177
112177
112177
111438
111436
111436
111436
111436
111436
108875
108328
108328
104518
104518
104518
104518
104518
104518
104518
104518
102860
102860
102634
102634
102186
102186
99710.4
99082.8
99082.8
99058.8
98416
98416
98416
98416
98092.4
93534.4
93534.4
87647.6
87647.6
87435.6
87435.6
87435.6
87435.6
87435.6
87435.6
87435.6
87435.6
87435.6
87435.6
87435.6
87435.6
87435.6
87435.6
87435.6
87435.6
87435.6
87435.6
87435.6
87435.6
87435.6
87435.6
87411.6
87411.6
87393.6
87393.6
87393.6
87112.4
87112.4
83302
83302
83302
83302
83132
82812
82812
