112515
112266
112266
112266
112266
112059
111446
111446
109290
106990
106796
106796
106796
106796
106396
106396
106370
106260
106260
106106
106032
106032
106032
106002
106002
105896
105748
105748
105748
105702
105694
105694
105694
105694
105694
105375
105289
105101
93233.2
93233.2
93233.2
93233.2
91464
91464
91464
91464
91464
91464
90403.2
90403.2
90357.2
90357.2
90357.2
90357.2
90179.2
90179.2
90179.2
90179.2
90179.2
90179.2
90179.2
90179.2
90179.2
90001.2
89301.6
89278.8
89110.8
89110.8
89110.8
88959.2
88959.2
88945.2
88859.2
88859.2
88859.2
88859.2
88859.2
88855.2
88855.2
88855.2
88818.8
88818.8
88745.6
88745.6
88745.6
88635.2
88559.2
88559.2
88559.2
88543.2
88543.2
88057.2
88057.2
88057.2
88057.2
87983.2
87983.2
87983.2
87980.4
87980.4
87980.4
