6993.6
6993.6
6361.6
6361.6
6357.6
6357.6
6357.6
6357.6
6357.6
6357.6
6357.6
6357.6
6357.6
6357.6
6143.6
6143.6
6143.6
6143.6
6143.6
6143.6
6143.6
6143.6
6143.6
6143.6
6143.6
6143.6
6143.6
6143.6
6143.6
6143.6
6143.6
6143.6
6143.6
6143.6
6143.6
6143.6
6143.6
6143.6
6143.6
6143.6
6143.6
6143.6
6143.6
6143.6
6143.6
6143.6
6143.6
6143.6
6143.6
6143.6
6143.6
6143.6
6143.6
6143.6
6143.6
6143.6
6143.6
6143.6
6143.6
6143.6
6143.6
6143.6
6143.6
6143.6
6143.6
6143.6
6143.6
6143.6
6143.6
6143.6
6143.6
6143.6
6143.6
6143.6
6143.6
6143.6
6143.6
6143.6
6143.6
6143.6
6143.6
6143.6
6143.6
6143.6
6143.6
6143.6
6143.6
6143.6
6143.6
6143.6
6143.6
6143.6
6143.6
6143.6
6143.6
6143.6
6143.6
6143.6
6143.6
6143.6
