8295.6
7706
7392
7392
7392
6946.8
6524
6524
6524
6512
6512
6358
6358
6358
6358
6358
6358
6358
6358
6358
6358
6358
6358
6358
6358
6358
6358
6358
6358
6358
6358
6358
6358
6358
6358
6358
6358
6358
6358
6358
6358
6358
6358
6358
6358
6358
6254
6254
6254
6254
6254
6220
6220
6220
6220
6220
6220
6220
6220
6220
6220
6220
6220
6220
6220
6220
6220
6220
6220
6220
6220
6220
6220
6220
6220
6220
6220
6220
6220
6220
6220
6220
6220
6220
6220
6220
6220
6220
6220
6220
6220
6220
6220
6220
6220
6220
6220
6220
6220
6220
