5989.6
5670
5255.2
5169.2
4880.8
4880.8
4880.8
4880.8
4856.8
4856.8
4856.8
4856.8
4856.8
4856.8
4856.8
4856.8
4856.8
4856.8
4856.8
4814.8
4814.8
4814.8
4814.8
4814.8
4814.8
4660
4087.6
4087.6
4087.6
4087.6
4087.6
4087.6
4087.6
4087.6
4087.6
4087.6
4087.6
4087.6
4087.6
4087.6
4087.6
4087.6
4087.6
4087.6
4087.6
4087.6
4087.6
4087.6
4087.6
4087.6
4087.6
4049.6
4049.6
4049.6
3819.6
3819.6
3691.6
3691.6
3691.6
3691.6
3691.6
3691.6
3691.6
3691.6
3691.6
3691.6
3691.6
3691.6
3691.6
3597.6
3597.6
3597.6
3597.6
3597.6
3597.6
3597.6
3597.6
3597.6
3597.6
3597.6
3597.6
3597.6
3597.6
3597.6
3597.6
3597.6
3597.6
3597.6
3387.6
3387.6
3387.6
3387.6
3387.6
3387.6
3387.6
3387.6
3387.6
3387.6
3387.6
3387.6
3387.6
