5662.8
5662.8
5336
5131.2
4585.2
4039.2
4038
4038
3749.2
3749.2
3749.2
3749.2
3749.2
3663.2
3365.2
3365.2
3288
3288
3226
3226
3226
3226
3226
3226
3226
3226
3226
3226
3226
3226
3226
3226
3226
3226
2962.4
2962.4
2722.4
2722.4
2722.4
2722.4
2722.4
2722.4
2722.4
2722.4
2722.4
2722.4
2722.4
2722.4
2670.4
2670.4
2606.4
2606.4
2592.4
2592.4
2592.4
2484.4
2484.4
2484.4
2484.4
2484.4
2484.4
2484.4
2484.4
2484.4
2484.4
2484.4
2484.4
2484.4
2484.4
2484.4
2484.4
2484.4
2484.4
2484.4
2484.4
2484.4
2484.4
2484.4
2484.4
2484.4
2484.4
2484.4
2484.4
2484.4
2484.4
2484.4
2484.4
2484.4
2484.4
2484.4
2484.4
2484.4
2484.4
2484.4
2484.4
2484.4
2484.4
2484.4
2484.4
2484.4
