6974.8
6025.2
6025.2
6016.4
5834.8
5532.4
5532.4
5532.4
5532.4
5532.4
5532.4
5532.4
5532.4
5532.4
5532.4
5532.4
5532.4
5532.4
5532.4
5532.4
5532.4
5444
5444
5150
4834
4792
4422
4422
4236
4236
4236
4236
4108
4106
4096
4096
4096
4096
4096
4096
4096
4096
4096
4096
4096
4096
4096
4096
4096
4096
4096
4096
4096
4096
4096
4096
4096
4096
4096
4096
4096
4096
4096
4096
4096
4096
4096
4096
4096
4096
4096
4096
4096
4096
4096
4096
4096
4096
4096
4096
4096
4096
4096
4096
4096
4096
4096
4096
4096
4096
4096
4096
4096
4096
4096
4096
4096
4096
4096
4096
