7237.6
6678
4508
4387.2
4254
3900
3788
3788
3788
3788
3788
3788
3788
3788
3788
3788
3788
3788
3788
3788
3788
3788
3788
3788
3788
3788
3788
3788
3788
3788
3788
3788
3788
3788
3788
3788
3788
3788
3788
3788
3788
3788
3788
3788
3788
3788
3788
3788
3788
3788
3788
3566
3566
3566
3566
3566
3566
3566
3566
3566
3566
3566
3566
3566
3566
3566
3566
3566
3566
3556
3556
3556
3546
3538
3512
3512
3512
3512
3512
3512
3512
3512
3512
3512
3512
3512
3512
3512
3512
3512
3512
3512
3512
3512
3512
3512
3512
3512
3512
3470
