8358.8
7626
7626
7626
7626
7626
7626
7039.2
6946.8
6946.8
6946.8
6946.8
6946.8
6946.8
6946.8
6946.8
6946.8
6946.8
6868.4
6631.6
6605.2
6605.2
6605.2
6605.2
5929.6
5929.6
5929.6
5929.6
5929.6
5929.6
5929.6
5929.6
5929.6
5929.6
5929.6
5929.6
5929.6
5929.6
5588.4
5588.4
5588.4
5588.4
5588.4
5588.4
5588.4
5402
5402
5322
5322
5322
5322
5322
5322
5322
5322
5322
5322
5322
5300.4
5300.4
5300.4
5300.4
5300.4
5300.4
5300.4
5300.4
5300.4
5300.4
5300.4
5300.4
5300.4
5300.4
5300.4
5300.4
5300.4
5300.4
5300.4
5300.4
5300.4
5300.4
5300.4
5300.4
5300.4
5300.4
5300.4
5300.4
5300.4
5300.4
5300.4
5300.4
5300.4
5300.4
5300.4
5300.4
5300.4
5300.4
5300.4
5300.4
5300.4
5300.4
