14443.6
11670.4
11621.2
11621.2
11609.2
11262.8
11262.8
11226.8
11006.8
10718.8
9515.6
9427.6
9196.8
9012.8
8629.6
8445.6
8445.6
8445.6
8399.6
8399.6
8357.6
8294.4
8294.4
8294.4
8279.2
8268.4
8268.4
8206.4
8036.4
8036.4
7853.2
7853.2
7853.2
7853.2
7853.2
7853.2
7853.2
7853.2
7853.2
7853.2
7853.2
7853.2
7853.2
7853.2
7853.2
7853.2
7853.2
7853.2
7853.2
7853.2
7853.2
7853.2
7853.2
7853.2
7853.2
7853.2
7853.2
7853.2
7853.2
7853.2
7853.2
7853.2
7853.2
7853.2
7853.2
7853.2
7853.2
7853.2
7853.2
7853.2
7853.2
7853.2
7853.2
7853.2
7853.2
7853.2
7853.2
7853.2
7853.2
7853.2
7853.2
7853.2
7853.2
7853.2
7853.2
7853.2
7853.2
7853.2
7853.2
7853.2
7853.2
7853.2
7853.2
7853.2
7853.2
7853.2
7853.2
7853.2
7853.2
7853.2
