12239.2
11899.6
10510.8
10022.8
9965.2
9746.4
9568.4
9566.4
9566.4
9475.6
9475.6
9475.6
9475.6
9446
9437.6
9437.6
9399.6
9388
9190.8
8651.6
8535.6
8528.4
8374.4
8322.8
8322.8
8312
8220
8218
8053.6
8019.6
7933.6
7933.6
7933.6
7917.6
7917.6
7886.4
7788.4
7766.4
7766.4
7555.6
7415.6
7415.6
7267.6
7240
7205.2
7175.6
7154.8
7154.8
7136.8
6990.4
6990.4
6976.4
6976.4
6915.6
6913.6
6889.2
6889.2
6889.2
6889.2
6889.2
6889.2
6889.2
6889.2
6889.2
6805.6
6805.6
6805.6
6610
6518.8
6518.8
6518.8
6512.8
6512.8
6512.8
6267.6
6267.6
6267.6
6127.6
5934.4
5862
5862
5862
5798.8
5798.8
5798.8
5798.8
5792.8
5680.8
5622.8
5622.8
5622.8
5622.8
5622.8
5622.8
5622.8
5622.8
5622.8
5622.8
5622.8
5586
