9972
9972
9972
9972
9948.8
9948.8
9948.8
9948.8
9948.8
9948.8
9948.8
9948.8
9948.8
9948.8
9948.8
9948.8
9948.8
9948.8
9760.4
9760.4
9632.4
9632.4
9632.4
9632.4
9632.4
9416.8
9300.8
9300.8
9300.8
9300.8
9300.8
9300.8
9252.8
9252.8
9252.8
9252.8
9252.8
9252.8
9252.8
9252.8
9252.8
9252.8
9252.8
9252.8
9252.8
9252.8
9252.8
9224.8
8636
8494.8
8494.8
8494.8
8494.8
8494.8
8386.8
8386.8
8386.8
8386.8
8386.8
8386.8
8386.8
8386.8
8386.8
8243.2
8243.2
7723.2
7723.2
7723.2
7723.2
7723.2
7723.2
7723.2
7723.2
7655.6
7655.6
7655.6
7655.6
7655.6
7655.6
7655.6
7655.6
7655.6
7294.4
7294.4
7294.4
7294.4
7232.4
7232.4
7232.4
7232.4
7232.4
7232.4
7232.4
7232.4
7232.4
7232.4
7232.4
7232.4
7232.4
7232.4
