9709.2
8485.6
7951.6
7951.6
7951.6
7528.8
7528.8
7528.8
7528.8
6950.4
6950.4
6950.4
6950.4
6950.4
6950.4
6950.4
6950.4
6950.4
6950.4
6950.4
6950.4
6950.4
6950.4
6950.4
6846.4
6846.4
6846.4
6846.4
6786.4
6786.4
6786.4
6786.4
6786.4
6786.4
6786.4
6786.4
6692.4
6692.4
6692.4
6692.4
6539.6
6539.6
6493.6
6493.6
6493.6
6375.6
6375.6
6375.6
6375.6
6375.6
6375.6
6375.6
6275.6
6275.6
6275.6
6275.6
6275.6
6275.6
6275.6
6275.6
6275.6
6275.6
6275.6
6275.6
6275.6
6275.6
6275.6
6275.6
6275.6
6275.6
6275.6
6275.6
6275.6
6275.6
6275.6
6275.6
6132
6132
6132
6132
6132
6132
6132
6132
6080
6080
6080
6080
6080
6080
6080
5964
5964
5964
5964
5964
5964
5964
5964
5964
