10537.6
7628
7628
7407.6
7407.6
7407.6
7407.6
7407.6
7407.6
7070
6929.2
6929.2
6929.2
6929.2
6929.2
6929.2
6663.6
6451.6
6451.6
5961.2
5501.2
5501.2
5501.2
5501.2
5417.6
4870
4461.6
4257.6
4131.6
4131.6
4131.6
4131.6
4131.6
4131.6
4049.6
4049.6
4045.6
4045.6
4045.6
4045.6
4045.6
4045.6
4045.6
4045.6
3987.6
3987.6
3987.6
3987.6
3987.6
3987.6
3987.6
3987.6
3987.6
3987.6
3987.6
3987.6
3987.6
3987.6
3987.6
3987.6
3987.6
3987.6
3987.6
3987.6
3987.6
3987.6
3987.6
3987.6
3987.6
3987.6
3987.6
3987.6
3987.6
3987.6
3987.6
3987.6
3987.6
3987.6
3987.6
3987.6
3987.6
3987.6
3987.6
3987.6
3987.6
3987.6
3987.6
3987.6
3987.6
3987.6
3987.6
3987.6
3987.6
3987.6
3504.8
3504.8
3488.8
3488.8
3488.8
3488.8
