10976.8
10881.2
9460.8
9386.4
9018
8331.2
8243.2
8193.6
7680.8
7680.8
7238
7238
7132
7132
7132
6745.6
6725.6
6473.2
6473.2
6453.2
6453.2
6453.2
6453.2
6297.6
6229.2
6229.2
6074.4
6074.4
5896.4
5896.4
5824.4
5708.4
5708.4
5708.4
5708.4
5692.4
5692.4
5692.4
5692.4
5692.4
5692.4
5692.4
5692.4
5692.4
5692.4
5690.4
5690.4
5690.4
5690.4
5690.4
5690.4
5690.4
5690.4
5690.4
5690.4
5690.4
5690.4
5690.4
5690.4
5690.4
5690.4
5690.4
5690.4
5690.4
5690.4
5690.4
5634
5634
5634
5634
5634
5634
5634
5634
5634
5634
5634
5634
5634
5634
5634
5634
5634
5634
5634
5634
5634
5634
5634
5634
5634
5634
5634
5634
5634
5634
5634
5634
5634
5634
