10783.6
10624.8
10574
9604.4
8521.2
8400.4
8170.4
8170.4
8170.4
8170.4
8089.2
7384
7384
7384
7384
7384
7384
7384
7384
7384
7384
7346
6933.6
6933.6
6933.6
6933.6
6933.6
6933.6
6925.6
6925.6
6925.6
6925.6
6925.6
6925.6
6925.6
6925.6
6925.6
6925.6
6925.6
6925.6
6908.8
6908.8
6908.8
6908.8
6908.8
6810.8
6810.8
6810.8
6810.8
6810.8
6810.8
6810.8
6810.8
6810.8
6810.8
6810.8
6810.8
6810.8
6810.8
6678.8
6633.2
6633.2
6607.2
6607.2
6451.2
6451.2
6310.8
6310.8
6310.8
6310.8
6310.8
6310.8
6310.8
6310.8
6310.8
6310.8
6310.8
6310.8
6310.8
6310.8
6310.8
6310.8
6310.8
6310.8
6310.8
5674.8
5674.8
5674.8
5634
5634
5634
5634
5634
5634
5634
5634
5634
5634
5634
5283.2
5030.4
