8475.2
7130.8
6996.4
6754.4
6733.6
6335.2
6020
6020
6020
6020
5906
5906
5906
5906
5754
5754
5754
5754
5754
5754
5754
5754
5754
5754
5754
5754
5754
5754
5754
5754
5754
5754
5754
5754
5754
5754
5754
5754
5754
5754
5754
5754
5754
5754
5754
5754
5754
5754
5754
5754
5754
5754
5754
5754
5754
5754
5754
5754
5754
5754
5754
5754
5754
5754
5754
5754
5754
5754
5754
5754
5754
5754
5754
5754
5754
5754
5754
5754
5754
5754
5754
5754
5754
5754
5754
5754
5754
5754
5754
5754
5754
5754
5754
5754
5754
5754
5754
5754
5754
5754
