14898.4
12746.4
12405.6
12405.6
11876.4
10974
10508.4
10508
10508
10508
10248.4
10248.4
9958
9765.2
9765.2
9765.2
9761.2
9761.2
9761.2
9746.8
9746.8
9738
9664
9664
9664
9532
8341.6
8341.6
8225.2
8225.2
7988.8
7988.8
7914.8
7914.8
7914.8
7914.8
7914.8
7914.8
7914.8
7914.8
7914.8
7914.8
7914.8
7914.8
7914.8
7914.8
7914.8
7914.8
7914.8
7914.8
7872.4
7870.4
7787.6
7727.6
7727.6
7727.6
7727.6
7681.6
7681.6
7681.6
7440.4
7440.4
7440.4
7440.4
7440.4
7440.4
7440.4
7440.4
7440.4
7440.4
7440.4
7440.4
7440.4
7440.4
7440.4
7440.4
7440.4
7440.4
7440.4
7440.4
7143.2
7143.2
7143.2
7143.2
7143.2
7143.2
7143.2
7143.2
7143.2
7143.2
7143.2
7143.2
7143.2
7143.2
7143.2
7143.2
7143.2
7143.2
7143.2
7143.2
