3050.8
2705.6
2705.6
2705.6
2705.6
2705.6
2705.6
2705.6
2705.6
2705.6
2705.6
2705.6
2705.6
2705.6
2705.6
2705.6
2705.6
2705.6
2705.6
2705.6
2705.6
2705.6
2705.6
2705.6
2705.6
2705.6
2705.6
2705.6
2705.6
2705.6
2705.6
2705.6
2705.6
2705.6
2705.6
2705.6
2705.6
2705.6
2705.6
2705.6
2705.6
2705.6
2705.6
2705.6
2705.6
2705.6
2705.6
2705.6
2705.6
2705.6
2705.6
2705.6
2705.6
2705.6
2705.6
2705.6
2705.6
2705.6
2705.6
2705.6
2705.6
2705.6
2705.6
2705.6
2705.6
2705.6
2705.6
2705.6
2705.6
2705.6
2705.6
2705.6
2705.6
2705.6
2705.6
2705.6
2705.6
2705.6
2705.6
2705.6
2705.6
2705.6
2705.6
2705.6
2705.6
2705.6
2705.6
2705.6
2705.6
2705.6
2705.6
2705.6
2705.6
2705.6
2705.6
2705.6
2705.6
2705.6
2705.6
2705.6
