4155.6
4002
4002
4002
4002
3590.8
3590.8
3590.8
3590.8
3590.8
3580.8
3385.2
3385.2
3361.6
3317.2
3317.2
3221.2
3221.2
3221.2
3221.2
3221.2
3160.8
3073.2
2922.8
2922.8
2922.8
2922.8
2922.8
2922.8
2922.8
2922.8
2922.8
2922.8
2825.2
2825.2
2787.2
2787.2
2771.6
2771.6
2771.6
2771.6
2771.6
2771.6
2771.6
2771.6
2697.2
2562
2562
2562
2562
2518
2518
2518
2518
2518
2518
2518
2518
2518
2518
2518
2518
2518
2518
2518
2470
2470
2470
2470
2470
2470
2470
2470
2470
2460
2460
2460
2460
2460
2460
2460
2460
2460
2460
2460
2460
2460
2460
2460
2460
2460
2460
2458
2386.8
2386.8
2386.8
2386.8
2386.8
2386.8
2386.8
