4294.8
3745.6
3577.6
3577.6
3577.6
3577.6
3530.8
3530.8
3164.4
3037.6
2669.6
2669.6
2669.6
2627.6
2627.6
2627.6
2627.6
2627.6
2627.6
2627.6
2579.6
2579.6
2563.6
2563.6
2563.6
2563.6
2563.6
2563.6
2563.6
2563.6
2325.2
2325.2
2325.2
2325.2
2325.2
2325.2
2325.2
2325.2
2325.2
2325.2
2325.2
2325.2
2325.2
2325.2
2325.2
2325.2
2325.2
2325.2
2325.2
2325.2
2325.2
2325.2
2325.2
2325.2
2325.2
2325.2
2325.2
2325.2
2325.2
2325.2
2325.2
2325.2
2325.2
2325.2
2325.2
2325.2
2325.2
2325.2
2325.2
2325.2
2325.2
2325.2
2325.2
2325.2
2325.2
2325.2
2325.2
2325.2
2325.2
2325.2
2325.2
2325.2
2325.2
2325.2
2325.2
2325.2
2325.2
2325.2
2325.2
2325.2
2325.2
2325.2
2325.2
2325.2
2325.2
2325.2
2325.2
2303.2
2303.2
2303.2
