3836.4
3421.2
2992
2813.6
2599.6
2599.6
2599.6
2599.6
2599.6
2599.6
2599.6
2599.6
2599.6
2599.6
2599.6
2599.6
2599.6
2599.6
2599.6
2599.6
2599.6
2599.6
2599.6
2599.6
2599.6
2599.6
2465.2
2152
2042
1980
1944.4
1944.4
1944.4
1944.4
1944.4
1944.4
1944.4
1944.4
1944.4
1944.4
1832.4
1832.4
1832.4
1832.4
1832.4
1832.4
1832.4
1832.4
1832.4
1832.4
1832.4
1832.4
1832.4
1832.4
1832.4
1822.4
1822.4
1822.4
1822.4
1822.4
1822.4
1822.4
1822.4
1822.4
1822.4
1822.4
1822.4
1822.4
1822.4
1822.4
1822.4
1822.4
1822.4
1822.4
1822.4
1822.4
1822.4
1822.4
1822.4
1822.4
1822.4
1822.4
1822.4
1822.4
1822.4
1822.4
1822.4
1822.4
1822.4
1822.4
1822.4
1822.4
1822.4
1822.4
1822.4
1822.4
1822.4
1822.4
1822.4
1822.4
