5569.6
5041.6
4832.4
4788.4
4788.4
4737.6
4456.8
4456.8
4456.8
4456.8
4196.8
4196.8
4196.8
4196.8
4196.8
4196.8
4196.8
4196.8
4032.4
4032.4
4032.4
4009.2
3918.8
3918.8
3918.8
3918.8
3874
3856.8
3856.8
3856.8
3856.8
3856.8
3856.8
3663.6
3663.6
3663.6
3663.6
3663.6
3663.6
3401.6
3401.6
3401.6
3401.6
3401.6
3401.6
3401.6
3401.6
3401.6
3401.6
3401.6
3401.6
3401.6
3401.6
3401.6
3401.6
3401.6
3401.6
3401.6
3401.6
3401.6
3401.6
3401.6
3401.6
3401.6
3401.6
3401.6
3401.6
3401.6
3401.6
3401.6
3401.6
3401.6
3401.6
3401.6
3401.6
3401.6
3401.6
3401.6
3401.6
3401.6
3401.6
3401.6
3401.6
3401.6
3401.6
3401.6
3401.6
3401.6
3401.6
3401.6
3401.6
3401.6
3401.6
3401.6
3401.6
3401.6
3401.6
3401.6
3401.6
3401.6
