2857.6
2559.6
2549.6
2549.6
2508
2508
2454
2454
2308.4
2308.4
2273.2
2063.6
1771.2
1771.2
1661.2
1661.2
1661.2
1661.2
1661.2
1661.2
1661.2
1661.2
1661.2
1661.2
1661.2
1661.2
1661.2
1661.2
1661.2
1661.2
1661.2
1661.2
1661.2
1661.2
1661.2
1661.2
1661.2
1661.2
1661.2
1661.2
1661.2
1661.2
1661.2
1661.2
1661.2
1661.2
1661.2
1661.2
1661.2
1661.2
1661.2
1661.2
1661.2
1661.2
1661.2
1661.2
1661.2
1661.2
1661.2
1661.2
1661.2
1661.2
1661.2
1661.2
1661.2
1661.2
1661.2
1661.2
1661.2
1661.2
1661.2
1661.2
1661.2
1661.2
1661.2
1661.2
1661.2
1661.2
1661.2
1661.2
1661.2
1661.2
1661.2
1467.6
1467.6
1467.6
1467.6
1467.6
1467.6
1467.6
1467.6
1467.6
1467.6
1467.6
1467.6
1467.6
1467.6
1467.6
1467.6
1467.6
