5137.2
4885.2
4831.2
4831.2
4767.2
4767.2
4743.2
4743.2
4703.2
4703.2
4703.2
4703.2
4703.2
4703.2
4703.2
4589.2
4589.2
4589.2
4589.2
4589.2
4589.2
4589.2
4589.2
4589.2
4589.2
4589.2
4589.2
4589.2
4589.2
4589.2
4589.2
4589.2
4589.2
4589.2
4589.2
4589.2
4589.2
4589.2
4589.2
4589.2
4589.2
4589.2
4589.2
4589.2
4589.2
4589.2
4589.2
4589.2
4589.2
4589.2
4589.2
4589.2
4589.2
4589.2
4589.2
4589.2
4589.2
4589.2
4589.2
4589.2
4589.2
4589.2
4589.2
4589.2
4589.2
4589.2
4589.2
4589.2
4589.2
4589.2
4589.2
4589.2
4589.2
4589.2
4589.2
4589.2
4589.2
4589.2
4589.2
4589.2
4589.2
4589.2
4589.2
4589.2
4589.2
4589.2
4589.2
4589.2
4589.2
4589.2
4589.2
4589.2
4589.2
4589.2
4589.2
4589.2
4589.2
4589.2
4589.2
4589.2
4589.2
