4174
4174
3937.2
3640
3576.8
3576.8
3576.8
3576.8
3576.8
3498.8
3386.8
3228.8
3128.8
3128.8
3128.8
3128.8
3116.8
2880
2880
2876
2876
2876
2876
2876
2852
2852
2852
2852
2852
2852
2852
2852
2852
2852
2852
2852
2852
2852
2852
2852
2852
2852
2852
2852
2852
2852
2852
2852
2852
2852
2852
2852
2852
2852
2852
2852
2852
2852
2852
2852
2852
2852
2852
2852
2852
2852
2852
2852
2852
2852
2852
2852
2852
2852
2852
2852
2852
2852
2852
2852
2852
2852
2852
2852
2852
2852
2852
2852
2852
2852
2852
2852
2852
2852
2852
2852
2852
2852
2852
2852
