9232.8
6897.6
6897.6
6897.6
6194.4
6194.4
6172.4
6172.4
6172.4
6172.4
6172.4
6172.4
6086.4
6084.4
6084.4
5868
5868
5868
5592.4
5592.4
5592.4
5592.4
5592.4
5503.2
5259.6
5259.6
5259.6
5259.6
5207.6
5207.6
5207.6
5207.6
5207.6
5207.6
5200.8
4882
4882
4226
4226
4226
4226
4226
4226
4226
4226
4226
4226
4226
4226
4116.8
4116.8
4116.8
4116.8
4116.8
4116.8
4116.8
4116.8
4010.4
4010.4
3975.6
3975.6
3975.6
3975.6
3975.6
3975.6
3975.6
3927.6
3817.6
3817.6
3817.6
3817.6
3817.6
3817.6
3817.6
3817.6
3817.6
3817.6
3748.8
3553.2
3553.2
3553.2
3553.2
3553.2
3553.2
3553.2
3553.2
3553.2
3553.2
3553.2
3553.2
3553.2
3553.2
3553.2
3553.2
3553.2
3553.2
3420
3420
3420
3420
