6740.8
5046.4
5046.4
5046.4
5046.4
5046.4
5046.4
5046.4
5046.4
5046.4
5046.4
5046.4
5046.4
5046.4
5046.4
5046.4
5046.4
5046.4
5046.4
5046.4
5046.4
5018.4
4823.6
3949.2
3915.6
3915.6
3811.6
3811.6
3476.8
3476.8
3312.8
3278.4
3278.4
3278.4
3278.4
3278.4
3278.4
3278.4
3278.4
3278.4
3278.4
3278.4
3278.4
3278.4
3278.4
3278.4
3278.4
3278.4
3278.4
3278.4
3206.8
3206.8
3206.8
3206.8
3206.8
3206.8
3206.8
3206.8
3206.8
3206.8
3206.8
3206.8
3206.8
3206.8
3206.8
3206.8
3206.8
3186.8
3186.8
3186.8
3186.8
3186.8
3186.8
3186.8
3186.8
3186.8
3186.8
3186.8
3186.8
3099.6
3099.6
3099.6
3099.6
3099.6
3099.6
3099.6
3099.6
3099.6
3099.6
3099.6
3099.6
3099.6
3099.6
3099.6
3099.6
3099.6
3099.6
3099.6
3099.6
3099.6
