8804.4
7944.8
7186.8
6960.4
6680.4
6680.4
6680.4
6622.4
6582.4
6582.4
6520.4
6520.4
6514.4
6216.4
6216.4
5990.4
5810
5450.4
4923.2
4820.4
4820.4
4806.4
4806.4
4806.4
4752.4
4752.4
4752.4
4752.4
4752.4
4752.4
4752.4
4752.4
4752.4
4752.4
4752.4
4752.4
4752.4
4752.4
4752.4
4752.4
4752.4
4752.4
4740.4
4740.4
4740.4
4740.4
4740.4
4740.4
4740.4
4740.4
4349.2
4349.2
4349.2
4281.2
4163.2
4121.2
4121.2
4001.2
4001.2
3967.2
3967.2
3967.2
3967.2
3967.2
3967.2
3967.2
3967.2
3967.2
3967.2
3967.2
3967.2
3967.2
3967.2
3967.2
3967.2
3967.2
3967.2
3967.2
3967.2
3967.2
3967.2
3967.2
3967.2
3967.2
3967.2
3967.2
3967.2
3967.2
3967.2
3967.2
3967.2
3967.2
3967.2
3967.2
3967.2
3967.2
3967.2
3967.2
3967.2
3967.2
