7007.2
7007.2
7007.2
6616
6616
6369.2
5736.4
5251.2
5251.2
5251.2
5251.2
5119.6
4419.6
4419.6
4419.6
4419.6
4419.6
4419.6
4419.6
4419.6
4419.6
4419.6
4419.6
4419.6
4063.6
4063.6
4063.6
4063.6
4063.6
4063.6
4063.6
4063.6
4063.6
4063.6
3977.6
3977.6
3977.6
3887.6
3746.4
3746.4
3746.4
3746.4
3746.4
3746.4
3746.4
3547.2
3547.2
3547.2
3547.2
3547.2
3547.2
3547.2
3547.2
3547.2
3547.2
3547.2
3547.2
3547.2
3547.2
3547.2
3542.4
3542.4
3542.4
3494.4
3352.4
3352.4
3352.4
3352.4
3352.4
3352.4
3352.4
3352.4
3352.4
3352.4
3352.4
3352.4
3352.4
3352.4
3352.4
3352.4
3352.4
3352.4
3080.4
3080.4
3080.4
3080.4
3080.4
3080.4
3080.4
3080.4
3080.4
3080.4
3080.4
3080.4
3080.4
3080.4
3080.4
3080.4
3080.4
3080.4
