8313.6
5958.4
5736.4
5732.4
5605.6
5474.8
5217.6
5067.6
5067.6
4707.6
4707.6
4707.6
4707.6
4707.6
4707.6
4707.6
4707.6
4707.6
4707.6
4707.6
4557.6
4557.6
4557.6
4557.6
4557.6
4557.6
4557.6
4557.6
4509.6
4509.6
4509.6
4509.6
4509.6
4509.6
4509.6
4509.6
4509.6
4509.6
4509.6
4509.6
4509.6
4509.6
4509.6
4509.6
4509.6
4509.6
4509.6
4509.6
4509.6
4509.6
4509.6
4509.6
4509.6
4509.6
4487.2
4363.2
4363.2
4363.2
4363.2
4363.2
4363.2
4278.4
3750.8
3746
3648.4
3648.4
3648.4
3611.2
3585.2
3585.2
3585.2
3585.2
3585.2
3585.2
3585.2
3585.2
3585.2
3585.2
3585.2
3585.2
3585.2
3585.2
3585.2
3585.2
3585.2
3585.2
3585.2
3585.2
3585.2
3585.2
3585.2
3585.2
3585.2
3585.2
3585.2
3585.2
3585.2
3585.2
3585.2
3585.2
