6387.6
6387.6
5918
5918
5918
5918
5918
4722
4722
4722
4722
4722
4722
4722
4722
4722
4692
4692
4692
4692
4692
4692
4692
4692
4692
4692
4512.4
4512.4
4512.4
4512.4
4512.4
4512.4
4456.4
4456.4
4456.4
4385.2
4340.8
4340.8
4340.8
4340.8
4340.8
4340.8
4340.8
4340.8
4340.8
4340.8
4059.2
4059.2
4059.2
4059.2
4059.2
4059.2
4059.2
4059.2
4059.2
4059.2
4059.2
4059.2
4059.2
4059.2
4003.2
4003.2
4003.2
4003.2
4003.2
4003.2
3914.4
3914.4
3696
3696
3696
3696
3696
3696
3696
3696
3696
3696
3696
3696
3696
3696
3531.2
3531.2
3422.8
3422.8
3422.8
3422.8
3422.8
3422.8
3422.8
3422.8
3422.8
3422.8
3422.8
3422.8
3422.8
3422.8
3422.8
3422.8
