12836
9945.6
9798.4
9798.4
9725.2
9330
8521.6
8493.6
8493.6
8489.6
8481.6
8481.6
7653.6
7653.6
7602
7462.4
7012.4
7012.4
6825.6
6825.6
6807.6
6807.6
6807.6
6807.6
6807.6
6807.6
6807.6
6807.6
6807.6
6807.6
6807.6
6807.6
6807.6
6807.6
6807.6
6807.6
6807.6
6807.6
6807.6
6807.6
6807.6
6807.6
6807.6
6807.6
6807.6
6807.6
6807.6
6807.6
6807.6
6807.6
6807.6
6807.6
6807.6
6807.6
6807.6
6807.6
6807.6
6807.6
6807.6
6807.6
6807.6
6807.6
6807.6
6807.6
6807.6
6807.6
6807.6
6807.6
6807.6
6807.6
6807.6
6807.6
6807.6
6807.6
6452
6452
6442
6442
6442
6442
6442
6442
6442
6442
6442
6442
6442
6442
6434
6434
6434
6434
6434
6434
6434
6434
6434
6434
6434
6434
