12392
11915.6
11771.6
11771.6
11771.6
11771.6
11771.6
11771.6
11771.6
11771.6
11771.6
11771.6
11771.6
11771.6
11771.6
11056
10724.4
10534
10274
9915.6
9330.4
9101.6
8939.6
8939.6
8939.6
8934
8934
8774.8
8774.8
8727.6
8727.6
8648.4
8648.4
8648.4
8634.4
8634.4
8634.4
8634.4
8634.4
8634.4
8634.4
8634.4
8634.4
8522.4
8522.4
8522.4
8408.4
8408.4
8142.4
8142.4
8142.4
8142.4
8004.4
8004.4
8004.4
8004.4
8004.4
8004.4
8004.4
8004.4
8004.4
8004.4
8004.4
8004.4
8004.4
8004.4
8004.4
8004.4
8004.4
8004.4
8004.4
8004.4
8004.4
8004.4
8004.4
8004.4
8004.4
8004.4
8004.4
8004.4
8004.4
8004.4
8004.4
8004.4
8004.4
8004.4
8004.4
8004.4
8004.4
8004.4
8004.4
8004.4
8004.4
8004.4
8004.4
8004.4
8004.4
8004.4
8004.4
8004.4
