11574.8
11025.2
10337.6
10118
10072
9415.2
9215.2
9215.2
9105.2
9032
9021.6
8916
8916
8916
8916
8916
8224.8
8224.8
8120.8
8120.8
8120.8
7517.2
6822
6627.6
6627.6
6485.6
6485.6
6469.6
6397.6
6397.6
6397.6
6397.6
6397.6
6397.6
6397.6
6397.6
6397.6
6375.2
6375.2
6273.2
6273.2
6273.2
6261.2
6261.2
6063.2
6063.2
6061.2
6061.2
6061.2
6061.2
6061.2
5953.2
5953.2
5847.2
5847.2
5847.2
5847.2
5847.2
5847.2
5847.2
5847.2
5847.2
5847.2
5847.2
5847.2
5847.2
5847.2
5847.2
5847.2
5847.2
5847.2
5847.2
5847.2
5847.2
5847.2
5839.2
5839.2
5839.2
5839.2
5839.2
5839.2
5839.2
5839.2
5839.2
5839.2
5839.2
5839.2
5839.2
5839.2
5839.2
5839.2
5839.2
5839.2
5839.2
5839.2
5839.2
5839.2
5839.2
5839.2
5839.2
