14186.4
12894
12501.2
12246.8
12206
11649.6
11334.4
10725.6
9874
9158
8462
8462
8340
8340
8340
8332
8320
8320
8320
8310
8310
8310
8245.6
8161.6
8161.6
8161.6
8161.6
8161.6
8116
8116
8116
8116
8116
8100.4
8036.4
8036.4
8036.4
7996.4
7995.2
7955.2
7914.4
7914.4
7914.4
7914.4
7846.4
7846.4
7846.4
7846.4
7846.4
7846.4
7722
7524
7524
7370
7370
7370
7302
7302
7302
7302
7302
7064
7064
7064
7064
6905.6
6899.6
6731.6
6259.2
6259.2
6259.2
6259.2
6259.2
6259.2
6259.2
6259.2
6259.2
6259.2
6259.2
6259.2
6259.2
6259.2
6259.2
6259.2
6259.2
6259.2
6259.2
6259.2
6259.2
6259.2
6259.2
6259.2
6259.2
6259.2
6259.2
6259.2
6259.2
6259.2
6259.2
6259.2
