4469.2
2451.2
2451.2
2451.2
2451.2
2451.2
2451.2
2451.2
2451.2
2451.2
2451.2
2451.2
2451.2
2451.2
2451.2
2451.2
2451.2
2451.2
2451.2
2451.2
2451.2
2451.2
2451.2
2451.2
2451.2
2451.2
2451.2
2451.2
2451.2
2451.2
2451.2
2451.2
2451.2
2358.8
2358.8
2358.8
2358.8
2358.8
2358.8
2323.2
1999.2
1999.2
1999.2
1999.2
1999.2
1750.4
1750.4
1750.4
1750.4
1750.4
1750.4
1750.4
1750.4
1750.4
1750.4
1750.4
1750.4
1750.4
1750.4
1750.4
1750.4
1750.4
1750.4
1750.4
1750.4
1750.4
1750.4
1750.4
1750.4
1750.4
1750.4
1750.4
1750.4
1750.4
1750.4
1750.4
1750.4
1750.4
1750.4
1750.4
1750.4
1750.4
1750.4
1750.4
1750.4
1750.4
1750.4
1750.4
1750.4
1750.4
1750.4
1750.4
1750.4
1750.4
1750.4
1750.4
1750.4
1750.4
1750.4
1750.4
