7144.8
6998.8
6883.2
6883.2
6883.2
6186
6186
5722.8
5722.8
5486.4
5486.4
5486.4
5486.4
5416.4
5234
5234
5234
5234
5234
5234
5234
5234
5083.6
5083.6
5083.6
5083.6
5083.6
5083.6
5083.6
5083.6
5083.6
5083.6
4972.8
4972.8
4972.8
4972.8
4952.8
4798.8
4798.8
4798.8
4798.8
4798.8
4798.8
4798.8
4798.8
4798.8
4798.8
4798.8
4798.8
4798.8
4798.8
4798.8
4798.8
4798.8
4798.8
4798.8
4798.8
4798.8
4798.8
4798.8
4798.8
4798.8
4798.8
4798.8
4798.8
4798.8
4798.8
4798.8
4798.8
4798.8
4798.8
4798.8
4798.8
4798.8
4798.8
4798.8
4798.8
4798.8
4798.8
4798.8
4798.8
4798.8
4798.8
4798.8
4798.8
4654.8
4652.8
4463.2
4463.2
4325.2
4325.2
4325.2
4325.2
4325.2
4325.2
4325.2
4325.2
4325.2
4325.2
4325.2
