7554.8
6841.2
6597.6
6038.8
4911.2
4606.8
4606.8
4498.8
4462.8
4432.8
4386.8
3984.8
3946.8
3946.8
3946.8
3946.8
3914.8
3824.8
3824.8
3808.8
3808.8
3680.8
3680.8
3680.8
3680.8
3680.8
3680.8
3680.8
3680.8
3680.8
3680.8
3680.8
3680.8
3680.8
3680.8
3680.8
3680.8
3680.8
3680.8
3680.8
3680.8
3680.8
3680.8
3680.8
3680.8
3680.8
3680.8
3680.8
3680.8
3680.8
3680.8
3680.8
3680.8
3680.8
3680.8
3680.8
3680.8
3680.8
3680.8
3680.8
3680.8
3680.8
3680.8
3680.8
3680.8
3680.8
3680.8
3680.8
3680.8
3680.8
3680.8
3680.8
3680.8
3680.8
3680.8
3680.8
3680.8
3680.8
3680.8
3680.8
3680.8
3680.8
3680.8
3680.8
3680.8
3680.8
3680.8
3680.8
3680.8
3680.8
3680.8
3680.8
3680.8
3680.8
3680.8
3680.8
3680.8
3680.8
3680.8
3680.8
