6455.6
6382.8
6382.8
6067.2
6011.6
5222.4
5222.4
5222.4
5222.4
5222.4
5222.4
5222.4
5222.4
5222.4
5222.4
5222.4
5222.4
5222.4
5222.4
5222.4
5058.4
5058.4
5058.4
5058.4
5058.4
5058.4
5058.4
5058.4
5058.4
5058.4
5058.4
5058.4
5058.4
5058.4
4684.4
4684.4
4684.4
4684.4
4684.4
4684.4
4684.4
4684.4
4684.4
4684.4
4684.4
4684.4
4684.4
4684.4
4684.4
4684.4
4684.4
4684.4
4684.4
4684.4
4684.4
4684.4
4684.4
4684.4
4684.4
4684.4
4684.4
4684.4
4684.4
4684.4
4684.4
4684.4
4684.4
4684.4
4684.4
4684.4
4684.4
4684.4
4684.4
4684.4
4684.4
4684.4
4684.4
4684.4
4684.4
4684.4
4684.4
4684.4
4684.4
4684.4
4684.4
4684.4
4684.4
4684.4
4684.4
4684.4
4684.4
4684.4
4684.4
4684.4
4684.4
4684.4
4684.4
4684.4
4684.4
4684.4
