3707.2
3707.2
3707.2
3687.2
3687.2
3687.2
3687.2
3687.2
3657.6
3514.8
3514.8
3514.8
3514.8
3514.8
3514.8
3514.8
3514.8
3514.8
3514.8
3514.8
3514.8
3514.8
3514.8
3514.8
3514.8
3514.8
3514.8
3514.8
3514.8
3514.8
3514.8
3514.8
3514.8
3365.6
3365.6
3365.6
3365.6
3365.6
3365.6
3365.6
3365.6
3365.6
3365.6
3365.6
3365.6
3365.6
3365.6
3365.6
3365.6
3365.6
3365.6
3365.6
3365.6
3365.6
3365.6
3365.6
3365.6
3365.6
3365.6
3365.6
3365.6
3365.6
3365.6
3365.6
3365.6
3365.6
3365.6
3365.6
3365.6
3365.6
3365.6
3365.6
3365.6
3365.6
3365.6
3365.6
3365.6
3365.6
3365.6
3365.6
3365.6
3365.6
3365.6
3365.6
3365.6
3365.6
3365.6
3365.6
3365.6
3365.6
3365.6
3365.6
3365.6
3365.6
3365.6
3365.6
3365.6
3365.6
3365.6
3365.6
3365.6
