10211.6
8775.6
8775.6
8775.6
8775.6
8775.6
8775.6
8775.6
8775.6
8659.6
8659.6
8659.6
8446.8
7753.6
7753.6
7753.6
7753.6
7753.6
7753.6
7753.6
7753.6
7753.6
7753.6
7753.6
7753.6
7753.6
7753.6
7245.2
7245.2
7245.2
7245.2
7245.2
7245.2
7245.2
7245.2
7073.2
7073.2
7073.2
7073.2
7073.2
7073.2
7073.2
7073.2
7073.2
7073.2
7073.2
7073.2
7073.2
7073.2
7073.2
6991.2
6991.2
6991.2
6991.2
6991.2
6991.2
6991.2
6991.2
6991.2
6991.2
6991.2
6991.2
6991.2
6991.2
6991.2
6991.2
6991.2
6991.2
6991.2
6991.2
6991.2
6991.2
6991.2
6991.2
6991.2
6991.2
6991.2
6991.2
6991.2
6991.2
6991.2
6991.2
6991.2
6991.2
6991.2
6991.2
6991.2
6991.2
6991.2
6991.2
6991.2
6991.2
6991.2
6991.2
6991.2
6991.2
6991.2
6991.2
6991.2
6991.2
