8497.2
8497.2
6947.6
6947.6
6947.6
6947.6
6947.6
6947.6
6947.6
6947.6
6947.6
6947.6
6947.6
6720.4
6720.4
6550.4
6550.4
6407.2
6335.6
6335.6
6037.6
6037.6
6037.6
6037.6
6016
6016
6016
5793.2
5610
5610
5610
5602
5602
5602
5602
5301.6
5301.6
5301.6
5301.6
5173.6
5173.6
5173.6
5173.6
5069.6
5069.6
5069.6
5069.6
5069.6
5069.6
5069.6
5069.6
5069.6
5069.6
5069.6
5069.6
5069.6
5069.6
5069.6
5069.6
5069.6
5069.6
5069.6
5069.6
5069.6
5069.6
5069.6
5069.6
5069.6
5069.6
5069.6
5069.6
5069.6
5069.6
5069.6
5069.6
5069.6
5069.6
5069.6
5069.6
5069.6
5069.6
5069.6
5069.6
4993.6
4993.6
4889.6
4889.6
4889.6
4889.6
4889.6
4889.6
4889.6
4889.6
4889.6
4889.6
4889.6
4889.6
4889.6
4889.6
4889.6
