5369.2
4406
4050
3879.2
3879.2
3879.2
3879.2
3842
3290
3290
3290
3290
3290
3268
3268
3268
3268
3268
3268
3268
3268
3268
3268
3268
3268
3268
3254
3254
3254
3254
3254
3254
3254
3254
3254
3254
3254
3254
3254
3254
3254
3254
3254
3254
3158
3112
3112
3112
2851.2
2759.2
2759.2
2759.2
2759.2
2759.2
2759.2
2759.2
2681.2
2681.2
2681.2
2681.2
2681.2
2681.2
2681.2
2681.2
2681.2
2681.2
2681.2
2681.2
2681.2
2681.2
2681.2
2681.2
2681.2
2681.2
2681.2
2681.2
2681.2
2681.2
2681.2
2681.2
2681.2
2681.2
2681.2
2681.2
2681.2
2681.2
2681.2
2681.2
2681.2
2681.2
2681.2
2681.2
2681.2
2681.2
2681.2
2681.2
2681.2
2667.2
2667.2
2667.2
