3908
3512
3469.2
3469.2
3417.2
3417.2
3197.6
3125.6
3109.6
2999.6
2911.6
2911.6
2911.6
2911.6
2911.6
2911.6
2899.6
2899.6
2850.4
2850.4
2850.4
2850.4
2850.4
2850.4
2850.4
2850.4
2850.4
2850.4
2850.4
2850.4
2850.4
2850.4
2850.4
2850.4
2577.6
2577.6
2501.6
2195.6
2195.6
2137.6
2137.6
2109.6
1953.6
1953.6
1953.6
1953.6
1953.6
1953.6
1953.6
1953.6
1953.6
1953.6
1953.6
1953.6
1953.6
1953.6
1953.6
1953.6
1953.6
1953.6
1953.6
1953.6
1953.6
1953.6
1953.6
1953.6
1953.6
1953.6
1953.6
1953.6
1953.6
1953.6
1953.6
1953.6
1953.6
1953.6
1953.6
1953.6
1953.6
1953.6
1953.6
1953.6
1953.6
1953.6
1953.6
1953.6
1953.6
1953.6
1953.6
1953.6
1953.6
1953.6
1953.6
1953.6
1953.6
1953.6
1953.6
1953.6
1953.6
1953.6
