11948.8
10698.8
9858.4
9378.4
8990.4
8408.8
8010.4
8010.4
7560.4
7548.4
7486.4
7138.4
7116.4
7116.4
7060.4
7060.4
7060.4
7060.4
7034.8
7034.8
7034.8
7008.8
6960.8
6960.8
6960.8
6960.8
6960.8
6960.8
6960.8
6960.8
6960.8
6960.8
6960.8
6960.8
6960.8
6960.8
6960.8
6960.8
6960.8
6960.8
6960.8
6960.8
6960.8
6960.8
6960.8
6960.8
6960.8
6960.8
6960.8
6960.8
6960.8
6960.8
6960.8
6960.8
6960.8
6960.8
6934.8
6934.8
6934.8
6934.8
6934.8
6934.8
6934.8
6934.8
6934.8
6922.8
6922.8
6922.8
6922.8
6922.8
6922.8
6922.8
6922.8
6922.8
6922.8
6922.8
6922.8
6922.8
6922.8
6922.8
6922.8
6922.8
6922.8
6922.8
6922.8
6922.8
6922.8
6922.8
6922.8
6922.8
6922.8
6922.8
6922.8
6922.8
6922.8
6922.8
6922.8
6922.8
6922.8
6922.8
