11087.6
10485.2
10009.6
10009.6
10009.6
9374.4
9374.4
9374.4
8950
8950
8918.8
8543.6
8400.8
7988.4
7251.2
7251.2
7251.2
7251.2
7251.2
7251.2
7251.2
7251.2
7251.2
7251.2
7251.2
6338.4
6338.4
6338.4
6338.4
5395.6
5395.6
5395.6
5395.6
5395.6
5395.6
5395.6
5395.6
5395.6
5395.6
5395.6
5395.6
5395.6
5395.6
5310.8
5230.8
5230.8
5147.6
5147.6
5147.6
5147.6
5147.6
5147.6
4980.4
4980.4
4980.4
4980.4
4980.4
4508.8
4508.8
4508.8
4508.8
4508.8
4508.8
4508.8
4508.8
4508.8
4508.8
4508.8
4508.8
4508.8
4508.8
4508.8
4508.8
4508.8
4270.4
4264.4
4264.4
4264.4
4264.4
4264.4
4264.4
4264.4
4264.4
4153.2
3919.2
3542.8
3542.8
3542.8
3542.8
3542.8
3542.8
3542.8
3542.8
3542.8
3542.8
3542.8
3542.8
3542.8
3542.8
3542.8
