12796
12796
12796
12160
11684
10523.6
10523.6
10523.6
10523.6
10295.6
10295.6
10295.6
10295.6
9377.6
9284
9010.4
9010.4
9010.4
9010.4
8463.2
7171.2
7171.2
6945.2
6945.2
6945.2
6945.2
6945.2
6945.2
6945.2
6945.2
6945.2
6945.2
6945.2
6945.2
6945.2
6945.2
6945.2
6945.2
6945.2
6945.2
6945.2
6945.2
6945.2
6945.2
6945.2
6945.2
6945.2
6945.2
6945.2
6945.2
6945.2
6945.2
6945.2
6945.2
6945.2
6945.2
6945.2
6945.2
6945.2
6945.2
6945.2
6945.2
6945.2
6945.2
6945.2
6945.2
6945.2
6945.2
6945.2
6945.2
6945.2
6945.2
6945.2
6945.2
6945.2
6945.2
6945.2
6945.2
6945.2
6945.2
6945.2
6945.2
6945.2
6945.2
6945.2
6945.2
6945.2
6945.2
6945.2
6945.2
6945.2
6945.2
6945.2
6945.2
6945.2
6945.2
6945.2
6945.2
6945.2
6945.2
