11270.4
10973.2
10973.2
10792.8
10792.8
10255.6
9715.6
9715.6
9715.6
9715.6
9715.6
9715.6
9533.6
9035.6
8457.6
8457.6
8457.6
8457.6
8457.6
8457.6
8457.6
8384.8
7806.4
7806.4
7806.4
7806.4
7806.4
7806.4
7806.4
7370.4
7216.8
7216.8
7216.8
7216.8
7216.8
6905.2
6877.2
6848.4
6683.2
6683.2
6683.2
6683.2
6683.2
6683.2
6600.4
6394.4
6394.4
6394.4
6394.4
6347.2
6347.2
6347.2
6215.6
6215.6
6215.6
6194.4
6194.4
6194.4
6194.4
6194.4
6194.4
6194.4
6194.4
6194.4
6194.4
6194.4
5997.2
5997.2
5997.2
5976.4
5976.4
5976.4
5934.4
5934.4
5934.4
5934.4
5934.4
5934.4
5934.4
5934.4
5934.4
5934.4
5934.4
5934.4
5934.4
5934.4
5934.4
5814.4
5814.4
5814.4
5604.4
5604.4
5604.4
5604.4
5604.4
5604.4
5604.4
5604.4
5604.4
5604.4
