16057.2
15695.2
15322.8
15259.2
14624.8
13794.8
13626.8
13390.8
13380.8
13264.8
13008.4
12776.4
12776.4
12776.4
12776.4
12776.4
12732
12732
12720
12720
12720
12720
12720
12720
12720
12720
12720
12720
12701.2
12293.2
12293.2
12173.2
12151.2
12145.2
12145.2
12145.2
12145.2
12073.2
12073.2
12073.2
12051.2
12051.2
11883.2
11563.6
11563.6
11563.6
11563.6
11563.6
11563.6
11563.6
11563.6
11563.6
11563.6
11563.6
11563.6
11563.6
11472.8
11472.8
11472.8
11423.6
11423.6
10674
10674
9816.8
9816.8
9816.8
9816.8
9816.8
9816.8
9816.8
9816.8
9816.8
9816.8
9816.8
9816.8
9816.8
9816.8
9816.8
9816.8
9816.8
9816.8
9816.8
9816.8
9816.8
9816.8
9816.8
9816.8
9816.8
9816.8
9816.8
9816.8
9816.8
9816.8
9816.8
9816.8
9816.8
9816.8
9816.8
9816.8
9816.8
