12461.6
11719.6
10972.4
10472.4
10472.4
10421.6
9963.6
9960.4
9787.6
9787.6
9751.6
9751.6
9629.6
9449.6
9449.6
9385.6
9385.6
9229.6
9229.6
9229.6
9229.6
9229.6
9229.6
9229.6
9229.6
9229.6
9229.6
9229.6
9229.6
9229.6
9229.6
9229.6
9229.6
9229.6
9229.6
9229.6
9229.6
9229.6
9229.6
9202
9202
9196
9196
9196
9196
9196
9196
9196
9196
9196
9196
9196
9196
9156
9156
9156
9006.4
9006.4
9006.4
9006.4
8772.4
8772.4
8588.4
8588.4
8588.4
8588.4
8588.4
8588.4
8588.4
8588.4
8588.4
8588.4
8588.4
8588.4
8588.4
8588.4
8588.4
8588.4
8588.4
8588.4
8588.4
8588.4
8588.4
8588.4
8588.4
8588.4
8588.4
8588.4
8588.4
8588.4
8588.4
8588.4
8588.4
8588.4
8588.4
8588.4
8588.4
8588.4
8588.4
8588.4
