19053.6
18128.8
18128.8
18128.8
18095.2
17958.4
17958.4
17958.4
17958.4
17958.4
17446.8
17446.8
17446.8
17357.2
17290
16285.6
16203.6
16203.6
16203.6
16203.6
16203.6
15127.6
15127.6
15127.6
15127.6
15127.6
15127.6
15127.6
15026.4
15026.4
15026.4
14657.6
14657.6
14657.6
14638.8
14638.8
14638.8
14327.2
14229.6
14229.6
14229.6
14229.6
14229.6
14229.6
14229.6
14229.6
14229.6
14229.6
14229.6
14229.6
14229.6
14229.6
14207.2
14207.2
14207.2
14207.2
14207.2
14083.2
14083.2
14083.2
14083.2
14083.2
14013.2
14013.2
13734.8
13734.8
13731.2
13731.2
13731.2
13731.2
13731.2
13731.2
13731.2
13731.2
13731.2
13731.2
13731.2
13446.8
13446.8
13446.8
13446.8
13446.8
13446.8
13446.8
13446.8
13446.8
13446.8
13446.8
13446.8
13446.8
13446.8
13446.8
13446.8
13442.8
13442.8
12872.8
12872.8
12872.8
12872.8
12872.8
