18918.8
18918.8
18778.8
18778.8
18724.8
18210.8
18210.8
18144.8
18144.8
18126.8
18126.8
18126.8
18068.8
18068.8
18068.8
17867.6
17861.6
17715.6
17653.6
17653.6
17653.6
17653.6
17653.6
17653.6
17653.6
17653.6
17653.6
17317.6
17317.6
17317.6
17317.6
17317.6
17317.6
17263.6
17247.6
17247.6
17247.6
16615.6
16399.2
16399.2
16399.2
16399.2
16399.2
16399.2
16399.2
16399.2
16399.2
16399.2
16399.2
16399.2
16399.2
16399.2
16399.2
16399.2
16399.2
16399.2
16399.2
16399.2
16399.2
16399.2
16399.2
16399.2
16399.2
16399.2
16399.2
16399.2
16399.2
16399.2
16399.2
16399.2
16399.2
16399.2
16399.2
16399.2
16399.2
16399.2
16399.2
16399.2
16399.2
16399.2
16399.2
16399.2
16399.2
16399.2
16399.2
16399.2
16399.2
16399.2
16399.2
16399.2
16399.2
16399.2
16399.2
16399.2
16399.2
16399.2
16399.2
16399.2
16399.2
16399.2
