16691.6
16038.8
16038.8
16038.8
13916.4
13916.4
13916.4
13882.4
13882.4
13084.4
13084.4
13084.4
12660.4
12660.4
12384
12384
12384
12384
12384
12384
12384
12384
12384
12384
12384
12384
12384
12384
12384
12367.2
12367.2
12367.2
12254.4
12132.4
12132.4
11976
11976
11976
11976
11976
11976
11976
11952.8
11132
11132
11128
11128
11128
11128
11128
11128
11128
10962
10962
10962
10962
10962
10288.4
10288.4
10288.4
10288.4
10288.4
10288.4
10288.4
10288.4
10288.4
10288.4
10288.4
10288.4
10288.4
10288.4
10288.4
10288.4
10288.4
10288.4
10288.4
10288.4
10288.4
10288.4
10288.4
10288.4
10288.4
10288.4
10288.4
10288.4
10288.4
10288.4
10288.4
10288.4
10288.4
10288.4
10288.4
10288.4
10288.4
10288.4
10288.4
10288.4
10288.4
10288.4
10288.4
