15248.4
15104.4
15104.4
15104.4
14886.4
14666.4
14666.4
14649.6
14649.6
14647.6
14647.6
14341.6
14341.6
14341.6
14341.6
14341.6
14341.6
14341.6
14341.6
14341.6
14341.6
14341.6
14341.6
14341.6
14341.6
14341.6
14112.8
14112.8
14112.8
14112.8
14112.8
14112.8
14048.8
14048.8
14048.8
14048.8
14048.8
14048.8
13994.8
13842.8
13842.8
13842.8
13842.8
13842.8
13724.8
13724.8
13277.6
12587.6
12433.6
12307.6
12307.6
12307.6
12307.6
12307.6
12307.6
12307.6
12307.6
12307.6
12307.6
12307.6
12307.6
12307.6
12307.6
12307.6
12307.6
12307.6
12307.6
12307.6
12253.6
12253.6
12253.6
12253.6
12253.6
12175.6
12175.6
12175.6
12175.6
12175.6
12175.6
12175.6
12115.6
12115.6
11915.6
11915.6
11903.6
11829.6
11732
11732
11732
11596
11596
11596
11596
11596
11596
11596
11596
11596
11596
11596
11596
