34212
29738.4
29376.8
28943.6
25462.4
25058.4
24906.4
24906.4
24388.4
24156.4
23299.2
22987.2
22987.2
22328.8
21929.2
21929.2
21553.2
21380
20732
20604
20598
20362
20172.8
20172.8
19554.8
19554.8
19548.8
19548.8
19548.8
19548.8
19544.8
19368.8
19300.8
19300.8
19300.8
19114.8
19114.8
19114.8
19114.8
19114.8
19114.8
19114.8
19114.8
19114.8
19000.8
18958.8
18932.8
18932.8
18932.8
18932.8
18846.8
18846.8
18846.8
18670.8
18610.8
18610.8
18610.8
18610.8
18596.8
18596.8
18478.4
18478.4
18478.4
18478.4
18478.4
18478.4
18478.4
18478.4
18478.4
18478.4
18478.4
18478.4
18478.4
18478.4
18478.4
18478.4
18478.4
18478.4
18478.4
18478.4
18478.4
18390.4
18390.4
18390.4
18390.4
18380.4
18380.4
18380.4
18348.4
18290.4
18290.4
18290.4
18078
18078
18078
18078
17994
17994
17994
17994
