18660
16263.6
16169.2
16169.2
16169.2
16169.2
15669.2
15669.2
15669.2
14392.4
14392.4
14392.4
14392.4
14392.4
14392.4
13645.2
13645.2
13645.2
13319.6
13319.6
13319.6
13319.6
13025.6
13025.6
12708.4
12708.4
12708.4
12708.4
12678.4
12678.4
12678.4
12678.4
12508.4
12508.4
12508.4
12508.4
12508.4
12500.4
12414.4
12414.4
12414.4
12414.4
12414.4
12414.4
12414.4
12414.4
12414.4
12414.4
12414.4
12414.4
12414.4
12414.4
12414.4
12414.4
12414.4
12414.4
12336.4
12336.4
12336.4
12336.4
12336.4
12336.4
12336.4
12336.4
12336.4
12074.4
12064.4
11960.4
11960.4
11960.4
11960.4
11960.4
11960.4
11960.4
11856.4
11856.4
11856.4
11796.4
11796.4
11796.4
11590.8
11567.2
11565.2
11565.2
11565.2
11565.2
11565.2
11565.2
11565.2
11565.2
11565.2
11565.2
11565.2
11565.2
11565.2
11565.2
11565.2
11563.6
11563.6
11563.6
