37276
37276
37276
36639.6
36639.6
36639.6
36455.6
35792.8
35792.8
35792.8
35053.6
35053.6
35053.6
30236
30236
30140
30140
30140
30140
30140
30140
30140
30140
30140
30096
30096
30096
30096
30096
30096
30096
30096
30096
30096
30096
30096
30096
30096
30096
30096
30096
30096
30096
29540.4
29540.4
29540.4
29540.4
29540.4
29540.4
29438.4
29438.4
29438.4
29438.4
29392.4
29392.4
29392.4
29392.4
29392.4
29392.4
29392.4
29392.4
29392.4
29392.4
29392.4
29392.4
29392.4
29392.4
29392.4
29392.4
29392.4
29392.4
29392.4
29392.4
29392.4
29392.4
29392.4
29392.4
29392.4
29392.4
29392.4
29392.4
28790
28659.2
28659.2
28659.2
28645.2
28645.2
28645.2
28645.2
28645.2
28585.2
28585.2
28585.2
28585.2
28490
28490
28490
28346.8
27926.8
27926.8
