34404.8
29761.2
29761.2
29125.2
29044
28927.2
28927.2
28775.6
27708.4
27694.4
27694.4
27694.4
27616.4
27616.4
27616.4
27046.4
27046.4
27019.2
26694.8
26568.8
26568.8
26568.8
26568.8
26568.8
26568.8
26568.8
26454.8
26454.8
26410.8
26410.8
26384.8
26326.4
26326.4
26288.4
25722.4
25546.4
25336.4
25336.4
25336.4
25336.4
25334.4
25334.4
25318.4
25318.4
25291.6
25291.6
25291.6
24464.8
24464.8
24400.8
24400.8
24400.8
24400.8
24400.8
24400.8
24400.8
24400.8
24400.8
24400.8
24400.8
24400.8
24400.8
24400.8
24400.8
24400.8
24400.8
24400.8
24400.8
24400.8
24400.8
24400.8
24400.8
24400.8
24400.8
24400.8
24400.8
24400.8
24400.8
24400.8
24400.8
24400.8
24400.8
24400.8
24400.8
24400.8
24400.8
24400.8
24400.8
24400.8
24400.8
24400.8
24400.8
24400.8
24400.8
24400.8
24400.8
24400.8
24400.8
24400.8
24400.8
