34638.8
33890
31403.6
31403.6
31134.8
31134.8
31134.8
31134.8
31134.8
31134.8
31134.8
31134.8
31134.8
31134.8
31134.8
30911.6
30911.6
30879.6
30605.6
30605.6
30605.6
30520
30520
30520
30520
30520
30520
30520
30520
30520
30520
30520
30520
30520
30482
30482
30482
30482
30482
30482
30482
30482
30482
30482
30482
30482
30482
30482
30482
30482
30482
30482
30482
30482
30482
30482
30482
30482
30482
30482
30482
30482
30456
30456
30456
30456
30456
30456
30456
30456
30456
30456
30456
30456
30456
30456
28172
28172
28172
28172
28172
28172
28172
28172
25753.6
25028.8
25028.8
25028.8
25028.8
25028.8
25028.8
25028.8
25028.8
25028.8
25028.8
25028.8
25028.8
25028.8
25028.8
25028.8
