38694.8
36392.8
34630.8
33755.2
31696.8
30096
29660.4
29126.4
29126.4
29028.4
28528.4
28528.4
28528.4
28514.4
28514.4
28514.4
27253.6
27153.6
27153.6
27153.6
27153.6
26969.6
26969.6
26969.6
26479.6
26479.6
26352.4
26351.6
26142.4
25500.4
25500.4
25500.4
25500.4
25500.4
25054
25054
25054
24770
24770
24770
24770
24770
24770
24770
24770
24770
24770
24770
24770
24770
24720
24720
24720
24720
24720
24720
24130.4
24130.4
24130.4
24130.4
24130.4
24130.4
24130.4
23960.4
23960.4
23598.4
23598.4
23598.4
23534.4
23534.4
23534.4
23534.4
23534.4
23534.4
23500.4
23500.4
23458.4
23458.4
23458.4
23458.4
23458.4
23458.4
23458.4
23458.4
23458.4
23458.4
23458.4
23458.4
23458.4
23458.4
23458.4
23458.4
23458.4
23458.4
23458.4
23458.4
23458.4
23458.4
23458.4
23458.4
