33412
33404
33404
33404
33404
33404
33404
33404
33404
33404
33404
33404
33404
33404
33404
33404
33404
33404
33404
33404
33404
33404
33404
33404
33404
33404
33404
33404
33404
33404
33404
33404
33404
33404
33404
33404
33404
33404
33404
33404
33404
33404
33404
33404
33404
33404
33404
33404
33404
33404
33404
33404
33404
33404
33404
33404
33404
33404
33404
33404
33404
33404
33404
33404
33404
33404
33404
33404
33404
33404
33404
33404
33404
33404
33404
33404
33404
33404
33404
33404
33404
33404
33404
33404
33404
33404
33404
33404
33404
33404
33404
33404
33404
33404
33404
33404
33404
33404
33404
33404
