32343.2
31149.6
27839.6
27839.6
27402.4
26694.8
25674.8
25674.8
25674.8
25347.2
25219.2
25219.2
25103.2
24965.2
24709.2
24179.2
22790
22471.6
22375.6
22375.6
22375.6
22375.6
22375.6
22375.6
21886.8
21216.4
21216.4
20313.6
20063.6
20063.6
20063.6
20063.6
19687.2
18895.2
18760.4
18760.4
18760.4
18760.4
18760.4
18750.4
18750.4
18750.4
18750.4
18750.4
18750.4
18750.4
18750.4
18750.4
18750.4
18750.4
18750.4
18750.4
18750.4
18750.4
18750.4
18531.6
18395.6
18277.6
18277.6
18277.6
18277.6
18277.6
18277.6
18277.6
18277.6
18277.6
18277.6
18277.6
18277.6
18277.6
18277.6
18206.4
18206.4
18102.4
18102.4
18102.4
18102.4
18102.4
18102.4
18102.4
18102.4
18102.4
18102.4
18102.4
18102.4
18102.4
18102.4
18102.4
18102.4
18102.4
18102.4
18102.4
18102.4
18102.4
18102.4
18102.4
18102.4
18102.4
18090.4
17768.4
