36572
36572
36572
34372.8
34372.8
34372.8
34372.8
34372.8
34372.8
34372.8
34030.8
34030.8
34030.8
33198
33192
32088
32088
31685.6
31685.6
31685.6
30800.4
30800.4
30647.2
29779.6
27621.6
27621.6
27621.6
27621.6
27621.6
27621.6
27621.6
25794.8
25794.8
25794.8
25794.8
25794.8
25794.8
25794.8
25794.8
25794.8
25794.8
25794.8
25748.4
25748.4
25748.4
25004.8
25004.8
24918.8
24918.8
24918.8
24918.8
24918.8
24918.8
24918.8
24918.8
24918.8
24918.8
24918.8
24612.8
24170
24170
24170
23958.8
23958.8
23958.8
23214.8
23214.8
23214.8
23214.8
23214.8
23214.8
23214.8
23214.8
23214.8
23214.8
23214.8
23214.8
23214.8
23214.8
23121.6
23121.6
22557.6
22479.6
22382.8
22382.8
22299.6
22299.6
22299.6
22299.6
22299.6
22241.6
22241.6
22241.6
22241.6
22241.6
22241.6
22241.6
22241.6
22241.6
22241.6
