11215.2
11215.2
10954.4
10792.4
10408.4
10408.4
10324.4
10192.4
10192.4
10192.4
10192.4
10148.4
10148.4
10148.4
8349.2
8349.2
8349.2
8349.2
8349.2
8349.2
8349.2
8259.2
8259.2
8259.2
8259.2
8149.2
8075.2
8043.2
8043.2
8043.2
8043.2
8043.2
8043.2
8043.2
8043.2
8043.2
8043.2
8043.2
8043.2
8043.2
8043.2
8043.2
8043.2
8043.2
8043.2
8043.2
8043.2
8043.2
8043.2
8043.2
7971.2
7971.2
7971.2
7971.2
7971.2
7971.2
7971.2
7971.2
7971.2
7971.2
7971.2
7971.2
7971.2
7971.2
7971.2
7971.2
7971.2
7971.2
7971.2
7971.2
7971.2
7971.2
7971.2
7971.2
7971.2
7971.2
7971.2
7971.2
7971.2
7971.2
7681.2
7681.2
7681.2
7681.2
7681.2
7681.2
7609.2
7609.2
7609.2
7609.2
7609.2
7609.2
7609.2
7609.2
7609.2
7609.2
7609.2
7609.2
7609.2
7609.2
