14445.6
12855.2
12855.2
12855.2
12855.2
12855.2
12855.2
12691.2
12343.2
12241.2
11779.2
11779.2
11467.2
11391.2
11391.2
11391.2
11391.2
11391.2
11391.2
11391.2
11391.2
11391.2
11391.2
11391.2
11391.2
11391.2
11391.2
11391.2
11353.6
11353.6
11353.6
11353.6
11353.6
11353.6
11353.6
11353.6
11353.6
11353.6
11353.6
11353.6
11353.6
11353.6
11353.6
11353.6
11353.6
11353.6
11353.6
11353.6
11353.6
11353.6
11353.6
11353.6
11353.6
11353.6
11353.6
11353.6
11353.6
11353.6
11353.6
11353.6
11353.6
11353.6
11233.2
11095.2
11095.2
11095.2
11095.2
11095.2
10696
10696
10560
10560
10560
10560
10560
10556
10556
10556
10556
10556
10354
10354
10354
10354
10354
10354
10354
10354
10354
10354
10354
10354
10354
10354
10354
10354
10354
10354
10354
10354
