11162.4
9861.2
9861.2
9861.2
9861.2
9861.2
9861.2
9861.2
9861.2
9861.2
9861.2
9861.2
9861.2
9861.2
9861.2
9861.2
9861.2
9861.2
9861.2
9861.2
9861.2
9861.2
9861.2
9861.2
9861.2
9861.2
9861.2
9861.2
9861.2
9861.2
9861.2
9861.2
9861.2
9623.2
9623.2
9623.2
9623.2
9623.2
9623.2
9623.2
9623.2
9623.2
9606.8
9606.8
9606.8
9561.6
9561.6
9318
9318
9318
9318
9318
9318
9318
9318
9318
9318
9318
9318
9318
9318
9318
9027.6
9027.6
9027.6
8996
8996
8887.2
8887.2
8887.2
8887.2
8887.2
8887.2
8887.2
8887.2
8887.2
8887.2
8778
8778
8778
8778
8778
8778
8778
8778
8776.8
8776.8
8696
8696
8696
8696
8668.8
8668.8
8580.8
8580.8
8580.8
8580.8
8580.8
8580.8
8580.8
