14439.6
10698
10606
9896.4
9406.4
9406.4
9406.4
8879.6
8879.6
8879.6
8831.6
8831.6
8194
8194
8194
8194
8082
8082
8082
8082
8082
8082
8082
8082
8030
8030
8030
8030
8030
8030
8030
8030
8030
8030
8030
8030
8030
7948
7768
7678
7580
7498
7448
7394
7340
7252
7252
7252
7252
7252
7252
7252
7252
7252
7252
7220
7220
7118
7118
7118
7118
7118
7118
7118
7118
7118
7118
7118
7118
7118
7118
7118
7118
7118
7118
7118
7118
7118
7118
7118
7118
7118
7118
7118
7118
7118
7118
7118
7118
7118
7118
7118
7118
7118
7118
7118
7118
7118
7118
7118
