13540.4
12938.4
11448.4
10610.4
10610.4
10552.8
10552.8
10478.8
10380.8
10380.8
10352.4
10352.4
10352.4
10352.4
10338.4
10338.4
10338.4
10338.4
10338.4
9986
9935.2
9935.2
9935.2
9927.2
9927.2
9927.2
9927.2
9927.2
9927.2
9851.2
9817.2
9703.2
9651.2
9651.2
9651.2
9651.2
9651.2
9651.2
9651.2
9651.2
9641.2
9641.2
9495.2
9459.2
9459.2
9459.2
9459.2
9459.2
9459.2
9459.2
9459.2
9459.2
9459.2
9459.2
9459.2
9459.2
9459.2
9459.2
9459.2
9459.2
9459.2
9459.2
9459.2
9459.2
9459.2
9459.2
9459.2
9459.2
9459.2
9459.2
9323.2
9323.2
9323.2
9323.2
9323.2
9323.2
9323.2
9323.2
9323.2
9323.2
9323.2
9323.2
9323.2
9323.2
9323.2
9323.2
9323.2
9323.2
9323.2
9323.2
9323.2
9323.2
9323.2
9323.2
9323.2
9323.2
9323.2
9323.2
9323.2
9323.2
