26346.8
24468.4
24468.4
23942.4
23725.6
17470.4
15767.2
14676.4
14134
14134
14134
14134
14134
14134
14134
14134
14134
14134
14130
14130
14130
14130
14130
14102.4
14102.4
14102.4
14102.4
14102.4
14102.4
14102.4
14102.4
14102.4
14102.4
14102.4
13946.4
13864.4
13864.4
13760.4
13422.8
13288
13288
13288
13288
13288
13288
13284
13284
13284
13122
13122
13122
13122
13122
13122
13122
13040.8
13040.8
13018.8
13018.8
13018.8
13018.8
13018.8
13018.8
13018.8
13018.8
13016.8
13016.8
13016.8
13016.8
12768.8
12768.8
12768.8
12664.4
12664.4
12664.4
12664.4
12664.4
12664.4
12664.4
12564.4
12564.4
12450.4
12450.4
12450.4
12450.4
12450.4
12314.4
12314.4
12314.4
12314.4
12314.4
12314.4
12314.4
12314.4
12314.4
12314.4
12314.4
12314.4
12232.4
12232.4
