31854
26684
26443.6
26417.6
26355.6
25239.6
25080
25000
24984
24552
24528
24504
24362
24210
24210
24010
24010
23498
23498
23498
23498
23321.2
23209.2
23209.2
23209.2
23127.6
23121.2
23121.2
23085.2
22941.2
22941.2
22627.2
22559.2
22559.2
22425.2
22425.2
22417.2
22417.2
22417.2
22417.2
22417.2
22142.4
21974.4
21120
21006.4
21006.4
20946.4
20946.4
20936.4
20936.4
20878.4
20878.4
20534.4
20534.4
20534.4
20534.4
20534.4
20500.4
20500.4
20500.4
20500.4
20500.4
20500.4
20360.4
20360.4
20360.4
20360.4
20318.4
20318.4
20318.4
20318.4
20318.4
20318.4
20318.4
20318.4
20318.4
20318.4
20318.4
20318.4
20318.4
20318.4
20318.4
20318.4
20318.4
20318.4
20318.4
20318.4
20318.4
20318.4
20318.4
20318.4
20318.4
20318.4
20318.4
20318.4
20318.4
20318.4
20318.4
20318.4
20318.4
