25992.4
24969.6
23054.8
22528.8
22528.8
22116.4
22010.4
22010.4
22010.4
22010.4
21962.4
21962.4
21962.4
21863.2
21863.2
21863.2
21863.2
21688.4
21688.4
21688.4
21616.4
20623.6
20623.6
19506.8
19452.4
19452.4
19452.4
19452.4
19452.4
19452.4
19452.4
19452.4
19448.4
19448.4
19448.4
19448.4
19448.4
19448.4
19448.4
19448.4
19448.4
19448.4
19448.4
19448.4
19448.4
19402.4
19402.4
19402.4
19402.4
19400.4
19400.4
19400.4
19400.4
19400.4
19400.4
19400.4
19400.4
19400.4
19400.4
19400.4
19400.4
19400.4
19400.4
19400.4
19400.4
19400.4
19400.4
19400.4
19400.4
19400.4
19400.4
19400.4
19400.4
19400.4
19289.6
19289.6
19289.6
19289.6
19061.6
18467.6
18467.6
18467.6
18467.6
18467.6
18467.6
18467.6
18467.6
18467.6
18467.6
18467.6
18467.6
18467.6
18446.8
18446.8
18446.8
18446.8
18282.8
18282.8
18282.8
18282.8
18282.8
