16467.2
16026.8
15434.8
14694.8
14037.6
13591.6
11732.8
10829.6
10713.6
10713.6
10713.6
10713.6
10713.6
10713.6
10681.6
10671.6
10611.6
10611.6
10303.6
10246.8
10246.8
10246.8
9806.8
9806.8
9529.2
9529.2
9529.2
9175.2
9175.2
9175.2
9175.2
9175.2
9175.2
9175.2
9058
9058
9058
9058
9058
9058
9058
9058
9058
9058
9058
9058
8976
8976
8976
8976
8976
8976
8976
8976
8976
8976
8976
8976
8976
8976
8976
8976
8976
8976
8976
8976
8976
8976
8976
8976
8976
8976
8976
8976
8976
8976
8976
8976
8976
8976
8976
8976
8976
8976
8976
8976
8976
8976
8976
8976
8976
8976
8976
8976
8976
8976
8976
8976
8976
8976
