20636.8
20636.8
18475.6
18475.6
18475.6
17624
17624
17624
17624
17624
16064.8
16064.8
13383.2
13383.2
13383.2
13383.2
13383.2
13383.2
13383.2
13379.2
13379.2
13379.2
12254.8
12254.8
12254.8
12254.8
12254.8
12254.8
12254.8
12254.8
12254.8
12254.8
10846.4
10846.4
10846.4
10846.4
10846.4
9947.6
9202.4
9202.4
9202.4
9202.4
9202.4
9202.4
9202.4
9202.4
9202.4
9202.4
9202.4
9202.4
8870.8
8870.8
8726.8
8696.8
8696.8
8696.8
8696.8
8696.8
8696.8
8696.8
8696.8
8696.8
8696.8
8696.8
8696.8
8696.8
8696.8
8696.8
8696.8
8696.8
8696.8
8696.8
8696.8
8696.8
8696.8
8696.8
8696.8
8696.8
8696.8
8696.8
8696.8
8696.8
8696.8
8635.2
8635.2
8635.2
8529.2
8529.2
8529.2
8529.2
8529.2
8529.2
8529.2
8529.2
8529.2
8529.2
8529.2
8529.2
8529.2
8529.2
