31257.6
27925.2
24999.2
24971.2
24899.2
23759.2
23759.2
23597.2
23591.2
23319.2
22647.2
22099.2
21038.8
20780
20432
20380
20132
19806
19678
19169.2
18903.2
18903.2
18877.2
18259.2
18257.2
18257.2
18207.2
18207.2
18207.2
18207.2
17951.2
17951.2
17937.2
17937.2
17937.2
17937.2
17895.2
17821.2
17821.2
17821.2
17821.2
17821.2
17805.2
17805.2
17805.2
17773.2
17773.2
17773.2
17773.2
17773.2
17773.2
17773.2
17773.2
17773.2
17773.2
17735.2
17735.2
17735.2
17735.2
17533.6
17533.6
17533.6
17533.6
17431.6
17431.6
17431.6
17431.6
17431.6
17431.6
17431.6
17431.6
17431.6
17431.6
17328.4
17328.4
17328.4
17328.4
17328.4
16602
15982
15898
15742
15742
15742
15742
15698
15698
15682
15682
15682
15408
15408
15408
15408
15408
15408
15408
15408
15408
15408
