28136.4
20513.2
20513.2
17310.8
16304
15893.6
15468.4
14623.2
14623.2
14257.6
13804.8
13750.4
13597.6
13451.6
13259.6
13121.6
13121.6
12939.6
12939.6
12600
12600
12600
12212.8
12212.8
12167.2
11785.2
11785.2
11703.2
11703.2
11585.2
11585.2
11585.2
11585.2
11507.2
11507.2
10738
10562
10562
10562
10548
10548
10538
10538
10538
10538
10538
10538
10538
10538
10538
10538
10538
10538
10538
10538
10538
10538
10538
10420
10420
10410
10410
10410
10410
10410
10410
10410
10410
10372
10372
10372
10372
10372
10372
10372
10372
10372
10372
10372
10372
10372
10372
10372
10372
10372
10372
10372
10372
10372
10372
10372
10372
10372
10372
10372
10372
10372
10372
10372
10372
