34728.8
33875.2
32407.2
30330
30312
28796.4
28796.4
28796.4
28796.4
28796.4
28775.2
28728.4
28234.4
28234.4
28234.4
28234.4
28234.4
28234.4
26855.2
26855.2
26855.2
26855.2
26723.2
26723.2
26723.2
26039.2
26039.2
25973.2
25691.2
25691.2
25691.2
25691.2
25691.2
25691.2
25627.2
25627.2
25627.2
25627.2
25627.2
25627.2
25627.2
25627.2
25627.2
25627.2
25627.2
25627.2
25627.2
25565.2
25565.2
25565.2
25565.2
25565.2
25565.2
25565.2
25565.2
25565.2
25565.2
25565.2
25565.2
25565.2
25565.2
25565.2
25565.2
25565.2
25565.2
25565.2
25565.2
25565.2
25565.2
25565.2
25565.2
25565.2
25565.2
25565.2
25565.2
25565.2
25565.2
25565.2
25565.2
25565.2
25540.4
25540.4
25540.4
25540.4
25540.4
25540.4
25540.4
25540.4
25540.4
25540.4
25540.4
25540.4
25540.4
25540.4
25540.4
25540.4
25186
25186
25186
25186
