18509.2
18509.2
18509.2
18332.8
18332.8
18332.8
18332.8
18256.8
18256.8
18256.8
18256.8
17847.6
17740.8
17740.8
17254.8
16306.8
16306.8
16306.8
16306.8
16170.8
16158
16158
15833.2
15833.2
15833.2
15833.2
15833.2
15767.2
15740.4
15734.4
15734.4
15734.4
15734.4
15734.4
15734.4
15734.4
15734.4
15734.4
15734.4
15734.4
15734.4
15734.4
15734.4
15734.4
15734.4
15734.4
15734.4
15734.4
15734.4
15734.4
15734.4
15734.4
15734.4
15734.4
15734.4
15734.4
15734.4
15734.4
15734.4
15734.4
15734.4
15734.4
15734.4
15734.4
15734.4
15734.4
15734.4
15678.8
15678.8
15678.8
15678.8
15678.8
15666.8
15650.8
15650.8
15650.8
15650.8
15650.8
15650.8
15650.8
15650.8
15650.8
15650.8
15650.8
15650.8
15584.8
15584.8
15584.8
15584.8
15584.8
15584.8
15584.8
15584.8
15584.8
15584.8
15584.8
15584.8
15584.8
15584.8
15584.8
