35057.6
33418.8
33144
33144
33144
32903.2
31859.2
27824.8
27824.8
27824.8
27824.8
27824.8
27824.8
27824.8
27824.8
27824.8
27824.8
27824.8
27824.8
27824.8
27824.8
27824.8
26994.8
26695.6
26591.6
26591.6
25250.8
25250.8
25250.8
25250.8
25250.8
25250.8
25250.8
25250.8
25250.8
25250.8
25250.8
25250.8
25250.8
25250.8
25166.8
25166.8
25166.8
25166.8
25002.4
25002.4
24247.2
24247.2
24247.2
24247.2
24247.2
24247.2
24247.2
24247.2
24247.2
24247.2
24247.2
24247.2
24247.2
24247.2
24247.2
24247.2
24247.2
24247.2
24247.2
24113.2
24113.2
24113.2
23856.4
23856.4
23522.8
23226.4
23226.4
23226.4
23226.4
23226.4
23226.4
23226.4
23226.4
23226.4
23226.4
23226.4
23226.4
23226.4
23076.4
23076.4
23076.4
23000.4
23000.4
23000.4
23000.4
23000.4
23000.4
23000.4
22794.4
22794.4
22794.4
22794.4
22794.4
22794.4
