35856.4
32068
32068
32068
30843.6
28364.4
27078
27078
27078
26382
26382
26302
26302
26089.2
26089.2
24693.2
24693.2
23440.4
23440.4
23434.4
23346.4
23346.4
23346.4
23346.4
23346.4
23346.4
23346.4
22751.6
22751.6
22751.6
22735.6
22507.6
22507.6
22507.6
22507.6
22237.6
22237.6
22237.6
22143.6
22143.6
22118.4
22026.4
22026.4
22026.4
22026.4
22026.4
21850.4
21502
21502
20613.6
20339.6
20339.6
20339.6
20339.6
20339.6
20279.6
20279.6
20279.6
20279.6
20279.6
20279.6
20279.6
20279.6
20239.6
20239.6
20239.6
20239.6
20239.6
20239.6
20239.6
20129.6
20129.6
20129.6
20129.6
20129.6
20129.6
20129.6
20129.6
20129.6
20129.6
20129.6
20129.6
20129.6
20129.6
20129.6
20129.6
20129.6
19718.8
19718.8
19718.8
19718.8
19718.8
19718.8
19718.8
19718.8
19558.8
19558.8
19558.8
19552.4
19552.4
