29936.4
28756.8
27500.4
27500.4
27500.4
25028
25028
23529.2
23529.2
23529.2
23529.2
23360.4
22210
22210
22210
21950.4
21950.4
21536.4
21536.4
20768.8
20768.8
19491.2
19196
19196
18819.2
18819.2
18819.2
18697.2
18697.2
18697.2
18697.2
18388
18388
18388
18388
18358
18198
18198
18098.8
18098.8
18098.8
18098.8
18062.8
18050.4
18034
18034
18034
17946.4
17946.4
17946.4
17772.8
17750.4
17750.4
17750.4
17620.8
17620.8
17620.8
17620.8
17560.4
17560.4
17560.4
17560.4
17560.4
17560.4
17560.4
17560.4
17560.4
17560.4
17560.4
17560.4
17560.4
17560.4
17560.4
17560.4
17560.4
17560.4
17560.4
17560.4
17560.4
17560.4
17560.4
17560.4
17560.4
17518
17518
17518
17518
17518
17432
17432
17146
17146
17146
17146
17138
17138
17138
17138
17138
17138
