16192.4
15809.2
14849.2
14849.2
14849.2
14849.2
14849.2
14849.2
14849.2
14849.2
14849.2
14849.2
14849.2
14849.2
14849.2
14849.2
14849.2
14849.2
14849.2
14849.2
14849.2
14849.2
14849.2
14849.2
14849.2
14849.2
14849.2
14849.2
14849.2
14849.2
14849.2
14849.2
14849.2
14849.2
14849.2
14849.2
14849.2
14849.2
14849.2
14849.2
14849.2
14849.2
14849.2
14849.2
14849.2
14849.2
14849.2
14849.2
14849.2
14849.2
14849.2
14849.2
14849.2
14849.2
14849.2
14849.2
14849.2
14849.2
14849.2
14849.2
14849.2
14849.2
14849.2
14849.2
14849.2
14849.2
14849.2
14849.2
14849.2
14849.2
14849.2
14849.2
14849.2
14849.2
14849.2
14849.2
14849.2
14849.2
14849.2
14849.2
14849.2
14849.2
14849.2
14849.2
14849.2
14849.2
14849.2
14849.2
14849.2
14849.2
14849.2
14849.2
14849.2
14849.2
14849.2
14849.2
14849.2
14849.2
14849.2
14849.2
