121194
111224
104302
104073
103886
103268
97614.4
97614.4
97614.4
93674
93674
91432.8
90600.8
90600.8
90304.8
88467.6
88430.4
88430.4
88430.4
88430.4
87705.2
84659.6
84595.6
84595.6
84595.6
84595.6
84595.6
84595.6
84595.6
84595.6
84595.6
84595.6
84595.6
84595.6
83505.2
82616.8
82069.6
82069.6
82069.6
82069.6
82000
82000
81826
81826
81826
81826
81826
81826
81600.8
81600.8
81600.8
81585.2
81508
81508
81508
81508
81508
81350
81031.6
81031.6
81031.6
80729.6
80729.6
80729.6
80635.2
80635.2
80635.2
80635.2
80635.2
80635.2
80635.2
80635.2
80635.2
80635.2
80635.2
80635.2
80635.2
80635.2
80635.2
80635.2
80635.2
79382.8
79073.2
79073.2
79063.6
79063.6
78840.4
78840.4
78840.4
78306.4
77832.8
77832.8
77832.8
77832.8
77832.8
77832.8
77832.8
77832.8
77832.8
77832.8
