94673.6
87406.8
87406.8
87406.8
87406.8
84090.8
81634.8
81634.8
81634.8
81634.8
81634.8
81634.8
81634.8
81634.8
78922
78922
78922
78922
78484.4
78245.6
78245.6
78157.6
78117.6
78117.6
78117.6
78117.6
78117.6
78117.6
78117.6
78117.6
78117.6
78117.6
78117.6
78117.6
78020
78020
77887.6
77589.6
77577.6
75500.4
75500.4
75500.4
75306.4
75306.4
75306.4
75306.4
74052
74052
74052
74052
74052
74052
74052
74052
74052
74052
73878
73780
73546
73546
73532
73532
73140
73140
72115.6
72115.6
72115.6
72115.6
72115.6
72115.6
72115.6
72115.6
72115.6
72115.6
71594
71594
70739.2
70074
70074
70074
70074
70074
69757.6
69497.6
68984.4
68984.4
68626.8
68626.8
68626.8
68272.8
68011.2
68011.2
68011.2
68011.2
67879.2
67879.2
67797.6
67797.6
65711.2
65711.2
