118390
101038
93980.8
87592.8
87592.8
87592.8
87592.8
87592.8
87592.8
83764.4
83764.4
83764.4
83764.4
83764.4
83764.4
83764.4
83764.4
83343.2
83343.2
83343.2
83343.2
70799.6
70799.6
70799.6
70799.6
70799.6
70799.6
70799.6
70799.6
70799.6
70799.6
67058.4
67058.4
67058.4
61036.4
61036.4
61036.4
61036.4
58021.6
58021.6
58021.6
58021.6
58021.6
58021.6
58021.6
58021.6
58021.6
58021.6
58021.6
55170.8
55170.8
55170.8
55170.8
55170.8
55110.8
55110.8
55110.8
55110.8
55110.8
55110.8
55110.8
54853.2
54853.2
54853.2
54853.2
54853.2
54853.2
54853.2
54853.2
54853.2
54759.6
54759.6
54759.6
54759.6
54759.6
54759.6
54759.6
54208.8
54208.8
54208.8
54208.8
54208.8
54208.8
54208.8
53786.4
53786.4
53505.2
51434.8
51434.8
51434.8
51434.8
51434.8
51434.8
51434.8
51434.8
51434.8
51434.8
51434.8
51434.8
51434.8
