113818
99675.2
97898
89168.4
89078.4
61746.4
61563.6
61465.6
59075.2
58703.2
58703.2
58703.2
58633.2
57216
57216
57036.4
56626.4
56626.4
56626.4
56352.4
56352.4
56095.2
56095.2
56095.2
56060.4
56060.4
56054.4
56054.4
56054.4
56034.4
56034.4
56034.4
56034.4
56034.4
55982.4
55982.4
55982.4
55982.4
55982.4
55982.4
55982.4
55982.4
55982.4
55982.4
55874.4
55874.4
55874.4
55874.4
55874.4
55874.4
55874.4
55874.4
55874.4
55874.4
55874.4
55874.4
55874.4
55874.4
55874.4
55874.4
55874.4
55874.4
55874.4
55874.4
55874.4
55874.4
55786.4
55786.4
55786.4
55786.4
55786.4
55786.4
55786.4
55786.4
55786.4
55786.4
55786.4
55786.4
55786.4
55786.4
55786.4
55786.4
55786.4
55786.4
55786.4
55786.4
55786.4
55786.4
55786.4
55786.4
55786.4
55786.4
55786.4
55786.4
55786.4
55786.4
55786.4
55786.4
55786.4
55786.4
