6050.4
5482
5372.4
5372.4
5349.6
5145.2
4864
4864
4864
4793.2
4776
4420
4115.6
4115.6
4115.6
4115.6
4115.6
4115.6
4115.6
4115.6
4115.6
4115.6
4115.6
4115.6
4115.6
4115.6
4115.6
4112.8
4112.8
3685.6
3685.6
3685.6
3685.6
3685.6
3683.6
3683.6
3683.6
3683.6
3683.6
3683.6
3619.6
3619.6
3619.6
3619.6
3619.6
3619.6
3619.6
3619.6
3619.6
3619.6
3619.6
3619.6
3619.6
3592
3592
3592
3435.6
3435.6
3435.6
3435.6
3435.6
3435.6
3435.6
3435.6
3435.6
3435.6
3435.6
3435.6
3435.6
3435.6
3435.6
3435.6
3435.6
3435.6
3435.6
3435.6
3435.6
3435.6
3435.6
3435.6
3435.6
3435.6
3435.6
3435.6
3435.6
3435.6
3435.6
3435.6
3435.6
3435.6
3435.6
3435.6
3435.6
3435.6
3378
3326
3326
3326
3326
3326
