7429.2
6163.6
6163.6
5947.6
5739.6
5739.6
5739.6
5739.6
5739.6
5739.6
5739.6
5739.6
5739.6
5739.6
5739.6
5739.6
5739.6
5739.6
5739.6
5739.6
5739.6
5739.6
5739.6
5739.6
5739.6
5739.6
5739.6
5739.6
5739.6
5739.6
5739.6
5739.6
5539.6
5539.6
5529.6
4626
4626
4290
4290
4290
4290
4290
4290
4290
4290
4290
4290
4290
4290
4290
4255.6
4255.6
4255.6
4255.6
4255.6
4255.6
4228.8
4228.8
4228.8
4228.8
4228.8
4228.8
4228.8
4228.8
4228.8
4228.8
4228.8
4228.8
4228.8
4228.8
4228.8
4228.8
4228.8
4228.8
4228.8
4228.8
4228.8
4228.8
4228.8
4228.8
4228.8
4228.8
4228.8
4228.8
4228.8
4228.8
4228.8
4228.8
4228.8
4228.8
4228.8
4228.8
4228.8
4228.8
4228.8
4228.8
4206.8
4206.8
4206.8
4206.8
