5450.4
5124.4
4264
3650.8
3127.2
3063.2
3055.2
3025.2
2647.2
2559.2
2467.2
2455.2
2455.2
2395.2
2329.2
2329.2
2329.2
2329.2
2329.2
2304
2304
2304
2304
2304
2304
2304
2304
2294
2294
2294
2294
2294
2294
2140.8
2140.8
2100
2100
2100
2100
2100
2100
2100
2100
2100
2100
2100
2100
2100
2100
2100
2100
2100
2100
2100
2100
2100
2100
2100
2100
2100
2100
2100
2100
2100
2100
2100
2100
2100
2100
2100
2100
2100
2100
2100
2100
2100
2100
2100
2100
2100
2100
2100
2100
2100
2100
2100
2100
2100
2100
2100
2100
2100
2100
2100
2100
2100
2100
2100
2100
2100
