6265.2
5572
5056
4794.8
4376.8
4238.8
4216.4
4122.4
4122.4
4122.4
4057.6
3757.6
3521.6
3453.6
3323.6
3277.6
3125.6
3109.6
3109.6
3109.6
3109.6
3109.6
3109.6
3109.6
3109.6
3109.6
3109.6
3109.6
3109.6
3109.6
3109.6
3109.6
3109.6
3109.6
3109.6
3109.6
3109.6
3109.6
3109.6
3109.6
3109.6
3109.6
3109.6
3109.6
3109.6
3109.6
3109.6
3109.6
3109.6
3109.6
3109.6
3109.6
3109.6
3109.6
3109.6
3109.6
3109.6
3109.6
3109.6
3109.6
3109.6
3109.6
3109.6
3109.6
3109.6
3109.6
3109.6
3109.6
3109.6
3109.6
3109.6
3109.6
3109.6
3109.6
3109.6
3109.6
3109.6
3109.6
3109.6
3109.6
3109.6
3109.6
3109.6
3109.6
3109.6
3109.6
3109.6
3109.6
3109.6
3109.6
3109.6
3109.6
3109.6
3109.6
3109.6
3109.6
3109.6
3109.6
3109.6
3109.6
