7376.4
6862.8
6862.8
6862.8
6578.8
6578.8
6548.4
6548.4
6548.4
6548.4
6548.4
6410
4746.4
4738.4
4738.4
4738.4
4738.4
4738.4
4738.4
4738.4
4738.4
4738.4
4738.4
4738.4
4738.4
4738.4
4672.4
4672.4
4672.4
4672.4
4672.4
4672.4
4672.4
4672.4
4672.4
4672.4
4672.4
4672.4
4672.4
4672.4
4672.4
4672.4
4672.4
4672.4
4672.4
4672.4
4672.4
4672.4
4672.4
4672.4
4672.4
4672.4
4672.4
4672.4
4672.4
4672.4
4672.4
4672.4
4672.4
4672.4
4672.4
4672.4
4672.4
4672.4
4672.4
4672.4
4672.4
4672.4
4672.4
4672.4
4612.8
4612.8
4612.8
4612.8
4612.8
4612.8
4612.8
4612.8
4612.8
4612.8
4612.8
4612.8
4612.8
4612.8
4612.8
4612.8
4612.8
4612.8
4612.8
4612.8
4612.8
4612.8
4612.8
4612.8
4612.8
4612.8
4612.8
4612.8
4612.8
4612.8
