5738
3112
3112
3112
3112
2798
2798
2798
2798
2798
2794
2794
2794
2794
2794
2794
2794
2794
2794
2794
2794
2794
2794
2794
2794
2794
2794
2794
2790
2790
2790
2790
2790
2790
2790
2696
2696
2696
2696
2696
2696
2696
2696
2696
2696
2696
2696
2696
2696
2696
2696
2696
2696
2696
2696
2696
2696
2696
2696
2696
2696
2696
2696
2696
2696
2696
2696
2696
2696
2696
2696
2696
2696
2696
2696
2696
2696
2696
2696
2696
2696
2696
2696
2696
2696
2696
2696
2696
2696
2696
2696
2696
2696
2696
2696
2696
2696
2696
2696
2696
