7189.2
6513.2
6067.2
5422
5300
5300
5300
5300
4945.2
4809.2
4809.2
4809.2
4781.2
4452
4452
4452
4452
4452
4452
4452
4452
4452
4452
4452
4452
4452
4452
4390.8
4390.8
4390.8
4390.8
4390.8
4390.8
4248.8
4248.8
4248.8
4248.8
4178.4
3980.4
3865.2
3865.2
3865.2
3865.2
3865.2
3865.2
3865.2
3865.2
3865.2
3865.2
3865.2
3865.2
3865.2
3865.2
3865.2
3865.2
3865.2
3865.2
3865.2
3865.2
3865.2
3865.2
3865.2
3865.2
3865.2
3865.2
3865.2
3865.2
3865.2
3865.2
3865.2
3865.2
3865.2
3865.2
3865.2
3865.2
3865.2
3865.2
3865.2
3865.2
3865.2
3865.2
3865.2
3865.2
3865.2
3865.2
3865.2
3608
3608
3608
3608
3608
3608
3608
3608
3608
3608
3608
3608
3608
3608
