13661.6
8043.2
7666.8
7666.8
7666.8
6934.4
6934.4
6934.4
6370.4
6370.4
6055.6
6055.6
6003.2
6003.2
6003.2
6003.2
5953.2
5953.2
5953.2
5953.2
5953.2
5953.2
5953.2
5953.2
5953.2
5953.2
5953.2
5953.2
5953.2
5953.2
5953.2
5953.2
5953.2
5898.4
5898.4
5896
5830.4
5830.4
5830.4
5830.4
5820.4
5820.4
5820.4
5820.4
5820.4
5820.4
5820.4
5820.4
5820.4
5820.4
5820.4
5820.4
5798.4
5798.4
5798.4
5794.4
5794.4
5794.4
5794.4
5794.4
5794.4
5794.4
5794.4
5794.4
5794.4
5794.4
5794.4
5668.4
5668.4
5668.4
5668.4
5668.4
5668.4
5668.4
5668.4
5668.4
5668.4
5668.4
5668.4
5668.4
5668.4
5668.4
5668.4
5668.4
5668.4
5584.4
5584.4
5584.4
5584.4
5584.4
5584.4
5584.4
5584.4
5584.4
5584.4
5543.6
5543.6
5543.6
5543.6
5527.6
