12623.6
11640
10678.4
9986
9950
9852.8
9852.8
9693.6
9693.6
9571.6
9571.6
9076.8
9060
9060
9060
9060
9060
8998.4
8909.6
8666.4
8666.4
8568.4
8259.6
7886.8
7818
7818
7818
7811.2
7611.6
7269.6
7222.8
7222.8
7222.8
7222.8
7137.6
6759.2
6681.2
6211.6
6211.6
6057.6
5924
5924
5256.8
5256.8
5256.8
5256.8
5228.8
5228.8
5228.8
5228.8
5122.8
5122.8
5122.8
5122.8
5122.8
5122.8
5122.8
5122.8
5122.8
5122.8
5122.8
5122.8
5122.8
5122.8
5122.8
5122.8
5122.8
5122.8
5122.8
5122.8
5122.8
5122.8
5122.8
5122.8
5122.8
5044.8
5044.8
5044.8
5044.8
5044.8
5044.8
5044.8
5044.8
5044.8
5044.8
5044.8
5044.8
5042.8
5042.8
5026.8
5026.8
5026.8
5026.8
5026.8
5026.8
5026.8
5026.8
5026.8
5026.8
5026.8
