15092
14582.4
13814.4
13002.4
13002.4
13002.4
12612
12612
12352.8
12352.8
11890
11749.2
11459.6
11123.6
11123.6
11123.6
11123.6
11123.6
11121.6
11121.6
11121.6
10844
10844
10753.2
10753.2
10753.2
10753.2
10632
10588
10588
10108
10096
10096
10096
9600.8
9600.8
9600.8
9600.8
9600.8
9600.8
9600.8
9600.8
9600.8
9600.8
9562.8
9562.8
9562.8
9562.8
9562.8
9562.8
9562.8
9562.8
9562.8
9562.8
9562.8
9562.8
9562.8
9562.8
9562.8
9562.8
9562.8
9562.8
9562.8
9562.8
9562.8
9562.8
9562.8
9562.8
9562.8
9562.8
9562.8
9562.8
9562.8
9562.8
9562.8
9562.8
9562.8
9562.8
9562.8
9562.8
9562.8
9562.8
9562.8
9562.8
9562.8
9562.8
9562.8
9562.8
9562.8
9562.8
9562.8
9562.8
9562.8
9562.8
9562.8
9562.8
9562.8
9562.8
9562.8
9562.8
