13170.8
12818
12189.2
11723.2
10666.8
10666.8
10501.2
10501.2
10401.6
10401.6
10165.6
10142.4
10052
9501.2
9501.2
9344.8
9344.8
9088
9025.6
8945.6
8885.2
8885.2
8880.4
8828
8828
8828
8820
8820
8810.4
8264.8
8250.8
8250.8
8250.8
8250.8
8222.8
8222.8
8222.8
8200.8
8200.8
8200.8
8200.8
8192.8
8100.8
8100.8
8100.8
8100.8
8092.8
8092.8
8092.8
8092.8
8080
8030
8030
8030
7996.4
7996.4
7996.4
7884.4
7884.4
7884.4
7884.4
7884.4
7884.4
7884.4
7884.4
7884.4
7884.4
7884.4
7836.4
7836.4
7836.4
7836.4
7836.4
7836.4
7836.4
7836.4
7836.4
7836.4
7836.4
7836.4
7836.4
7836.4
7836.4
7836.4
7836.4
7836.4
7836.4
7836.4
7836.4
7836.4
7836.4
7836.4
7836.4
7836.4
7836.4
7836.4
7836.4
7836.4
7836.4
7836.4
