14028
14028
9634.4
9634.4
9634.4
9634.4
9525.6
8496.4
8496.4
8496.4
8496.4
8496.4
8496.4
8496.4
8496.4
8496.4
8496.4
8496.4
8496.4
8496.4
8496.4
8496.4
8496.4
8496.4
8496.4
8496.4
8496.4
8496.4
8032.4
8032.4
8032.4
8032.4
8032.4
8032.4
8032.4
8032.4
8010.4
7994.4
7894.8
7894.8
7894.8
7887.2
7887.2
7887.2
7875.6
7875.6
7598.8
7598.8
7598.8
7598.8
7598.8
7598.8
7596.8
7487.6
7487.6
7487.6
7487.6
7487.6
7487.6
7487.6
7487.6
7487.6
7487.6
7487.6
7487.6
7487.6
7487.6
7487.6
7487.6
7487.6
7262.4
7262.4
7262.4
7262.4
7262.4
7262.4
7262.4
7262.4
7262.4
7262.4
7262.4
7262.4
7262.4
7262.4
7262.4
7262.4
7262.4
7262.4
7262.4
7262.4
7262.4
7262.4
7262.4
7262.4
7262.4
7262.4
7262.4
7262.4
7262.4
7262.4
