9299.6
9201.2
8804.8
8640.8
8640.8
8640.8
8640.8
8286
8286
8286
8116
7664
7664
7652.8
7652.8
7652.8
7652.8
7652.8
7652.8
7652.8
7652.8
7652.8
7652.8
7632.8
7632.8
7632.8
7632.8
7482
7482
7482
7322
7322
7322
7322
7322
7322
7322
7322
7242
7242
7242
7242
7242
7242
7242
7242
7242
7242
7242
7242
7242
7242
7242
7238
7238
7238
7238
7238
7238
7238
7238
7238
7238
7238
7238
7238
7238
7238
7238
7238
7238
7238
7238
7238
7238
7238
7238
7238
7238
7238
7238
7238
7238
7238
7238
7237.2
7237.2
7237.2
7127.2
7127.2
7127.2
7127.2
7127.2
7127.2
7127.2
7127.2
7127.2
7127.2
7127.2
7127.2
