2215.6
2165.2
1812
1812
1812
1812
1812
1812
1812
1734.8
1734.8
1577.6
1540
1540
1540
1437.2
1437.2
1437.2
1437.2
1437.2
1437.2
1437.2
1289.2
1289.2
1211.2
1211.2
1211.2
1211.2
1211.2
1211.2
1211.2
1211.2
1211.2
1211.2
1211.2
1211.2
1211.2
1211.2
1211.2
1211.2
1211.2
1096
1096
1034.4
1034.4
1024.4
1024.4
1024.4
1020.4
1008.4
1008.4
1008.4
972.4
902.4
902.4
902.4
902.4
902.4
902.4
902.4
902.4
902.4
902.4
902.4
902.4
902.4
902.4
902.4
902.4
902.4
902.4
902.4
902.4
902.4
902.4
902.4
902.4
902.4
902.4
902.4
902.4
902.4
902.4
894.4
894.4
894.4
894.4
894.4
894.4
894.4
894.4
894.4
894.4
894.4
894.4
894.4
894.4
894.4
894.4
894.4
