3155.6
2954.8
2614.8
2262.8
2262.8
2100.8
2100.8
2100.8
2098.8
2098.8
2098.8
2098.8
2098.8
2098.8
2098.8
2098.8
2098.8
2098.8
2098.8
2098.8
2098.8
2098.8
2098.8
2098.8
2098.8
2098.8
2098.8
2098.8
2098.8
2098.8
2098.8
2098.8
2098.8
2098.8
2098.8
2098.8
2098.8
2098.8
2098.8
2098.8
2098.8
2098.8
2098.8
2098.8
2098.8
2098.8
2098.8
2098.8
2098.8
2098.8
2098.8
2098.8
2098.8
2098.8
2098.8
2098.8
2098.8
2098.8
2098.8
2098.8
2098.8
2098.8
2098.8
2098.8
2098.8
2098.8
2098.8
2098.8
2098.8
2098.8
2098.8
2098.8
2098.8
2098.8
2098.8
2098.8
2098.8
2098.8
2098.8
2098.8
2098.8
2098.8
2098.8
2098.8
2098.8
2098.8
2098.8
2098.8
2098.8
2098.8
2098.8
2098.8
2098.8
2098.8
2098.8
2098.8
2098.8
2098.8
2098.8
2098.8
