3468
3313.6
3183.6
3183.6
3183.6
3183.6
3067.2
2786.8
2786.8
2667.2
2667.2
2667.2
2618.8
2618.8
2618.8
2618.8
2492.8
2492.8
2492.8
2492.8
2492.8
2446.4
2446.4
2203.6
2203.6
2203.6
2203.6
2203.6
2203.6
2203.6
2203.6
2203.6
2203.6
2203.6
2203.6
2203.6
2203.6
2203.6
2203.6
2203.6
2203.6
2203.6
2203.6
2203.6
2203.6
2203.6
2203.6
2203.6
2203.6
2203.6
2203.6
2203.6
2203.6
2203.6
2203.6
2203.6
2203.6
2203.6
2203.6
2203.6
2203.6
2203.6
2203.6
2203.6
2203.6
2203.6
2203.6
2203.6
2203.6
2203.6
2203.6
2203.6
2203.6
2203.6
2203.6
2203.6
2203.6
2203.6
2203.6
2203.6
2203.6
2203.6
2203.6
2203.6
2203.6
2203.6
2203.6
2203.6
2203.6
2203.6
2203.6
2203.6
2203.6
2203.6
2203.6
2203.6
2203.6
2203.6
2203.6
2203.6
