3466
2971.2
2939.2
2939.2
2611.2
2509.2
2509.2
2509.2
2509.2
2509.2
2509.2
2509.2
2509.2
2509.2
2509.2
2509.2
2509.2
2509.2
2319.6
2223.6
2223.6
2197.6
2197.6
2197.6
2195.6
2195.6
2195.6
2195.6
2195.6
2195.6
2195.6
2195.6
2195.6
2195.6
2195.6
2195.6
2195.6
2195.6
2195.6
2195.6
2195.6
2195.6
2195.6
2195.6
2195.6
2195.6
2195.6
2195.6
2195.6
2195.6
2195.6
2195.6
2195.6
2195.6
2195.6
2195.6
2195.6
2195.6
2195.6
2195.6
2195.6
2195.6
2195.6
2195.6
2195.6
2195.6
2195.6
2195.6
2195.6
2195.6
2195.6
2195.6
2195.6
2195.6
2195.6
2195.6
2195.6
2195.6
2195.6
2195.6
2195.6
2195.6
2195.6
2195.6
2195.6
2195.6
2195.6
2195.6
2195.6
2195.6
2195.6
2195.6
2195.6
2195.6
2195.6
2195.6
2195.6
2195.6
2195.6
2195.6
2195.6
