3320.8
2827.2
2822
2558
2558
2558
2558
2558
2558
2558
2558
2500
2500
2500
2500
2500
2471.6
2471.6
2141.6
2141.6
2003.6
2003.6
2003.6
2003.6
2003.6
2003.6
2003.6
2003.6
2003.6
2003.6
2003.6
2003.6
2003.6
2003.6
2003.6
2003.6
2003.6
2003.6
2003.6
2003.6
2003.6
2003.6
2003.6
2003.6
2003.6
2003.6
2003.6
2003.6
2003.6
2003.6
2003.6
2003.6
2003.6
2003.6
2003.6
2003.6
2003.6
2003.6
2003.6
2003.6
2003.6
2003.6
2003.6
2003.6
2003.6
2003.6
2003.6
2003.6
2003.6
2003.6
2003.6
2003.6
2003.6
2003.6
2003.6
2003.6
2003.6
2003.6
2003.6
2003.6
2003.6
2003.6
2003.6
2003.6
2003.6
2003.6
2003.6
2003.6
2003.6
2003.6
2003.6
2003.6
2003.6
2003.6
2003.6
2003.6
2003.6
2003.6
2003.6
2003.6
