4457.6
4106
3946
3946
3761.2
3719.6
3719.6
3602
3602
3602
3602
3602
3454
3454
3454
3446
3446
3446
3446
3446
3446
3446
3446
3446
3446
3446
3446
3446
3446
3446
3446
3446
3446
3446
3446
3446
3446
3446
3446
3446
3446
3446
3446
3446
3446
3446
3446
3446
3446
3446
3446
3446
3446
3446
3446
3446
3446
3446
3446
3446
3446
3446
3446
3446
3446
3446
3446
3446
3446
3446
3446
3446
3446
3446
3446
3446
3446
3446
3446
3446
3446
3446
3446
3446
3446
3446
3446
3446
3446
3446
3446
3446
3446
3446
3446
3446
3446
3446
3446
3446
