3157.2
2508
2324
2324
2324
2324
2290.8
2263.6
2134.4
2134.4
2134.4
2134.4
2134.4
2134.4
2134.4
2077.6
2069.6
1671.6
1671.6
1671.6
1671.6
1671.6
1671.6
1671.6
1671.6
1671.6
1595.6
1595.6
1595.6
1595.6
1595.6
1595.6
1595.6
1595.6
1595.6
1595.6
1595.6
1595.6
1595.6
1595.6
1595.6
1595.6
1595.6
1595.6
1595.6
1595.6
1551.6
1545.6
1435.6
1435.6
1435.6
1435.6
1435.6
1435.6
1435.6
1435.6
1435.6
1435.6
1435.6
1435.6
1435.6
1435.6
1435.6
1435.6
1435.6
1435.6
1435.6
1435.6
1435.6
1435.6
1435.6
1435.6
1435.6
1435.6
1435.6
1435.6
1435.6
1435.6
1435.6
1435.6
1435.6
1435.6
1435.6
1435.6
1435.6
1435.6
1435.6
1435.6
1435.6
1435.6
1435.6
1435.6
1435.6
1435.6
1435.6
1435.6
1435.6
1435.6
1435.6
1435.6
