2665.2
2575.2
2573.2
2573.2
1957.2
1957.2
1957.2
1957.2
1957.2
1957.2
1957.2
1957.2
1957.2
1957.2
1957.2
1957.2
1957.2
1957.2
1957.2
1957.2
1957.2
1957.2
1957.2
1957.2
1957.2
1957.2
1957.2
1957.2
1957.2
1957.2
1957.2
1957.2
1957.2
1957.2
1957.2
1957.2
1957.2
1957.2
1957.2
1957.2
1957.2
1957.2
1957.2
1957.2
1957.2
1957.2
1957.2
1957.2
1957.2
1957.2
1957.2
1957.2
1957.2
1957.2
1957.2
1957.2
1957.2
1957.2
1957.2
1957.2
1957.2
1957.2
1957.2
1957.2
1957.2
1957.2
1957.2
1957.2
1957.2
1957.2
1957.2
1957.2
1957.2
1957.2
1957.2
1957.2
1957.2
1957.2
1957.2
1957.2
1957.2
1957.2
1957.2
1957.2
1957.2
1957.2
1957.2
1957.2
1957.2
1957.2
1957.2
1957.2
1957.2
1957.2
1957.2
1957.2
1957.2
1957.2
1957.2
1957.2
