3670
3564
3520
3127.2
3127.2
3027.2
3027.2
3027.2
3027.2
3027.2
3027.2
3027.2
3027.2
3027.2
3027.2
3027.2
3027.2
3027.2
3027.2
2641.6
2641.6
2477.2
2477.2
2407.2
2407.2
2407.2
2407.2
2407.2
2407.2
2407.2
2407.2
2407.2
2407.2
2407.2
2371.6
2371.6
2371.6
2371.6
2371.6
2371.6
2371.6
2371.6
2371.6
2371.6
2371.6
2371.6
2371.6
2371.6
2371.6
2371.6
2371.6
2371.6
2227.6
2227.6
2227.6
2227.6
2227.6
2227.6
2227.6
2227.6
2227.6
2227.6
2227.6
2227.6
2227.6
2227.6
2049.2
2049.2
1973.2
1973.2
1973.2
1973.2
1973.2
1973.2
1973.2
1973.2
1973.2
1973.2
1973.2
1973.2
1973.2
1973.2
1973.2
1973.2
1973.2
1973.2
1973.2
1973.2
1973.2
1973.2
1973.2
1973.2
1973.2
1973.2
1973.2
1973.2
1973.2
1973.2
1923.6
1843.6
