7926.4
7926.4
6478.8
6478.8
6478.8
6478.8
6478.8
6478.8
6478.8
6478.8
6478.8
6478.8
6478.8
6478.8
6478.8
6478.8
6478.8
6478.8
6048
6048
6048
6048
5869.6
5869.6
5869.6
5869.6
5869.6
5869.6
5869.6
5869.6
5869.6
5869.6
5869.6
5869.6
5869.6
5869.6
5844.4
5820
5663.6
5663.6
5663.6
5663.6
4568
4568
4568
4568
4560
4560
4560
4560
4560
4560
4560
4560
4560
4560
4560
4560
4560
4560
4560
4560
4560
4560
4560
4560
4560
4560
4560
4560
4560
4560
4560
4560
4560
4540.4
4540.4
4540.4
4242.4
4242.4
4242.4
4242.4
4242.4
4242.4
4242.4
4242.4
4242.4
4242.4
4242.4
4242.4
4242.4
4242.4
4242.4
4242.4
4242.4
4242.4
3769.6
3769.6
3769.6
3769.6
