9395.6
8412.8
7627.6
7381.6
7233.6
7233.6
7052.8
6990.4
6990.4
6914.4
6856
6856
6856
6854
6316
6254
6254
5932
5828
5828
5828
5828
5828
5828
5828
5828
5828
5828
5828
5828
5828
5828
5722
5722
5722
5722
5722
5722
5722
5667.6
5643.6
5643.6
5643.6
5643.6
5643.6
5643.6
5605.6
5605.6
5605.6
5605.6
5605.6
5513.6
5513.6
5513.6
5513.6
5513.6
5492.8
5492.8
5408.8
5408.8
5408.8
5241.6
5241.6
5241.6
5241.6
5241.6
5087.2
5042.8
5042.8
5042.8
5042.8
5042.8
5042.8
5042.8
5042.8
5042.8
5042.8
5042.8
5042.8
5042.8
5042.8
5042.8
5042.8
5042.8
5042.8
5042.8
5042.8
5042.8
5042.8
5042.8
5042.8
5042.8
5042.8
5042.8
5042.8
5042.8
5042.8
5042.8
5042.8
5042.8
