9378.4
7780
7780
7780
7780
7621.2
7621.2
6905.6
6905.6
6905.6
6905.6
6905.6
6905.6
6284.8
6284.8
6284.8
6284.8
6284.8
6284.8
6240.8
6240.8
6220.8
6220.8
5895.2
5895.2
5895.2
5326.8
5326.8
5326.8
5326.8
5326.8
5305.6
5305.6
5305.6
5305.6
5305.6
5305.6
5305.6
5305.6
5305.6
5114.8
5068.8
5068.8
5068.8
5068.8
4635.6
4457.6
4457.6
4457.6
4457.6
4457.6
4457.6
4457.6
4415.6
4415.6
4407.6
4407.6
4407.6
4407.6
4407.6
4407.6
4407.6
4407.6
4407.6
4347.6
4347.6
4347.6
4347.6
4347.6
4347.6
4347.6
4347.6
4313.6
4271.6
4271.6
4059.2
4059.2
4059.2
4059.2
4059.2
4059.2
4059.2
4059.2
4059.2
4059.2
4059.2
4059.2
4059.2
4019.6
4019.6
4019.6
4019.6
4019.6
4019.6
4019.6
4019.6
4019.6
4019.6
4019.6
4019.6
