7391.2
1878.4
1878.4
1768.4
1768.4
1768.4
1768.4
1692.4
1692.4
1692.4
1692.4
1692.4
1684.4
1684.4
1684.4
1684.4
1684.4
1684.4
1684.4
1684.4
1684.4
1684.4
1678.4
1616.4
1616.4
1616.4
1616.4
1616.4
1616.4
1616.4
1616.4
1616.4
1616.4
1616.4
1616.4
1616.4
1616.4
1616.4
1616.4
1616.4
1616.4
1616.4
1616.4
1616.4
1616.4
1616.4
1616.4
1616.4
1616.4
1616.4
1616.4
1616.4
1616.4
1614.4
1614.4
1614.4
1614.4
1614.4
1614.4
1614.4
1614.4
1614.4
1614.4
1614.4
1614.4
1614.4
1614.4
1614.4
1614.4
1614.4
1614.4
1614.4
1614.4
1614.4
1614.4
1614.4
1614.4
1614.4
1614.4
1614.4
1602
1602
1602
1602
1602
1596
1596
1596
1596
1596
1596
1596
1596
1596
1596
1596
1596
1596
1596
1596
