7658
5788.4
5324
4991.6
4459.6
4459.6
4459.6
4459.6
4459.6
4459.6
4383.6
4383.6
4325.6
4293.6
4187.2
4187.2
4147.2
4147.2
4147.2
4147.2
3792.8
3792.8
3792.8
3792.8
3792.8
3792.8
3792.8
3792.8
3792.8
3792.8
3792.8
3792.8
3792.8
3792.8
3792.8
3792.8
3792.8
3792.8
3792.8
3792.8
3792.8
3792.8
3792.8
3792.8
3792.8
3792.8
3792.8
3792.8
3792.8
3792.8
3792.8
3792.8
3792.8
3792.8
3792.8
3792.8
3792.8
3792.8
3792.8
3792.8
3792.8
3792.8
3792.8
3792.8
3792.8
3792.8
3792.8
3792.8
3792.8
3792.8
3792.8
3792.8
3792.8
3792.8
3792.8
3792.8
3792.8
3792.8
3792.8
3792.8
3792.8
3792.8
3792.8
3792.8
3792.8
3792.8
3792.8
3792.8
3792.8
3792.8
3792.8
3792.8
3792.8
3792.8
3792.8
3792.8
3792.8
3792.8
3792.8
3792.8
