5308.8
4506.4
4506.4
4417.6
3040.4
2823.6
2823.6
2784
2784
2784
2784
2784
2622
2622
2622
2594
2380.4
2380.4
2380.4
2380.4
2380.4
2374.4
2338.8
2338.8
2338.8
2338.8
2338.8
2338.8
2338.8
2338.8
2338.8
2338.8
2338.8
2246.4
2246.4
2236
2236
2236
2236
2236
2076.4
2044.4
2044.4
2044.4
2044.4
2044.4
2044.4
2044.4
2044.4
2044.4
2044.4
2044.4
2044.4
2044.4
2044.4
2044.4
2044.4
2034.4
2034.4
2034.4
2034.4
2034.4
2034.4
2034.4
2034.4
2034.4
2034.4
2034.4
2034.4
2034.4
2034.4
2034.4
2034.4
2034.4
2034.4
1750
1750
1750
1750
1750
1750
1750
1750
1750
1750
1750
1750
1750
1750
1750
1750
1750
1750
1750
1750
1750
1750
1750
1750
1750
1750
