8354.8
6548.8
6378.8
6046.8
6046.8
6046.8
6046.8
6046.8
5935.2
5935.2
5706.4
5706.4
5559.6
5520.8
5520.8
5520.8
5470.8
5281.2
5257.2
5257.2
5257.2
5257.2
5257.2
5186
5186
5186
5186
5186
5186
5186
5186
5186
5186
5186
5186
5186
5186
5186
5186
5186
5186
5186
5186
4912.4
4912.4
4912.4
4836.8
4836.8
4836.8
4836.8
4836.8
4696.8
4696.8
4696.8
4696.8
4696.8
4684.8
4684.8
4684.8
4684.8
4684.8
4684.8
4684.8
4684.8
4650.4
4640.4
4640.4
4640.4
4640.4
4640.4
4640.4
4640.4
4640.4
4640.4
4640.4
4640.4
4640.4
4640.4
4266
4266
4266
4266
4266
4266
4266
4266
4266
4266
4266
4266
4266
4266
4266
4266
4266
4266
4266
4256
4250
4250
