5909.2
5447.2
5131.2
5131.2
5033.2
4367.2
3616.4
3611.2
3383.2
3383.2
3367.2
3279.2
3279.2
3279.2
3279.2
3279.2
3279.2
3279.2
3276.8
3276.8
3276.8
3276.8
3276.8
3276.8
3250
3250
3100.8
3100.8
3100.8
3100.8
3100.8
3100.8
3100.8
3100.8
3100.8
3100.8
3100.8
3100.8
3100.8
3100.8
3100.8
3100.8
3100.8
3100.8
3100.8
3100.8
3100.8
3100.8
3100.8
3100.8
3100.8
3100.8
3100.8
3100.8
3100.8
3100.8
3100.8
3100.8
3100.8
3100.8
3100.8
3100.8
3100.8
3100.8
3100.8
3100.8
3100.8
3100.8
3100.8
3100.8
3100.8
3100.8
3100.8
3100.8
3100.8
3100.8
3100.8
3100.8
3100.8
3100.8
3100.8
3100.8
3100.8
3100.8
3100.8
3100.8
3100.8
3100.8
3100.8
3100.8
3100.8
3100.8
3100.8
3100.8
3100.8
3100.8
3100.8
3100.8
3100.8
3100.8
