13000.4
11946.4
11370.4
11356.4
11227.2
9862
9279.2
9211.2
8629.6
8629.6
8629.6
8629.6
8629.6
8629.6
8629.6
8629.6
8629.6
8629.6
8629.6
8629.6
8629.6
8615.6
8615.6
8607.6
8607.6
8607.6
8607.6
8607.6
8607.6
8607.6
8607.6
8607.6
8607.6
8607.6
8607.6
8607.6
8607.6
8607.6
8607.6
8607.6
8607.6
8607.6
8607.6
8607.6
8607.6
8607.6
8607.6
8607.6
8607.6
8607.6
8607.6
8607.6
8607.6
8607.6
8607.6
8607.6
8607.6
8607.6
8607.6
8607.6
8607.6
8607.6
8607.6
8607.6
8607.6
8607.6
8607.6
8607.6
8607.6
8607.6
8607.6
8607.6
8607.6
8607.6
8607.6
8575.6
8575.6
8575.6
8575.6
8575.6
8575.6
8575.6
8575.6
8575.6
8575.6
8575.6
8575.6
8575.6
8575.6
8575.6
8575.6
8575.6
8550.8
8550.8
8550.8
8550.8
8550.8
8550.8
8550.8
8550.8
