10436
10400
9725.6
9725.6
9721.6
9400.4
9400.4
9400.4
9400.4
9396.4
9396.4
9392.4
9392.4
9270.8
9270.8
9180.8
8974.4
8919.6
8456.4
8212.4
7494
7494
7494
7372
7372
7262
7262
7023.2
7023.2
7023.2
7023.2
7023.2
7023.2
7023.2
7023.2
7023.2
7023.2
7023.2
7023.2
7023.2
7023.2
6959.2
6959.2
6887.2
6887.2
6887.2
6869.2
6869.2
6869.2
6869.2
6641.2
6641.2
6641.2
6641.2
6641.2
6641.2
6641.2
6641.2
6641.2
6641.2
6641.2
6641.2
6586.8
6530.8
6530.8
6530.8
6508.8
6508.8
6508.8
6508.8
6358.4
6174.4
6174.4
6174.4
6174.4
6174.4
6174.4
6174.4
6174.4
6174.4
6174.4
6174.4
6174.4
6174.4
6174.4
6174.4
6174.4
6174.4
6174.4
6174.4
6174.4
6174.4
6174.4
6174.4
6174.4
6174.4
6174.4
6174.4
6174.4
6174.4
