13235.6
13163.2
13151.2
12406
12406
12406
12142
12142
12142
12142
12142
12142
12142
12142
12142
11913.6
11913.6
11830.4
11825.6
11825.6
11825.6
11763.6
11763.6
11719.6
11424
11424
11424
11407.2
11407.2
11407.2
11152.4
10701.2
10156
10114.4
10114.4
9951.2
9951.2
9951.2
9951.2
9846.4
9846.4
9846.4
9660.4
9660.4
9660.4
9660.4
9656.4
9656.4
9656.4
9656.4
9643.6
9643.6
9643.6
9643.6
9643.6
9643.6
9643.6
9643.6
9643.6
9643.6
9643.6
9643.6
9643.6
9643.6
9643.6
9643.6
9643.6
9643.6
9643.6
9643.6
9643.6
9643.6
9643.6
9643.6
9643.6
9643.6
9643.6
9643.6
9643.6
9643.6
9643.6
9643.6
9643.6
9643.6
9643.6
9643.6
9643.6
9643.6
9643.6
9643.6
9643.6
9643.6
9643.6
9643.6
9633.6
9534.8
9534.8
9534.8
9534.8
9534.8
