12379.2
10696.8
10696.8
10326.8
9990.8
9806.8
9806.8
9766.8
9288.4
8584.4
8584.4
8582.4
8582.4
8550.4
8506.4
8398.4
8398.4
8398.4
8398.4
8394.4
8394.4
8394.4
8394.4
8394.4
8394.4
8286
8012
8012
8012
8012
8012
8012
8012
8012
8012
8012
8012
7764.8
7764.8
7588.8
7474.8
7474.8
7170
7170
7170
7091.2
7091.2
7091.2
7091.2
7091.2
6995.2
6995.2
6995.2
6995.2
6995.2
6995.2
6995.2
6995.2
6995.2
6995.2
6995.2
6995.2
6889.2
6889.2
6889.2
6889.2
6843.2
6843.2
6843.2
6843.2
6843.2
6843.2
6843.2
6843.2
6843.2
6843.2
6843.2
6843.2
6843.2
6843.2
6843.2
6843.2
6843.2
6843.2
6843.2
6843.2
6843.2
6843.2
6843.2
6843.2
6843.2
6843.2
6843.2
6843.2
6843.2
6843.2
6843.2
6843.2
6843.2
6843.2
