13340
12939.6
12370.8
12370.8
12312
11360.8
11360.8
11132.4
9979.2
8839.6
8839.6
8790
8790
8790
8790
8790
8790
8383.2
8383.2
8141.2
8141.2
8141.2
8141.2
8141.2
8141.2
8141.2
7917.6
7764.4
7648.8
7222
6809.2
6809.2
6809.2
6809.2
6500.8
6500.8
6500.8
6500.8
6447.6
6422
6422
5900.4
5900.4
5900.4
5900.4
5900.4
5900.4
5865.2
5865.2
5663.6
5456.8
5456.8
5456.8
5389.2
5389.2
5337.6
5337.6
5337.6
5153.2
5153.2
5153.2
5153.2
5037.2
4621.6
4621.6
4594.4
4594.4
4454.4
4454.4
4454.4
4454.4
4454.4
4454.4
4454.4
4454.4
4454.4
4454.4
4454.4
4454.4
4205.2
4070.8
4070.8
4070.8
4070.8
4070.8
4070.8
4070.8
4070.8
4070.8
4070.8
4070.8
4070.8
4070.8
4070.8
4070.8
4070.8
4070.8
4070.8
4070.8
4070.8
