11548
9403.2
9403.2
9403.2
9403.2
9403.2
9403.2
9403.2
9149.6
8685.2
8685.2
8685.2
8685.2
8683.6
6648
6603.2
6603.2
6603.2
6603.2
6603.2
6603.2
6603.2
6603.2
6603.2
6603.2
6603.2
6431.6
6431.6
6431.6
6052.4
6052.4
6052.4
5758
5758
5758
5758
5681.6
5551.6
5551.6
5551.6
5551.6
5551.6
5551.6
5551.6
5551.6
5551.6
5551.6
5551.6
5551.6
5551.6
5551.6
5551.6
5551.6
5551.6
5551.6
5551.6
5551.6
5551.6
5551.6
5551.6
5551.6
5551.6
5551.6
5551.6
5551.6
5551.6
5551.6
5551.6
5551.6
5551.6
5551.6
5551.6
5551.6
5551.6
5551.6
5551.6
5551.6
5551.6
5551.6
5551.6
5551.6
5551.6
5551.6
5551.6
5551.6
5551.6
5551.6
5551.6
5551.6
5551.6
5551.6
5551.6
5551.6
5551.6
5551.6
5551.6
5551.6
5551.6
5551.6
5551.6
