10933.2
10933.2
10906.8
10906.8
10906.8
10856.8
10856.8
10856.8
10856.8
10856.8
10856.8
10856.8
10856.8
10856.8
10111.2
10111.2
10111.2
10111.2
10111.2
10111.2
10111.2
10111.2
10111.2
10050.4
10050.4
10050.4
10050.4
10050.4
10050.4
10050.4
9976.8
9976.8
9976.8
9815.2
9815.2
9815.2
9815.2
9815.2
9815.2
9815.2
9815.2
9705.2
9705.2
9705.2
9705.2
9705.2
9705.2
9705.2
9705.2
9705.2
9705.2
9437.6
9437.6
9437.6
9437.6
9437.6
9437.6
9437.6
9437.6
9437.6
9434.8
9434.8
9434.8
9434.8
9345.6
9284.8
9284.8
9259.6
9259.6
9259.6
9246.8
9086.8
9086.8
9086.8
9086.8
9086.8
9086.8
9086.8
9086.8
8782.8
8782.8
8782.8
8782.8
8782.8
8782.8
8692.8
8538.8
8538.8
8538.8
8538.8
8527.6
8527.6
8527.6
8486.8
8486.8
8486.8
8486.8
8486.8
8186.8
8186.8
