11623.6
11623.6
11320.8
11320.8
11320.8
11320.8
11320.8
11320.8
11320.8
11320.8
11320.8
11320.8
11320.8
11114.8
10920.4
10268.8
10268.8
10268.8
10268.8
10071.6
9745.6
9745.6
9745.6
9745.6
9745.6
9745.6
9745.6
9625.6
9163.2
9163.2
9163.2
9163.2
9163.2
9163.2
9163.2
9163.2
9131.2
9131.2
9131.2
8596.8
8596.8
8440.4
8440.4
8440.4
8440.4
8440.4
8320
8320
8320
8320
8320
8320
8320
8320
7931.2
7931.2
7931.2
7931.2
7931.2
7931.2
7931.2
7931.2
7931.2
7931.2
7931.2
7931.2
7931.2
7931.2
7931.2
7931.2
7931.2
7931.2
7931.2
7931.2
7931.2
7931.2
7781.6
7781.6
7781.6
7741.6
7741.6
7741.6
7741.6
7741.6
7739.6
7739.6
7739.6
7739.6
7739.6
7739.6
7739.6
7739.6
7739.6
7739.6
7739.6
7739.6
7739.6
7739.6
7739.6
7739.6
