14246
13817.6
13630.4
13078.8
13058.8
12222.4
11436.4
10786.4
10786.4
10786.4
10786.4
10779.6
10779.6
10779.6
10698.4
10698.4
10613.2
10613.2
10613.2
10613.2
10613.2
10613.2
10613.2
10613.2
10613.2
10613.2
10613.2
10613.2
10613.2
10613.2
10613.2
10613.2
10613.2
10613.2
10613.2
10613.2
10613.2
10613.2
10613.2
10613.2
10613.2
10613.2
10613.2
10613.2
10613.2
10613.2
10613.2
10613.2
10613.2
10613.2
10613.2
10613.2
10613.2
10613.2
10613.2
10613.2
10613.2
10613.2
10613.2
10613.2
10613.2
10264.4
10264.4
10264.4
10264.4
10264.4
10264.4
10264.4
10264.4
10264.4
10264.4
10264.4
10264.4
10264.4
10264.4
10264.4
10264.4
10264.4
10264.4
10264.4
10264.4
10264.4
10264.4
10264.4
10264.4
10264.4
10264.4
10264.4
10264.4
10264.4
10264.4
10264.4
10264.4
10264.4
10264.4
10264.4
10264.4
10264.4
10264.4
10264.4
