8456
8276.4
6721.2
6355.2
6311.6
6311.6
6311.6
6311.6
6311.6
6311.6
6311.6
6311.6
6241.6
6241.6
6241.6
6241.6
6217.6
6217.6
6217.6
6217.6
6217.6
6213.6
5748.8
5494.8
5494.8
5494.8
5494.8
5494.8
5494.8
5494.8
5494.8
5494.8
5494.8
5494.8
5494.8
5388.8
5202.8
5202.8
5202.8
5202.8
5202.8
5202.8
5202.8
5202.8
5202.8
5202.8
5202.8
5202.8
5202.8
5099.6
5099.6
5099.6
5099.6
5099.6
5099.6
5099.6
5099.6
5099.6
5099.6
5099.6
5099.6
5099.6
5099.6
5099.6
5099.6
5099.6
5099.6
5099.6
5099.6
5099.6
5099.6
5099.6
5099.6
5099.6
5099.6
5099.6
5099.6
5099.6
5099.6
5099.6
5099.6
5099.6
5099.6
5099.6
5099.6
5099.6
5099.6
5099.6
5099.6
5099.6
5099.6
5099.6
5099.6
5099.6
5099.6
5099.6
5099.6
5099.6
5099.6
5099.6
