5579.6
5160
4713.2
4713.2
4713.2
4268
4268
4268
4268
4268
4268
4268
4268
4268
3821.6
3821.6
3821.6
3821.6
3821.6
3821.6
3633.6
3633.6
3633.6
3633.6
3633.6
3633.6
3633.6
3633.6
3574
3344
3344
3344
3344
3344
3344
3344
3344
3344
3344
3344
3344
3344
3344
3344
3344
3344
3344
3344
3344
3344
3344
3344
3344
3344
3344
3344
3344
3344
3344
3344
3344
3344
3344
3233.6
3233.6
3233.6
3233.6
3233.6
3233.6
3233.6
3225.6
3225.6
3225.6
3225.6
3225.6
3225.6
3225.6
3225.6
3225.6
3225.6
3225.6
3225.6
3225.6
3225.6
3225.6
3225.6
3225.6
3225.6
3225.6
3225.6
3225.6
3175.6
3175.6
3175.6
3175.6
3175.6
3175.6
3175.6
3175.6
3175.6
