8283.2
8225.6
7936
7936
7751.2
7751.2
7611.6
6939.2
6939.2
6939.2
6939.2
6939.2
6845.2
6845.2
6387.2
6387.2
6387.2
6387.2
6387.2
6387.2
5924.4
5924.4
5924.4
5924.4
5924.4
5924.4
5924.4
5924.4
5924.4
5924.4
5924.4
5924.4
5924.4
5924.4
5908.4
5902.4
5902.4
5902.4
5902.4
5902.4
5902.4
5902.4
5902.4
5902.4
5902.4
5902.4
5902.4
5902.4
5902.4
5902.4
5902.4
5902.4
5902.4
5902.4
5902.4
5902.4
5902.4
5704.4
5547.6
5547.6
5547.6
5547.6
5547.6
5433.6
5433.6
5433.6
5433.6
5433.6
5433.6
5433.6
5433.6
5433.6
5433.6
5433.6
5433.6
5141.6
5141.6
5141.6
5141.6
5141.6
5129.6
5129.6
5129.6
5129.6
5103.6
5103.6
5103.6
5103.6
5103.6
5103.6
5103.6
5103.6
5103.6
5103.6
5103.6
5103.6
5103.6
5103.6
5103.6
5103.6
5103.6
