7519.6
7492
6752
6752
6560.8
6560.8
5442
5313.2
5313.2
4875.2
4875.2
4831.2
4540.8
4540.8
4540.8
4540.8
4540.8
4540.8
4540.8
4540.8
4268.8
4268.8
4268.8
4268.8
4268.8
4268.8
4268.8
4268.8
4268.8
4268.8
4268.8
4268.8
4268.8
4268.8
4268.8
4268.8
4268.8
4268.8
4268.8
4268.8
4268.8
4268.8
4268.8
4268.8
4268.8
4268.8
4268.8
4268.8
4268.8
4180.8
4086.8
4086.8
4086.8
4086.8
4086.8
4086.8
4086.8
4086.8
4086.8
4086.8
4086.8
4086.8
4086.8
4086.8
4086.8
4086.8
4086.8
4086.8
4086.8
4064.8
4064.8
4064.8
3976.8
3976.8
3976.8
3976.8
3806.8
3806.8
3806.8
3806.8
3802.8
3802.8
3802.8
3802.8
3802.8
3802.8
3802.8
3802.8
3802.8
3802.8
3802.8
3802.8
3802.8
3802.8
3802.8
3802.8
3802.8
3802.8
3802.8
3802.8
