7730.8
7730.8
6780.4
6780.4
6780.4
6780.4
6780.4
6610.4
6610.4
6610.4
6610.4
6046.8
6046.8
6046.8
5504.8
5504.8
5504.8
5504.8
5504.8
5438.8
5438.8
5438.8
5438.8
5438.8
4940.8
4940.8
4940.8
4940.8
4940.8
4940.8
4940.8
4940.8
4876.8
4876.8
4876.8
4876.8
4876.8
4876.8
4876.8
4876.8
4876.8
4832.8
4832.8
4832.8
4832.8
4832.8
4832.8
4832.8
4832.8
4832.8
4832.8
4832.8
4832.8
4832.8
4832.8
4832.8
4832.8
4832.8
4832.8
4832.8
4832.8
4832.8
4832.8
4832.8
4832.8
4832.8
4832.8
4832.8
4832.8
4832.8
4832.8
4832.8
4832.8
4832.8
4832.8
4832.8
4832.8
4832.8
4832.8
4832.8
4832.8
4832.8
4832.8
4832.8
4832.8
4832.8
4832.8
4832.8
4832.8
4832.8
4832.8
4832.8
4832.8
4832.8
4832.8
4832.8
4832.8
4832.8
4832.8
4832.8
