7370.8
7162.8
7078.4
6710.8
5748
5748
5748
5559.2
5559.2
5559.2
5559.2
5559.2
5559.2
5559.2
5559.2
5559.2
5549.2
5549.2
5549.2
5163.2
4835.2
4743.2
4743.2
4743.2
4743.2
4743.2
4743.2
4743.2
4743.2
4743.2
4743.2
4743.2
4743.2
4743.2
4743.2
4743.2
4743.2
4743.2
4743.2
4743.2
4743.2
4743.2
4743.2
4743.2
4743.2
4743.2
4743.2
4743.2
4743.2
4743.2
4743.2
4743.2
4743.2
4743.2
4743.2
4743.2
4743.2
4743.2
4743.2
4743.2
4743.2
4743.2
4743.2
4743.2
4743.2
4743.2
4743.2
4743.2
4743.2
4743.2
4743.2
4743.2
4743.2
4743.2
4743.2
4743.2
4743.2
4743.2
4743.2
4743.2
4743.2
4743.2
4743.2
4743.2
4743.2
4743.2
4743.2
4743.2
4743.2
4743.2
4743.2
4743.2
4743.2
4743.2
4743.2
4743.2
4743.2
4743.2
4743.2
4743.2
