6684
6618
6618
6618
6618
6618
6618
6618
6618
6618
6618
6618
6618
6618
6618
6618
6618
6618
6618
6583.6
6583.6
6583.6
6583.6
6583.6
6583.6
6583.6
6583.6
6583.6
6573.6
6573.6
6573.6
6573.6
6495.6
6495.6
6495.6
6495.6
6495.6
6495.6
6495.6
6495.6
6495.6
6495.6
6495.6
6495.6
6495.6
6495.6
6495.6
6495.6
6495.6
6495.6
6495.6
6495.6
6495.6
6495.6
6495.6
6495.6
6495.6
6495.6
6495.6
6495.6
6495.6
6495.6
6495.6
5985.6
5985.6
5985.6
5985.6
5985.6
5985.6
5985.6
5985.6
5985.6
5985.6
5985.6
5843.6
5843.6
5843.6
5843.6
5843.6
5843.6
5843.6
5843.6
5843.6
5843.6
5843.6
5843.6
5843.6
5843.6
5843.6
5843.6
5843.6
5843.6
5843.6
5843.6
5843.6
5843.6
5843.6
5843.6
5843.6
5843.6
