13776
13093.6
12183.6
12177.6
11896.4
11500.4
11494.4
11143.2
11133.2
11133.2
10935.2
10935.2
10731.2
10731.2
10653.2
10329.2
10329.2
10329.2
10329.2
10329.2
10329.2
10329.2
10329.2
10329.2
10329.2
10329.2
10329.2
10329.2
10329.2
10329.2
10329.2
10329.2
10321.2
10321.2
10321.2
10321.2
10321.2
10321.2
10321.2
10321.2
10321.2
10321.2
10321.2
10321.2
10321.2
10321.2
10321.2
10321.2
10321.2
10321.2
10321.2
10321.2
10321.2
10321.2
10321.2
10321.2
10321.2
10321.2
10321.2
10321.2
10321.2
10321.2
10321.2
10321.2
10321.2
10321.2
10321.2
10321.2
10321.2
10321.2
10321.2
10321.2
10321.2
10321.2
10321.2
10321.2
10321.2
10321.2
10321.2
10321.2
10321.2
10321.2
10321.2
10321.2
10321.2
10321.2
10321.2
10321.2
10321.2
10321.2
10321.2
10321.2
10321.2
10321.2
10321.2
10321.2
10321.2
10321.2
10321.2
10321.2
