9365.2
9365.2
9365.2
9365.2
9365.2
9365.2
9365.2
9365.2
9365.2
9365.2
9365.2
9365.2
8778
8778
8513.6
8513.6
8513.6
8513.6
8513.6
8513.6
8479.6
7846
7846
7846
7846
7846
7846
7846
7846
7544.8
7544.8
7544.8
7168.8
6344
6344
6038.4
6038.4
6038.4
6038.4
6038.4
6038.4
6038.4
6038.4
6038.4
6038.4
6038.4
6038.4
6038.4
6038.4
6038.4
6038.4
6038.4
6038.4
6038.4
6038.4
6038.4
6038.4
6038.4
6038.4
6038.4
6038.4
6038.4
6026.4
6026.4
5878.4
5578.4
5578.4
5578.4
5578.4
5578.4
5578.4
5578.4
4907.2
4907.2
4871.2
4871.2
4871.2
4871.2
4871.2
4871.2
4871.2
4871.2
4871.2
4871.2
4871.2
4871.2
4871.2
4871.2
4871.2
4871.2
4871.2
4871.2
4871.2
4871.2
4871.2
4871.2
4871.2
4871.2
4871.2
4871.2
