15826.4
11274.8
8533.2
8037.2
8037.2
7487.2
7047.2
7047.2
7047.2
7047.2
7047.2
7047.2
6633.2
6633.2
6633.2
6633.2
6633.2
6633.2
6633.2
6575.2
6575.2
6575.2
6575.2
6575.2
6575.2
6575.2
6575.2
6575.2
6575.2
6575.2
6575.2
6575.2
6575.2
6575.2
6575.2
6575.2
6567.2
6567.2
6567.2
6567.2
6327.2
6327.2
6327.2
6327.2
6327.2
6255.2
6255.2
6255.2
6255.2
6255.2
6255.2
6255.2
6255.2
5980.4
5980.4
5980.4
5940.4
5940.4
5940.4
5940.4
5940.4
5940.4
5940.4
5940.4
5936.4
5936.4
5936.4
5936.4
5936.4
5936.4
5936.4
5936.4
5936.4
5936.4
5936.4
5936.4
5936.4
5936.4
5936.4
5936.4
5936.4
5936.4
5936.4
5936.4
5936.4
5936.4
5936.4
5936.4
5936.4
5936.4
5936.4
5936.4
5936.4
5936.4
5936.4
5936.4
5936.4
5936.4
5936.4
5936.4
