13081.2
13081.2
11594.8
10639.2
10639.2
10639.2
10639.2
10639.2
9858.8
9858.8
9588.8
9426.4
9426.4
9426.4
9426.4
9276.8
9276.8
9276.8
9276.8
9276.8
9276.8
9276.8
9276.8
8564
8564
8564
8564
8564
8408
8408
8408
8408
8408
8408
8408
8408
8303.2
8303.2
8303.2
7593.6
7593.6
7593.6
7593.6
7593.6
7593.6
7593.6
7593.6
7593.6
7593.6
7468.8
7468.8
7468.8
7468.8
7468.8
7468.8
7468.8
7468.8
7468.8
7358.8
7358.8
7358.8
7355.6
7355.6
7265.2
7265.2
7265.2
7265.2
7265.2
7265.2
7265.2
7265.2
7265.2
7265.2
7265.2
7265.2
7265.2
6860.8
6860.8
6754
6754
6754
6754
6754
6754
6754
6754
6754
6754
6754
6632.8
6632.8
6632.8
6632.8
6632.8
6464.8
6464.8
6340.8
6340.8
6340.8
6340.8
