13221.2
12746.8
12689.2
12001.2
11765.2
11623.2
11623.2
11623.2
11623.2
11623.2
11623.2
11623.2
11475.2
11475.2
11347.2
11347.2
11347.2
11347.2
11347.2
11347.2
11347.2
11347.2
11287.2
11287.2
11287.2
11287.2
11287.2
11287.2
11287.2
11287.2
11287.2
11287.2
11287.2
11287.2
11287.2
11287.2
11203.2
11203.2
11101.2
11101.2
11101.2
11101.2
11101.2
11101.2
11101.2
11101.2
11101.2
11101.2
11101.2
11041.2
11041.2
11041.2
11041.2
11041.2
11041.2
11033.2
11033.2
11033.2
11033.2
11033.2
11033.2
11033.2
11033.2
11033.2
11033.2
11033.2
11033.2
11033.2
11033.2
11033.2
11033.2
11033.2
11033.2
11033.2
11033.2
11033.2
11033.2
11033.2
11033.2
11033.2
11033.2
11033.2
11033.2
11033.2
11033.2
11033.2
11033.2
11033.2
11033.2
11033.2
11033.2
11033.2
11033.2
11033.2
11033.2
11033.2
11033.2
11033.2
11033.2
11033.2
