14267.2
13986
13985.2
13209.6
13097.2
13097.2
12997.2
12997.2
12997.2
12949.2
12949.2
12949.2
12949.2
12949.2
12928.8
12928.8
12928.8
12928.8
12928.8
12928.8
12928.8
12928.8
12824.8
12824.8
12824.8
12742.8
12742.8
12742.8
12742.8
12742.8
12742.8
12742.8
12742.8
12742.8
12742.8
12742.8
12742.8
12742.8
12742.8
12742.8
12742.8
12742.8
12707.2
12532.8
12341.6
12341.6
12341.6
11603.2
11569.2
11303.2
11303.2
11097.6
11097.6
11032.4
11032.4
11032.4
11032.4
11030.4
10995.6
10995.6
10995.6
10995.6
10995.6
10995.6
10907.6
10907.6
10859.6
10859.6
10731.6
10665.6
10665.6
10665.6
10665.6
10665.6
10665.6
10665.6
10665.6
10665.6
10665.6
10665.6
10665.6
10665.6
10665.6
10665.6
10665.6
10665.6
10665.6
10665.6
10665.6
10665.6
10665.6
10665.6
10665.6
10665.6
10665.6
10665.6
10665.6
10665.6
10665.6
10665.6
