13785.2
13563.6
13051.6
11344.4
11344.4
11344.4
11344.4
11103.6
11103.6
11103.6
11103.6
11103.6
11103.6
11103.6
10452
10452
10452
10452
10452
10452
10452
10452
10452
10400
10400
10388
10388
10388
10350
9893.6
9893.6
9320
9190
9190
9100.4
8860
8822
8822
8550
8550
8550
8550
8550
8542
8542
8542
8542
8542
8404
8400
8400
8400
8400
8400
8400
8400
8284
8284
8284
8284
8284
8284
8284
8284
8284
8284
8284
8280
8280
8280
8134
8134
8134
8134
8134
8134
8134
8134
8134
8134
8134
8134
8134
8134
8134
8134
8134
8134
8134
8134
8134
8134
8134
8134
8134
8134
8134
8134
8134
8134
