13329.2
12897.6
12858.4
12802.4
12097.6
12009.6
12009.6
11527.6
10708.8
10219.2
10123.2
9967.2
9967.2
9886.4
9884.4
9432
9146
9020
8860
8820
8820
8820
8746
8746
8746
8746
8514
8514
8514
8514
8514
8514
8514
8514
8514
8514
8514
8514
8514
8514
8514
8514
8514
8514
8514
8514
8514
8514
8514
8514
8514
8514
8514
8514
8514
8514
8514
8514
8484
8484
8484
8484
8484
8484
8484
8484
8484
8484
8484
8484
8484
8484
8484
8484
8484
8484
8484
8484
8484
8484
8484
8484
8484
8484
8484
8484
8484
8484
8484
8484
8484
8484
8484
8484
8484
8484
8484
8484
8484
8484
