19444
19159.2
18563.6
18298
18298
18242.4
17388
17388
17388
16770.4
16770.4
16770.4
16686.4
16686.4
16686.4
16686.4
16686.4
16670.4
16291.2
16291.2
16291.2
16291.2
16291.2
16279.2
16279.2
16279.2
15989.2
15529.6
15529.6
15457.6
15457.6
15457.6
15453.6
15429.6
15429.6
15315.6
15315.6
15315.6
15315.6
15315.6
15315.6
15315.6
15315.6
15315.6
15315.6
15009.6
15009.6
15009.6
15009.6
15009.6
15001.6
15001.6
15001.6
15001.6
15001.6
14907.6
14907.6
14907.6
14907.6
14906.4
14906.4
14906.4
14906.4
14906.4
14906.4
14906.4
14906.4
14906.4
14900.4
14900.4
14900.4
14894.4
14894.4
14894.4
14894.4
14894.4
14894.4
14894.4
14894.4
14894.4
14894.4
14894.4
14894.4
14894.4
14894.4
14894.4
14894.4
14894.4
14894.4
14894.4
14894.4
14894.4
14894.4
14894.4
14894.4
14894.4
14894.4
14894.4
14894.4
14894.4
