22910.8
20644
19966.4
19355.6
19193.6
18941.6
18741.6
18701.6
18675.2
18408
18408
18408
18408
18408
18253.6
18253.6
18143.2
18033.2
17825.2
17607.2
17567.2
17567.2
17567.2
17505.2
17467.2
17467.2
17467.2
17467.2
17467.2
17467.2
17467.2
17431.2
17431.2
17405.2
17405.2
17405.2
17405.2
17405.2
17405.2
17405.2
17405.2
17405.2
17405.2
17405.2
17405.2
17405.2
17405.2
17383.2
17383.2
17383.2
17383.2
17383.2
17383.2
17383.2
17361.2
17361.2
17361.2
17361.2
17361.2
17361.2
17361.2
17361.2
17361.2
17361.2
17361.2
17361.2
17361.2
17361.2
17361.2
17361.2
17361.2
17361.2
17361.2
17361.2
17361.2
17361.2
17361.2
17361.2
17361.2
17361.2
17361.2
17361.2
17361.2
17361.2
17361.2
17361.2
17361.2
17361.2
17361.2
17361.2
17361.2
17361.2
17361.2
17361.2
17361.2
17361.2
17361.2
17361.2
17361.2
17361.2
