13908.4
13121.2
11942.8
11942.8
11942.8
11942.8
11700.8
11549.2
10783.2
10783.2
10783.2
10783.2
10495.6
10331.6
10331.6
10331.6
10331.6
10258.8
9848.8
9848.8
9338.4
9338.4
9338.4
9338.4
9338.4
9338.4
9338.4
9338.4
9338.4
9338.4
9278.4
9278.4
9278.4
9278.4
9278.4
9278.4
9278.4
9278.4
9114.8
9114.8
9114.8
9114.8
9114.8
9114.8
9114.8
9114.8
9114.8
9114.8
9114.8
9114.8
9114.8
9114.8
9114.8
9114.8
8951.6
8951.6
8498.4
8498.4
8498.4
8488.4
8463.6
8463.6
8463.6
8317.6
8317.6
8297.6
8297.6
8297.6
8297.6
8297.6
8297.6
8297.6
8297.6
8297.6
8297.6
8297.6
8297.6
8297.6
8171.6
8171.6
8171.6
8171.6
8171.6
8116.8
8116.8
7872
7872
7872
7872
7872
7862
7862
7862
7862
7862
7862
7862
7862
7853.6
7843.6
