19822.8
18564
18416
18316
18218
18218
18218
18218
18218
18218
18218
18218
18218
18218
18218
18218
18218
18218
18218
18218
18218
18218
18218
18218
18218
18218
18218
18218
18218
18218
18218
18218
18218
18218
18218
18218
18218
18218
18218
18218
18218
18218
18218
18218
18218
18218
18218
18218
18218
18218
18218
18218
18218
18218
18218
18218
18218
18218
18218
18218
18218
18218
18218
18218
18218
18218
18218
18218
18218
18218
18218
18218
18218
18218
18218
18218
18218
18218
18218
18218
18218
18218
18218
18218
18218
18218
18218
18218
18218
18218
18218
18218
18218
18218
18218
18218
18218
18218
18218
18218
