14346.8
13967.2
13967.2
13410.4
13090.4
12707.6
12618
12618
12618
12618
12225.6
12139.6
12083.6
11991.2
11991.2
11987.2
11987.2
11889.2
11889.2
11841.2
11841.2
11733.2
11733.2
11733.2
11733.2
11733.2
11667.2
11665.2
11665.2
11569.2
11563.2
11563.2
11561.2
11501.6
11501.6
11424
11424
11338
11338
11338
11312.8
11312.8
11312.8
11312.8
11312.8
11312.8
11279.6
11279.6
11279.6
11279.6
11188.8
11142.8
10451.6
10287.6
10284
10284
10284
10284
10284
10284
10284
10216
10216
10216
10216
10216
10216
10216
10216
10168
10120.8
10120.8
10120.8
10120.8
10120.8
10120.8
10120.8
10120.8
10120.8
9964.8
9964.8
9964.8
9964.8
9886.4
9886.4
9886.4
9886.4
9886.4
9886.4
9886.4
9886.4
9886.4
9886.4
9886.4
9886.4
9886.4
9886.4
9886.4
9886.4
9886.4
