18862
17273.2
15786.4
15733.6
15624
15096
15088
14952
14127.2
14127.2
14023.2
14023.2
14023.2
13563.6
13563.6
13519.2
13519.2
13147.2
13063.2
13063.2
13063.2
13063.2
13063.2
12955.2
12955.2
12955.2
12955.2
12955.2
12949.2
12949.2
12949.2
12885.6
12885.6
12885.6
12885.6
12669.6
12669.6
12656.8
12595.6
12551.2
12418.8
12418.8
12418.8
12418.8
12418.8
12418.8
12418.8
12418.8
12418.8
12414.8
12414.8
12414.8
12414.8
12414.8
12414.8
12234.8
12234.8
12234.8
12234.8
12234.8
12234.8
12234.8
12234.8
12234.8
12234.8
12234.8
12234.8
12234.8
12234.8
12234.8
12234.8
12234.8
12234.8
12234.8
12234.8
12234.8
12234.8
12234.8
12234.8
12234.8
12234.8
12234.8
12234.8
12234.8
12234.8
12234.8
12234.8
12234.8
12234.8
12234.8
12234.8
12234.8
12234.8
12234.8
12234.8
12234.8
12234.8
12234.8
12234.8
12234.8
