8814.4
8284.4
8284.4
7815.6
7684
7684
7684
7684
7285.2
7285.2
7285.2
7285.2
7285.2
7285.2
7225.6
7225.6
7225.6
7225.6
7225.6
7225.6
7225.6
7225.6
7219.6
7219.6
7219.6
7219.6
7219.6
7219.6
7219.6
7219.6
7219.6
7219.6
7219.6
7219.6
7219.6
7144.8
6990.8
6902.8
6902.8
6902.8
6902.8
6902.8
6902.8
6902.8
6902.8
6902.8
6902.8
6902.8
6518.8
6518.8
6518.8
6518.8
6518.8
6518.8
6518.8
6518.8
6518.8
6518.8
6518.8
6518.8
6518.8
6516
6516
6516
6516
6516
6516
6480.8
6480.8
6480.8
6472.8
6472.8
6472.8
6472.8
6472.8
6472.8
6472.8
6472.8
6472.8
6472.8
6472.8
6472.8
6472.8
6472.8
6472.8
6472.8
6472.8
6472.8
6472.8
6472.8
6472.8
6472.8
6472.8
6472.8
6472.8
6472.8
6472.8
6472.8
6472.8
6472.8
