14808.8
13736
13031.6
12939.6
12939.6
12939.6
11517.6
11499.6
11432
10799.2
10755.6
10732
10588.4
10588.4
10545.2
10317.2
10317.2
10317.2
10317.2
10317.2
10317.2
10317.2
10264
10264
10264
10264
10264
10264
10264
10264
10264
10259.2
10115.2
10115.2
9947.2
9943.2
9943.2
9943.2
9943.2
9943.2
9875.2
9875.2
9875.2
9875.2
9875.2
9875.2
9871.2
9871.2
9869.2
9869.2
9420.8
9198.8
9198.8
9198.8
9198.8
9198.8
9198.8
9198.8
9035.6
8333.6
8155.6
8155.6
8139.6
8139.6
8139.6
8139.6
7898.8
7898.8
7768.8
7768.8
7768.8
7768.8
7768.8
7768.8
7768.8
7312.8
7140.8
7140.8
7140.8
7140.8
7140.8
7140.8
7140.8
7140.8
7140.8
7140.8
7140.8
7122.8
7122.8
7122.8
7122.8
7122.8
7122.8
7122.8
7122.8
7122.8
7122.8
7122.8
7122.8
7122.8
