18351.2
17826.4
17383.6
17383.6
17383.6
16765.6
16182.4
16182.4
16182.4
16182.4
16174.4
16174.4
15924.4
15770.4
15770.4
15612.4
15612.4
15612.4
15612.4
15612.4
15564.4
15564.4
15564.4
15564.4
15458.8
15458.8
15404.8
15404.8
15404.8
15404.8
15404.8
15404.8
15404.8
15404.8
15404.8
15404.8
15404.8
15164.8
15164.8
15164.8
15164.8
14998.8
14998.8
14998.8
14998.8
14998.8
14994.8
14994.8
14994.8
14994.8
14994.8
14994.8
14994.8
14994.8
14994.8
14994.8
14671.6
14671.6
14671.6
14671.6
14671.6
14671.6
14671.6
14671.6
14671.6
14671.6
14671.6
14671.6
14671.6
14629.6
14629.6
14629.6
14629.6
14629.6
14629.6
14629.6
14629.6
14629.6
14629.6
14629.6
14629.6
14629.6
14629.6
14629.6
14629.6
14629.6
14629.6
14629.6
14629.6
14629.6
14629.6
14629.6
14629.6
14629.6
14629.6
14629.6
14629.6
14583.6
14583.6
14583.6
14583.6
