32096.8
30863.6
28553.6
28553.6
27177.2
26948
26948
26948
26116.8
26116.8
25780.8
25444.8
25440.8
25432.8
24211.6
24211.6
24211.6
23863.6
23863.6
23863.6
23863.6
23863.6
23863.6
23863.6
23863.6
23863.6
23863.6
23698.8
23698.8
23698.8
23688.8
23688.8
23688.8
23688.8
22989.2
22989.2
22989.2
22989.2
22989.2
22989.2
22853.2
22701.2
22547.6
22547.6
21550.4
21550.4
21216.4
21044.4
21044.4
21044.4
20900.4
20900.4
20900.4
20900.4
20274.4
20274.4
20274.4
20274.4
20238.4
20200.4
20200.4
20200.4
20200.4
20200.4
20200.4
20200.4
20200.4
20200.4
20200.4
20200.4
20200.4
20200.4
20200.4
20200.4
20200.4
20200.4
20200.4
20200.4
20200.4
20200.4
20200.4
20200.4
20200.4
20200.4
20200.4
20200.4
20200.4
20200.4
20200.4
19048.4
19048.4
19048.4
19048.4
19048.4
19048.4
19048.4
19048.4
19048.4
19048.4
19048.4
