33016.4
33016.4
33016.4
32184.8
32021.2
29658.4
28906.4
28906.4
28906.4
28906.4
28906.4
28906.4
28601.2
25616
25616
25616
25616
25616
25616
25616
25616
25616
25310.4
25310.4
25310.4
25200
24576.8
24576.8
24576.8
24054
24054
24054
24054
24054
24054
24054
24054
24054
24054
24054
24054
23377.6
22754.8
22754.8
22754.8
22754.8
22754.8
22754.8
22754.8
22754.8
22754.8
22746.8
22694.8
22694.8
22552.8
22552.8
22552.8
21988.8
21988.8
21988.8
21988.8
21988.8
21988.8
21988.8
21988.8
21988.8
21548
21548
21548
21548
21548
21548
21548
21548
21444.4
21425.6
21411.6
21085.2
21085.2
21085.2
20855.2
20855.2
20855.2
20855.2
20819.2
20819.2
20819.2
20779.2
20779.2
20715.2
20715.2
20715.2
20715.2
20715.2
20425.6
20425.6
20425.6
20425.6
20425.6
20425.6
