33774.4
30066.8
29730.8
28439.2
25242
23519.2
23298.8
21951.2
20948.8
20868.8
20790.8
20664.8
20190.8
19986.8
19819.6
19819.6
19520.4
19520.4
19354.4
19354.4
19354.4
19354.4
19286.4
19286.4
19286.4
19226.4
19226.4
18648.4
18648.4
18648.4
18648.4
18648.4
18638.4
18610.4
18610.4
18518.4
17962.4
17962.4
17890.4
17370.8
17370.8
17370.8
17370.8
17370.8
17312.8
17312.8
17312.8
17312.8
17312.8
17312.8
17312.8
17173.6
17173.6
17173.6
17173.6
17173.6
17173.6
17123.6
17123.6
16991.6
16991.6
16991.6
16981.6
16981.6
16981.6
16981.6
16981.6
16981.6
16981.6
16981.6
16981.6
16981.6
16981.6
16981.6
16981.6
16981.6
16981.6
16981.6
16981.6
16981.6
16981.6
16981.6
16981.6
16981.6
16981.6
16981.6
16981.6
16981.6
16981.6
16981.6
16981.6
16981.6
16981.6
16981.6
16981.6
16981.6
16981.6
16981.6
16981.6
16981.6
