33547.2
28848.4
28503.2
26914.8
24199.6
20448
19497.6
19381.6
19381.6
19381.6
19381.6
19217.6
19213.6
19203.6
18872.8
18174.4
18174.4
18174.4
17714.8
17506.8
17494.8
17342.8
17160.8
16816.8
16816.8
16223.6
16209.6
16209.6
16209.6
16209.6
16049.2
16049.2
16049.2
15878.4
15878.4
15878.4
15878.4
15878.4
15696.8
15576.8
15576.8
15576.8
15576.8
14924.8
14924.8
14838.8
14838.8
14838.8
14838.8
14744.8
14744.8
14744.8
14744.8
14744.8
14744.8
14744.8
14744.8
14744.8
14744.8
14716.8
14716.8
14716.8
14716.8
14716.8
14716.8
14716.8
14716.8
14716.8
14702.8
14702.8
14702.8
14702.8
14702.8
14702.8
14702.8
14702.8
14702.8
14702.8
14702.8
14702.8
14702.8
14702.8
14702.8
14702.8
14702.8
14702.8
14702.8
14702.8
14702.8
14702.8
14702.8
14702.8
14702.8
14702.8
14702.8
14702.8
14702.8
14702.8
14702.8
14702.8
