26407.2
23542
22803.6
22750.4
21117.6
21105.6
21105.6
21105.6
20806.4
20754.4
20733.6
20733.6
20733.6
20733.6
20733.6
20733.6
20521.6
20461.6
20401.6
20401.6
20325.6
20325.6
19665.6
19665.6
19665.6
19665.6
19601.6
19601.6
19601.6
19599.6
19503.6
19503.6
19503.6
19503.6
19503.6
19503.6
19503.6
19503.6
19503.6
19503.6
19503.6
19503.6
19503.6
19503.6
19503.6
19503.6
19503.6
19503.6
19503.6
19503.6
19503.6
19503.6
19503.6
19503.6
19503.6
19495.6
19495.6
19453.6
19453.6
19453.6
19453.6
19453.6
19453.6
19453.6
19453.6
19453.6
19385.6
19385.6
19385.6
19283.6
19283.6
19283.6
19283.6
19283.6
19283.6
19255.6
19229.6
19229.6
19229.6
19229.6
18615.2
18615.2
18615.2
18615.2
18615.2
18364.8
18364.8
18364.8
18354.8
18285.2
18285.2
18285.2
18285.2
18285.2
18285.2
18275.2
18275.2
18275.2
18275.2
18275.2
18275.2
