17216.4
17216.4
17216.4
17216.4
17216.4
17216.4
14518.8
12790.8
10516
10516
9380
9012
8938
8938
8938
8936
8936
8936
8694
8694
8582
8582
8582
8524
8524
8524
8524
8524
8524
8370.4
8370.4
8370.4
8370.4
8370.4
8370.4
8370.4
8370.4
8370.4
8370.4
8370.4
8370.4
8370.4
8370.4
8370.4
8352.4
8346.4
8346.4
8346.4
8346.4
8346.4
8346.4
8346.4
8294
8294
8294
8294
8294
8294
8278
8278
8278
8278
8272
8272
8272
8272
8272
8272
8272
8272
8272
8272
8272
8272
8272
8272
8272
8272
8272
8272
8272
8272
8272
8272
8272
8272
8272
8272
8272
8272
8272
8272
8272
8272
8272
8272
8272
8272
8272
8272
