21252
19907.6
19407.6
19407.6
19407.6
19074.8
19074.8
19046.8
18856.8
18645.2
18645.2
18645.2
18645.2
18323.2
18323.2
18305.2
18305.2
18305.2
18237.2
17995.6
17953.6
17447.6
17415.6
17385.6
17385.6
17385.6
17317.6
17317.6
17317.6
17031.6
17031.6
17031.6
17031.6
17031.6
17031.6
17011.6
17011.6
17011.6
17011.6
17011.6
17011.6
16803.2
16803.2
16789.2
16785.2
16750
16750
16750
16568
16568
16090.4
16090.4
16090.4
16090.4
15952.4
15952.4
15952.4
15952.4
15952.4
15952.4
15952.4
15952.4
15952.4
15952.4
15952.4
15952.4
15952.4
15952.4
15882.4
15882.4
15882.4
15882.4
15882.4
15882.4
15882.4
15882.4
15882.4
15874.4
15874.4
15874.4
15874.4
15874.4
15874.4
15874.4
15874.4
15874.4
15874.4
15874.4
15874.4
15874.4
15874.4
15874.4
15874.4
15874.4
15874.4
15874.4
15874.4
15874.4
15874.4
15874.4
