14953.2
12245.6
11982.4
11982.4
11982.4
11960.4
11917.2
11917.2
11565.2
11565.2
11565.2
11565.2
11565.2
11101.2
11101.2
11043.2
11043.2
11043.2
10964.4
10964.4
10964.4
10950.4
10910
10816
10816
10740
10740
10740
10740
10740
10452
10452
10452
10452
10452
10452
10452
10298
10298
10298
10298
10298
10298
10298
10298
10298
10298
10232.4
10232.4
10060.4
10060.4
10060.4
10060.4
9999.6
9999.6
9893.6
9893.6
9893.6
9893.6
9893.6
9893.6
9893.6
9893.6
9893.6
9893.6
9891.6
9881.6
9881.6
9881.6
9881.6
9881.6
9881.6
9881.6
9881.6
9881.6
9881.6
9881.6
9881.6
9881.6
9881.6
9881.6
9881.6
9881.6
9881.6
9881.6
9881.6
9743.6
9741.6
9665.6
9665.6
9522.8
9522.8
9522.8
9364.8
9189.2
9189.2
9037.2
9037.2
9037.2
9037.2
