16555.2
14580.4
14580.4
13226.4
13226.4
13226.4
13062.4
12946.4
12946.4
12946.4
12946.4
12946.4
12783.2
12783.2
12783.2
12609.2
12419.2
12419.2
12419.2
12419.2
12419.2
12411.2
11847.2
11847.2
11847.2
11847.2
11847.2
11825.2
11825.2
11825.2
11825.2
11825.2
11679.2
11679.2
11623.2
11623.2
11275.2
11275.2
11275.2
11275.2
11275.2
11275.2
11275.2
11275.2
11275.2
11275.2
11275.2
11275.2
11275.2
11275.2
11275.2
11275.2
11275.2
11275.2
11275.2
11275.2
11275.2
11275.2
11275.2
11275.2
11275.2
11275.2
11275.2
11275.2
11275.2
11275.2
11275.2
11275.2
11275.2
11275.2
11275.2
11275.2
11275.2
11275.2
11275.2
11275.2
11275.2
11275.2
11275.2
11275.2
11275.2
11275.2
11275.2
11275.2
11275.2
11275.2
11275.2
11275.2
11275.2
11275.2
11275.2
11275.2
11275.2
11275.2
11275.2
11275.2
11275.2
11275.2
11275.2
11275.2
