16157.6
16157.6
16157.6
16157.6
16157.6
16157.6
15748
15618
15618
15618
15618
15618
14526.8
14526.8
14526.8
14526.8
14526.8
14526.8
14526.8
14155.2
14155.2
14155.2
14155.2
14155.2
14155.2
14155.2
14155.2
14155.2
14155.2
14155.2
14028
14028
14028
14028
13824.8
13700.8
13700.8
13700.8
13453.2
13324.4
13324.4
13315.2
13315.2
13315.2
13260.8
13260.8
12161.6
12161.6
12161.6
12161.6
12161.6
12161.6
12161.6
12161.6
12161.6
12161.6
12161.6
12161.6
12029.6
12029.6
12029.6
12029.6
12029.6
12029.6
12029.6
12029.6
12021.6
12021.6
12021.6
12021.6
12021.6
11963.6
11963.6
11935.6
11935.6
11935.6
11935.6
11935.6
11935.6
11889.6
11889.6
11889.6
11887.6
11887.6
11887.6
11887.6
11887.6
11887.6
11887.6
11887.6
11887.6
11887.6
11887.6
11887.6
11887.6
11887.6
11887.6
11827.6
11827.6
11827.6
