15666.8
13746.8
12079.2
11259.2
10983.2
10983.2
10983.2
10513.2
10513.2
10513.2
10499.2
10499.2
10367.2
10367.2
10367.2
10367.2
10285.2
10285.2
10271.2
10271.2
10115.2
10061.2
9939.2
9889.2
9889.2
9889.2
9889.2
9887.2
9887.2
9887.2
9887.2
9887.2
9887.2
9887.2
9887.2
9887.2
9887.2
9887.2
9887.2
9887.2
9887.2
9679.2
9679.2
9679.2
9679.2
9679.2
9679.2
9679.2
9679.2
9679.2
9679.2
9679.2
9679.2
9679.2
9679.2
9679.2
9679.2
9679.2
9679.2
9679.2
9679.2
9679.2
9679.2
9595.2
9595.2
9595.2
9595.2
9595.2
9595.2
9595.2
9595.2
9595.2
9595.2
9595.2
9595.2
9595.2
9595.2
9595.2
9595.2
9595.2
9595.2
9595.2
9595.2
9595.2
9595.2
9595.2
9595.2
9595.2
9595.2
9595.2
9595.2
9595.2
9595.2
9595.2
9595.2
9595.2
9595.2
9595.2
9595.2
9595.2
