31311.2
28510.4
28510.4
28510.4
28510.4
28510.4
28510.4
28510.4
27256.4
27255.6
27255.6
27255.6
26212.8
26212.8
26212.8
26212.8
26212.8
26212.8
26212.8
26212.8
26212.8
25392.4
25392.4
25392.4
25392.4
25392.4
25392.4
25392.4
25392.4
24948
24286.8
24286.8
23500
23500
23500
23500
23500
23500
23500
23500
23500
23500
23500
23430.4
23376.4
23376.4
23376.4
23376.4
22529.2
22529.2
22529.2
22529.2
22529.2
22529.2
22529.2
22529.2
22529.2
22507.2
22432.4
22432.4
22432.4
22432.4
22432.4
22432.4
22432.4
22432.4
22432.4
22414.8
22380.4
22380.4
22380.4
22114.8
22114.8
22114.8
22114.8
22114.8
22114.8
22042.4
22042.4
22042.4
22042.4
22042.4
22042.4
21594.4
21594.4
21564.4
21440.4
21440.4
21440.4
21440.4
21440.4
21328.4
21328.4
21328.4
21328.4
21328.4
21264.4
21264.4
21264.4
21264.4
