26198.4
16588
14467.2
12994.8
12994.8
12116.4
12116.4
11710
11710
11596.4
11596.4
11596.4
11462
11462
11462
11462
11327.2
11327.2
11327.2
11327.2
11327.2
11327.2
11316
11308
11308
11204
11204
11204
11204
11204
11204
11204
11204
11204
10708
10708
10708
10708
10504.8
10504.8
10446.4
10446.4
10446.4
10446.4
10356.4
10356.4
10356.4
10356.4
10356.4
10356.4
10356.4
10356.4
10356.4
10356.4
10356.4
10356.4
10356.4
10356.4
10356.4
10356.4
10356.4
10356.4
10356.4
10356.4
10356.4
10356.4
10356.4
10356.4
10356.4
10356.4
10356.4
10356.4
10356.4
10356.4
10356.4
10356.4
10356.4
10356.4
10356.4
10356.4
10356.4
10356.4
10356.4
10356.4
10356.4
10356.4
10356.4
10356.4
10356.4
10356.4
10356.4
10356.4
10356.4
10356.4
10356.4
10356.4
10356.4
10356.4
10356.4
10356.4
