35377.2
33449.2
33001.2
32788
31522.8
31476.8
31476.8
31476.8
31476.8
31216.4
31216.4
30801.2
30801.2
30801.2
30801.2
30685.2
30685.2
30685.2
30685.2
30685.2
30511.2
30511.2
30371.2
30371.2
30273.2
30271.2
30271.2
30223.2
30211.2
30211.2
30211.2
30211.2
30187.2
30187.2
30187.2
30187.2
29440.4
29440.4
29440.4
29434.4
29434.4
29434.4
29434.4
29434.4
29434.4
29434.4
29434.4
29434.4
29434.4
29434.4
29434.4
29103.2
29103.2
29103.2
29103.2
29103.2
29103.2
27504
27504
27504
27504
27504
27504
27504
27504
27504
27504
27504
27504
27504
27504
27292
27268
27268
27268
27268
27268
27268
27231.6
27231.6
27231.6
27231.6
27155.6
27155.6
27137.6
27137.6
27137.6
27091.6
27037.6
27033.6
27033.6
27005.6
27005.6
27005.6
27005.6
27005.6
27005.6
27005.6
27005.6
27005.6
27005.6
