12075.2
12075.2
12075.2
12075.2
12075.2
12075.2
10459.2
10459.2
10459.2
10459.2
10459.2
10459.2
10459.2
10459.2
10459.2
10459.2
10459.2
10459.2
10459.2
10459.2
10459.2
10459.2
10459.2
10459.2
10459.2
10459.2
10459.2
10459.2
10459.2
10459.2
10459.2
10459.2
10459.2
10459.2
10459.2
10459.2
10278
10278
10278
10278
9566.8
9566.8
9566.8
9566.8
9566.8
9566.8
9566.8
9566.8
9566.8
9566.8
9566.8
9566.8
9566.8
9566.8
9566.8
9566.8
9566.8
9566.8
9566.8
9566.8
9566.8
9566.8
8332
8332
8332
8332
8332
8332
8332
8332
8332
8332
8226.8
8226.8
8226.8
8022.8
8022.8
7615.6
7615.6
7615.6
7615.6
7615.6
7615.6
7615.6
7615.6
7615.6
7501.6
7318.4
7318.4
7318.4
7318.4
6124.4
6124.4
6124.4
6124.4
6124.4
6124.4
6124.4
6124.4
6124.4
