19505.2
17063.2
16042.8
14958.8
14958.8
14958.8
14748.8
14748.8
14522.4
14522.4
14512.4
14020.4
14020.4
14020.4
13731.2
13657.2
13657.2
13623.2
13623.2
13038.4
12696.4
12696.4
12690.4
12690.4
12571.6
12444.8
12444.8
12444.8
12146
12146
12146
12146
12146
12146
12146
12055.2
12055.2
11739.2
11739.2
11739.2
11593.2
11593.2
11593.2
11593.2
11593.2
11593.2
11593.2
11555.2
11551.2
11551.2
11551.2
11551.2
11551.2
11551.2
11551.2
11262.4
11262.4
10854
10854
10776.4
10776.4
10776.4
10776.4
10776.4
10776.4
10776.4
10776.4
10776.4
10776.4
10776.4
10776.4
10776.4
10776.4
10776.4
10776.4
10776.4
10776.4
10776.4
10776.4
10776.4
10776.4
10776.4
10776.4
10776.4
10776.4
10776.4
10776.4
10776.4
10776.4
10776.4
10776.4
10776.4
10776.4
10776.4
10776.4
10776.4
10776.4
10776.4
10776.4
10776.4
