24990.8
24614.8
13812.8
13812.8
13812.8
13812.8
13812.8
13812.8
13812.8
13812.8
13812.8
13810.4
13810.4
13810.4
13810.4
13810.4
13810.4
13810.4
13810.4
13810.4
13810.4
13682.8
13682.8
12774
12774
12622
12622
12246.8
12246.8
12046.4
12046.4
11683.6
11455.6
11322.8
11322.8
11322.8
11322.8
11322.8
11322.8
11322.8
11322.8
11132.4
11132.4
11132.4
11132.4
11132.4
11038
11038
11038
11038
11038
11038
11038
11038
11038
11038
11038
11038
11038
11038
11038
11038
11038
11038
11038
11038
11027.2
11027.2
11027.2
11025.2
11025.2
11025.2
11025.2
11025.2
11025.2
11025.2
11025.2
11025.2
11025.2
11025.2
11025.2
10488.4
10488.4
10488.4
10488.4
10488.4
10488.4
10488.4
10488.4
10488.4
10488.4
10478.4
10478.4
10478.4
10478.4
10478.4
10478.4
10478.4
10478.4
10478.4
