20875.2
20118.8
17604
16514
16490
16462
16462
16029.2
15992
15075.2
14883.2
14483.2
14348
14348
14348
14339.2
14339.2
14339.2
14232
14232
14220
14220
14220
14220
14142.8
14142.8
14142.8
14142.8
14142.8
14142.8
14142.8
14142.8
14142.8
14142.8
14142.8
14131.2
14131.2
14131.2
13882.8
13882.8
13882.8
13882.8
13882.8
13882.8
13882.8
13882.8
13882.8
13854.8
13854.8
13854.8
13854.8
13854.8
13850.8
13850.8
13850.8
13770.8
13770.8
13770.8
13770.8
13770.8
13770.8
13770.8
13770.8
13770.8
13770.8
13770.8
13770.8
13770.8
13770.8
13770.8
13770.8
13614.8
13614.8
13614.8
13614.8
13614.8
13614.8
13614.8
13614.8
13614.8
13614.8
13614.8
11910
11910
11797.2
11797.2
11797.2
11797.2
11797.2
11797.2
11797.2
11649.2
11649.2
11649.2
11649.2
11649.2
11649.2
11649.2
11649.2
11649.2
