25402.4
22664.4
17734
15740
15616
15393.6
15173.2
14860.4
14324.8
14324.8
13853.2
13186.8
13186.8
13186.8
13186.8
13186.8
13186.8
12852.4
12852.4
12852.4
12852.4
12397.2
12397.2
12397.2
12397.2
12397.2
12397.2
12397.2
12397.2
12397.2
12397.2
12389.2
12353.2
12353.2
12353.2
12353.2
12353.2
12353.2
12353.2
12353.2
12353.2
12353.2
12353.2
12103.2
12103.2
12103.2
12103.2
12103.2
12103.2
12103.2
12103.2
12103.2
12103.2
12103.2
12103.2
12103.2
12103.2
12103.2
12103.2
12103.2
12103.2
12103.2
12103.2
12103.2
12103.2
12103.2
12103.2
12103.2
12103.2
12103.2
12103.2
12103.2
12103.2
12103.2
12103.2
12103.2
12103.2
12103.2
12103.2
12103.2
12103.2
12103.2
12097.2
12097.2
12097.2
12097.2
12097.2
12097.2
12097.2
12097.2
12097.2
12097.2
12097.2
12097.2
12097.2
12097.2
12097.2
12097.2
12097.2
12097.2
