27388.4
27320.4
26739.6
23280.8
22867.6
22520
22099.6
21880
21626.8
20842.8
20120.8
19580.8
19563.6
19548.8
19364.8
18766.8
18766.8
18682.8
18682.8
18682.8
18682.8
18682.8
18682.8
18610.8
18610.8
18606.8
18215.6
18215.6
17870.8
17776.8
17776.8
17776.8
17603.2
17603.2
16997.2
16997.2
16997.2
16997.2
16997.2
16997.2
16997.2
16997.2
16987.2
16987.2
16987.2
16957.2
16957.2
16957.2
16957.2
16957.2
16957.2
16957.2
16957.2
16957.2
16957.2
16957.2
16957.2
16957.2
16957.2
16957.2
16957.2
16957.2
16957.2
16957.2
16957.2
16957.2
16957.2
16957.2
16957.2
16957.2
16957.2
16957.2
16957.2
16957.2
16957.2
16957.2
16957.2
16957.2
16957.2
16957.2
16957.2
16957.2
16957.2
16957.2
16957.2
16957.2
16957.2
16957.2
16957.2
16957.2
16957.2
16957.2
16957.2
16957.2
16957.2
16957.2
16957.2
16957.2
16957.2
16957.2
