31396.4
30634
29232
28788.4
28193.6
28193.6
27772
27041.6
27041.6
25802
25722
25566
20984.4
20628.4
20628.4
20628.4
20628.4
20628.4
20628.4
20628.4
19958
19958
19958
19958
19958
19958
19958
19958
19958
19548
19548
19548
19548
19548
19548
19548
19548
19548
19548
19548
19548
19548
19548
19548
19548
19548
19548
19548
19548
19548
19548
19548
19548
19548
19544
19544
19544
19544
19544
19544
19544
19544
19544
19544
19544
19544
19544
19544
19392
19392
19392
19392
19392
19392
19392
19392
19376
19376
19376
19376
19376
19376
19376
19376
19376
19376
19376
19376
19376
19376
19376
19376
19376
19376
19376
19376
19376
19376
19376
19376
