31030
30950.4
30008.4
29192.4
20184.4
20184.4
20184.4
20184.4
20184.4
20184.4
20184.4
19295.6
19295.6
19295.6
19295.6
19295.6
18560.4
18207.6
16074.4
16074.4
16074.4
16074.4
15647.2
15647.2
15647.2
15647.2
15539.2
15539.2
15404.8
15404.8
15404.8
15362.8
15362.8
15362.8
15362.8
15362.8
15362.8
15338.8
15338.8
15338.8
15338.8
15338.8
15338.8
15223.6
15223.6
15223.6
15223.6
15223.6
15079.6
15079.6
15079.6
15079.6
14983.6
14983.6
14983.6
14983.6
14983.6
14983.6
14983.6
14983.6
14983.6
14983.6
14795.6
14795.6
14333.6
14333.6
14317.6
14115.6
13999.6
13999.6
13999.6
13999.6
13999.6
13999.6
13977.6
13977.6
13977.6
13789.6
13789.6
13789.6
13789.6
13789.6
13789.6
13789.6
13789.6
13789.6
13789.6
13789.6
13789.6
13789.6
13789.6
13789.6
13789.6
13789.6
13789.6
13789.6
13789.6
13789.6
13789.6
13789.6
