31237.6
27962
24480
23201.2
22586.4
21940.4
21940.4
21880.4
21628.4
21628.4
21628.4
21266.4
21020.4
21020.4
20038.4
20038.4
19799.2
19587.2
19391.2
18943.2
18943.2
18857.6
18713.6
18713.6
18294.4
18294.4
18140.4
18103.2
18012
17744
17744
17744
17158
17062
17062
17018
17018
16546
16546
16546
16546
16546
16546
16440
16440
16200.8
16047.6
16047.6
16047.6
16047.6
16047.6
15951.6
15097.6
15097.6
15097.6
15097.6
15097.6
15097.6
15097.6
15097.6
15097.6
15097.6
15097.6
15001.6
15001.6
15001.6
15001.6
15001.6
15001.6
15001.6
15001.6
15001.6
15001.6
15001.6
15001.6
15001.6
15001.6
15001.6
15001.6
15001.6
15001.6
15001.6
15001.6
15001.6
15001.6
15001.6
15001.6
15001.6
15001.6
15001.6
15001.6
14991.6
14991.6
14991.6
14991.6
14991.6
14991.6
14991.6
14991.6
14977.6
