27386.4
25598.4
25596.4
25295.2
25186.4
25081.2
24707.2
24707.2
24354.8
24354.8
23892.8
23452.8
22820
22820
22820
22678
22678
22678
22678
22678
21812.8
21812.8
21812.8
21812.8
21446.8
21446.8
21146.8
20726.8
20726.8
20726.8
20726.8
20726.8
20726.8
20726.8
20726.8
20726.8
20446.8
20446.8
20446.8
20446.8
20446.8
20446.8
20446.8
20446.8
20419.6
20419.6
20419.6
20419.6
20378.8
20378.8
20378.8
19648
19648
19648
19160.8
18793.2
18793.2
18793.2
18793.2
18745.2
18745.2
18533.2
18533.2
18533.2
18533.2
18199.2
18199.2
18199.2
18199.2
18199.2
18199.2
18199.2
18199.2
18199.2
18199.2
18199.2
18199.2
18199.2
18199.2
18199.2
18199.2
18199.2
18199.2
18199.2
18199.2
18199.2
18199.2
18199.2
18199.2
18199.2
18199.2
18199.2
18199.2
18199.2
18199.2
18199.2
18199.2
18199.2
18199.2
18199.2
