21288.4
19559.6
19559.6
19559.6
19559.6
19559.6
19559.6
19559.6
19559.6
19559.6
19559.6
19559.6
19559.6
19559.6
19559.6
19559.6
19559.6
19559.6
19463.2
19463.2
19463.2
19463.2
19463.2
19463.2
18774
18602
18602
18602
18597.2
17964.8
17557.2
16931.2
16931.2
16931.2
16931.2
16931.2
16931.2
16931.2
16931.2
16931.2
15600.8
15286
15286
15090
14918
14559.2
14559.2
14559.2
14559.2
14559.2
14559.2
14559.2
14559.2
14559.2
14559.2
14559.2
14559.2
14559.2
14559.2
14559.2
13952.8
13952.8
13468.4
13456
12440.4
12440.4
12342.4
12296.4
12296.4
12296.4
12296.4
12296.4
12296.4
12296.4
12296.4
12296.4
12296.4
12296.4
12296.4
12296.4
12296.4
12296.4
12296.4
12296.4
12296.4
12296.4
12296.4
12296.4
12296.4
12296.4
12296.4
12296.4
12296.4
11286.8
11286.8
10686.8
10686.8
10686.8
10686.8
10686.8
