26056.8
25171.2
23887.6
20924
20772
20650
20032
20032
20032
20032
19889.2
18937.6
18937.6
18937.6
18905.2
18691.2
18657.2
18627.2
18627.2
18593.2
18593.2
18593.2
18547.2
18547.2
18547.2
18547.2
18547.2
18547.2
18175.6
18175.6
18175.6
18175.6
17396.4
17384.4
17184.4
17184.4
17184.4
17101.6
17101.6
17001.6
17001.6
17001.6
16888.8
16620
16620
16620
16228.8
15588.8
15588.8
15588.8
15422.8
15422.8
15390.8
15390.8
15390.8
15390.8
15054.8
15054.8
14960.8
14960.8
14694.8
14694.8
14694.8
14694.8
14694.8
14694.8
14694.8
14694.8
14694.8
14694.8
14694.8
14694.8
14694.8
14694.8
14694.8
14694.8
14694.8
14694.8
14694.8
14694.8
14694.8
14694.8
14694.8
14694.8
14694.8
14694.8
14680.8
14680.8
14680.8
14680.8
14680.8
14680.8
14680.8
14680.8
14628.8
14628.8
14628.8
14602.8
14602.8
14602.8
