32355.2
31498
28879.2
28284.8
28284
27415.2
27075.2
26647.2
26122.4
25325.2
25325.2
25325.2
25325.2
24622.4
23760.4
23760.4
23760.4
23760.4
23760.4
22658.4
22554
22554
22398
22398
22398
22398
22398
22398
22398
22398
21311.2
21311.2
21311.2
21311.2
21311.2
21311.2
21311.2
21311.2
21311.2
21181.2
21181.2
21181.2
21181.2
21181.2
21181.2
21181.2
20995.2
20995.2
20995.2
20995.2
20995.2
20995.2
20995.2
20995.2
20995.2
20995.2
20995.2
20995.2
20995.2
20995.2
20995.2
20995.2
20995.2
20995.2
20995.2
20995.2
20995.2
20995.2
20995.2
20995.2
20995.2
20995.2
20995.2
20995.2
20995.2
20995.2
20995.2
20995.2
20995.2
20995.2
20995.2
20995.2
20995.2
20995.2
20995.2
20812.4
20812.4
20812.4
20812.4
20692.4
20692.4
20692.4
20692.4
20692.4
20692.4
20692.4
20692.4
20692.4
20692.4
20692.4
