26936.8
21707.6
21707.6
21707.6
16630.4
16630.4
16630.4
16630.4
16630.4
16630.4
16630.4
16630.4
16630.4
16630.4
16630.4
16630.4
16630.4
16630.4
16630.4
16630.4
16630.4
16630.4
16630.4
16630.4
16630.4
16630.4
16630.4
16630.4
16630.4
16630.4
16630.4
16630.4
16393.6
16393.6
16393.6
16393.6
16393.6
15927.2
15925.2
15925.2
15925.2
15925.2
15925.2
15925.2
15925.2
15925.2
15925.2
15895.2
15895.2
15865.6
15865.6
15670
15320.4
15320.4
15225.6
15225.6
15225.6
14879.2
14879.2
14879.2
14879.2
14879.2
14879.2
14879.2
14879.2
14879.2
14879.2
14879.2
14504.8
14504.8
14504.8
14504.8
14504.8
14504.8
14504.8
14504.8
14504.8
14504.8
14504.8
14504.8
14504.8
14504.8
14504.8
14294.8
14294.8
14294.8
14003.6
14003.6
14003.6
14003.6
14003.6
14003.6
14003.6
14003.6
14003.6
14003.6
14003.6
14003.6
13777.2
13777.2
