13284.4
13284.4
12677.6
12496.8
12496.8
12496.8
12224
12117.6
12117.6
12117.6
12117.6
12117.6
12117.6
12117.6
12117.6
11979.6
11979.6
11690
11690
11528.4
11528.4
10906.4
10906.4
10906.4
10720.8
10720.8
10720.8
10720.8
10720.8
10720.8
10720.8
10720.8
10720.8
10720.8
10487.6
10455.6
10455.6
10455.6
10455.6
10455.6
10455.6
10455.6
10455.6
10455.6
10455.6
10455.6
10455.6
10455.6
10455.6
10455.6
10455.6
10455.6
10455.6
10455.6
10455.6
10455.6
10455.6
10455.6
10455.6
10455.6
10455.6
10455.6
10455.6
10455.6
10455.6
10455.6
10455.6
10455.6
10455.6
10455.6
10455.6
10455.6
10455.6
10455.6
10455.6
10455.6
10455.6
10455.6
10455.6
10455.6
10455.6
10455.6
10455.6
10455.6
10455.6
10455.6
10455.6
10455.6
10455.6
10455.6
10455.6
10455.6
10455.6
10455.6
10455.6
10455.6
10455.6
10455.6
10455.6
10455.6
