119698
116403
113701
109676
109676
109676
109336
107300
107300
107300
105669
105669
105669
105669
105669
105549
105526
105526
105526
105465
105402
105402
104964
104964
104964
104608
104608
104608
104608
104608
104608
104608
104608
104608
104608
104608
104320
103852
103852
101735
101018
101018
101018
100686
100686
100686
100686
100686
100686
100686
100369
100369
97812.4
97812.4
97812.4
96181.6
96174.4
96083.6
94588.8
94588.8
94588.8
94350.8
94350.8
94258.8
94258.8
92331.6
91500.8
91454.8
91454.8
91454.8
91268.8
91010
90678
90678
90678
90678
90678
90653.6
90001.6
90001.6
89506.4
89194.4
89194.4
89194.4
89128.4
89126.4
89126.4
89126.4
89126.4
89126.4
89126.4
89126.4
89126.4
89126.4
89126.4
89126.4
89126.4
89126.4
89126.4
89126.4
