106290
106106
106106
106106
106106
106106
106106
106106
106106
106106
106106
106106
106106
106106
106106
106106
106106
106106
106106
106106
106106
106106
106106
106106
106106
106106
106106
100862
98722.4
98722.4
98722.4
97719.6
96774.8
96774.8
96039.2
95761.2
95761.2
93719.2
93719.2
93704.4
93704.4
93704.4
91643.6
91643.6
91560.8
91560.8
91560.8
91560.8
91560.8
91560.8
91560.8
91560.8
91560.8
91560.8
91560.8
91560.8
91560.8
91560.8
91560.8
91560.8
91560.8
91560.8
91560.8
91560.8
91560.8
91560.8
91560.8
91560.8
91560.8
91560.8
91560.8
91560.8
91560.8
91536
91536
91536
91536
91536
91536
91525.2
91525.2
91525.2
91525.2
91525.2
89624
89624
89624
89624
88327.2
88327.2
88327.2
88327.2
88327.2
88327.2
86918.4
86918.4
86918.4
86488.4
86386.4
86386.4
