103165
101818
101818
101818
101818
101818
99768.8
99768.8
99768.8
99768.8
99768.8
99768.8
97394.8
97394.8
97394.8
97394.8
97394.8
96202.4
91956.4
91956.4
91956.4
91956.4
91956.4
91956.4
91956.4
91266
91266
91266
91266
91266
91266
91266
91266
91266
91266
91266
91266
91266
91116
91116
91116
91116
91116
91116
91116
91116
86792.8
86792.8
86792.8
86792.8
86792.8
83854
83854
83854
83854
83854
83854
83854
83854
83854
83854
83854
82904.4
82904.4
82904.4
82904.4
82904.4
82904.4
82904.4
81524
79135.6
79135.6
79135.6
79135.6
79135.6
79135.6
79135.6
79135.6
78240.4
76888.4
76888.4
76888.4
76888.4
76888.4
76888.4
76888.4
76888.4
76888.4
76888.4
76888.4
76888.4
76888.4
76529.6
76529.6
76529.6
76229.6
76229.6
76229.6
75895.6
75895.6
