112260
111712
111712
111382
111334
109930
109930
107734
107394
104566
104566
103343
103343
103343
102186
102186
102136
102015
101919
101744
101744
101270
101270
100930
100804
100804
100804
100804
100804
98016
98016
98016
98016
98016
98016
97985.2
97733.2
97695.2
97642
97642
97598
97002.8
97002.8
97002.8
96813.2
96813.2
96813.2
95263.2
95249.2
95249.2
95249.2
95249.2
95249.2
95249.2
95249.2
95249.2
95249.2
95249.2
94742.8
94742.8
94062.8
91282.4
91282.4
91228
91228
91228
91228
91228
91228
91228
91228
91228
91228
91228
91046.4
91046.4
91046.4
90954.4
90954.4
90954.4
90954.4
90954.4
90954.4
90954.4
90843.2
90843.2
90843.2
90843.2
90843.2
90823.2
90807.2
90807.2
90807.2
89728
89728
89728
89728
89699.6
89699.6
89699.6
89699.6
