126261
119746
119746
116512
116512
116512
116512
116512
116512
116512
116512
116437
114412
112510
108779
108779
108779
108779
108779
108779
108779
108779
108779
108779
107528
107528
107528
107528
107528
107528
107528
106388
106388
105098
104717
101505
101505
101505
101505
101171
101171
101171
101171
100236
100236
100052
100052
100052
100052
100052
100052
100052
100052
100014
100014
99945.6
99945.6
99945.6
99945.6
99830
99830
99625.2
99625.2
99625.2
98862
98862
98819.6
98819.6
98819.6
98819.6
98819.6
98819.6
98819.6
98167.6
98167.6
98167.6
98167.6
98167.6
98167.6
98167.6
98167.6
98167.6
98051.6
98051.6
98051.6
98051.6
98051.6
98051.6
98020.8
97899.6
97899.6
97899.6
97899.6
97899.6
97899.6
97899.6
97899.6
97895.6
97895.6
97777.6
