57.6
57.6
57.6
57.6
57.6
57.6
57.6
57.6
56
53.6
53.6
53.6
53.6
53.6
53.6
53.6
53.6
53.6
51.6
43.6
43.6
43.6
43.6
37.6
37.6
37.6
37.6
37.6
37.6
37.6
37.6
37.6
37.6
37.6
37.6
37.6
37.6
37.6
37.6
37.6
37.6
37.6
37.6
37.6
37.6
37.6
37.6
37.6
37.6
37.6
37.6
37.6
37.6
37.6
37.6
37.6
37.6
37.6
37.6
37.6
37.6
37.6
37.6
37.6
37.6
37.6
37.6
37.6
37.6
37.6
37.6
37.6
37.6
37.6
37.6
37.6
37.6
37.6
37.6
37.6
37.6
37.6
37.6
37.6
37.6
37.6
37.6
37.6
37.6
37.6
37.6
37.6
37.6
37.6
37.6
37.6
37.6
37.6
37.6
37.6
37.6
