4310.4
3959.2
3853.2
3677.6
3402.4
3402.4
3311.2
3249.2
3243.2
3243.2
3243.2
3237.2
3237.2
3237.2
3237.2
3237.2
3237.2
3235.2
3235.2
3145.2
3145.2
3145.2
3145.2
3145.2
3145.2
3145.2
3145.2
3145.2
3145.2
3145.2
3145.2
3145.2
3145.2
3145.2
3145.2
3145.2
3145.2
3145.2
3145.2
3089.6
2987.2
2987.2
2987.2
2987.2
2987.2
2987.2
2987.2
2987.2
2632.8
2632.8
2330.8
2330.8
2330.8
2330.8
2330.8
2330.8
2330.8
2330.8
2330.8
2330.8
2330.8
2330.8
2330.8
2330.8
2330.8
2330.8
2330.8
2330.8
2330.8
2330.8
2330.8
2330.8
2330.8
2330.8
2330.8
2330.8
2330.8
2330.8
2330.8
2330.8
2330.8
2330.8
2330.8
2330.8
2330.8
2330.8
2330.8
2330.8
2330.8
2330.8
2330.8
2330.8
2330.8
2330.8
2330.8
2330.8
2330.8
2330.8
2330.8
2330.8
