6957.2
6939.2
6895.2
5974
5866
5866
5866
5866
5866
5866
5866
5866
5569.2
5569.2
4599.2
4599.2
4599.2
4469.2
4469.2
4199.2
4199.2
4199.2
4199.2
4199.2
4199.2
4199.2
4199.2
4199.2
4199.2
4199.2
4199.2
4199.2
4199.2
4199.2
4199.2
4199.2
4199.2
4199.2
4199.2
4199.2
4199.2
4199.2
4199.2
4199.2
4199.2
4199.2
4199.2
4199.2
4199.2
4199.2
4199.2
4199.2
4199.2
4199.2
4199.2
4199.2
4199.2
4199.2
4199.2
4199.2
4199.2
4199.2
4199.2
4199.2
4199.2
4199.2
4199.2
4199.2
4199.2
4199.2
4199.2
4199.2
4199.2
4199.2
4199.2
4199.2
4199.2
4199.2
4199.2
4199.2
4199.2
4199.2
4199.2
4199.2
4199.2
4199.2
4199.2
4199.2
4199.2
4199.2
4199.2
4199.2
4199.2
4199.2
4199.2
4199.2
4199.2
4199.2
4199.2
4199.2
