6196.8
6146.4
5665.2
5665.2
5665.2
5665.2
5472.8
5472.8
5472.8
5472.8
4980.8
4980.8
4980.8
4830.8
4830.8
4708.8
4690.8
4481.6
4376.8
4376.8
4376.8
4376.8
4376.8
4376.8
4376.8
4376.8
4376.8
4376.8
4376.8
4376.8
4376.8
4376.8
4376.8
4376.8
4376.8
4376.8
4376.8
4376.8
4376.8
4376.8
4376.8
4376.8
4376.8
4376.8
4376.8
4376.8
4376.8
4376.8
4376.8
4376.8
4376.8
4376.8
4376.8
4376.8
4376.8
4376.8
4376.8
4376.8
4376.8
4376.8
4376.8
4376.8
4376.8
4376.8
4376.8
4376.8
4376.8
4376.8
4376.8
4376.8
4376.8
4376.8
4376.8
4376.8
4376.8
4376.8
4376.8
4376.8
4376.8
4376.8
4376.8
4376.8
4376.8
4376.8
4376.8
4376.8
4376.8
4376.8
4376.8
4376.8
4376.8
4376.8
4376.8
4376.8
4376.8
4376.8
4376.8
4376.8
4376.8
4376.8
