4828.8
4009.2
3800.8
3706.8
3684
3428
3376
3310
3310
3016
2922
2920
2920
2868
2868
2868
2868
2868
2868
2868
2868
2790
2734
2734
2734
2734
2734
2734
2734
2734
2734
2734
2734
2734
2734
2734
2734
2734
2734
2734
2734
2734
2734
2734
2734
2734
2734
2734
2734
2734
2734
2590
2590
2590
2514
2508
2438
2438
2438
2304
2304
2304
2304
2304
2304
2304
2304
2304
2304
2304
2304
2304
2304
2304
2304
2304
2304
2304
2304
2304
2226
2226
2172
2172
2172
2172
2172
2172
2172
2172
2172
2172
2172
2172
2172
2172
2172
2172
2172
2172
