6506
5760.8
5696
5696
5696
5307.2
4498.4
4498.4
4498.4
4498.4
4498.4
4466.4
4466.4
4458.4
4458.4
4458.4
4458.4
4458.4
4458.4
4458.4
4458.4
4458.4
4458.4
4458.4
4458.4
4458.4
4458.4
4458.4
4458.4
4458.4
4458.4
4438.4
4438.4
4438.4
4438.4
4438.4
4438.4
4438.4
4319.6
4319.6
4319.6
4319.6
4319.6
4319.6
4319.6
4319.6
4319.6
4319.6
4319.6
4319.6
4319.6
4194.4
4194.4
4194.4
4194.4
4194.4
4194.4
4194.4
4194.4
4194.4
4194.4
4194.4
4194.4
4194.4
4194.4
4194.4
4194.4
4194.4
4194.4
4194.4
4194.4
4194.4
4194.4
4194.4
4194.4
4194.4
4194.4
4194.4
4194.4
4194.4
4194.4
4194.4
4194.4
4194.4
4194.4
4194.4
4194.4
4194.4
4194.4
4194.4
4194.4
4194.4
4194.4
4194.4
4194.4
4194.4
4194.4
4194.4
4194.4
4194.4
4194.4
