4488
4488
4488
4488
4488
4488
4488
4368.4
4368.4
4124.4
4124.4
3700.8
3700.8
3700.8
3700.8
3700.8
3700.8
3700.8
3700.8
3700.8
3700.8
3700.8
3647.2
3647.2
3647.2
3647.2
3647.2
3547.2
3491.2
3491.2
3089.2
3089.2
3089.2
3089.2
3089.2
3089.2
3089.2
3089.2
3089.2
3089.2
3089.2
3089.2
3089.2
3089.2
3089.2
3089.2
3089.2
3089.2
3089.2
3089.2
3089.2
3089.2
3089.2
3089.2
3089.2
3089.2
3089.2
3089.2
2967.2
2967.2
2967.2
2967.2
2967.2
2967.2
2967.2
2967.2
2967.2
2967.2
2967.2
2967.2
2967.2
2967.2
2967.2
2967.2
2967.2
2967.2
2967.2
2967.2
2967.2
2967.2
2967.2
2967.2
2967.2
2967.2
2967.2
2967.2
2967.2
2967.2
2967.2
2967.2
2967.2
2967.2
2967.2
2967.2
2967.2
2967.2
2967.2
2944.8
2938.8
2938.8
