7866.8
7810.8
7810.8
7240.8
7236.8
6982.8
6978.8
6978.8
6978.8
6978.8
6978.8
6978.8
6978.8
6978.8
6797.2
6787.2
6539.6
6369.6
6369.6
6369.6
6369.6
6369.6
6369.6
6369.6
6261.6
6227.6
6227.6
6101.6
6101.6
6023.6
6023.6
5889.6
5889.6
5797.6
5797.6
5797.6
5797.6
5797.6
5797.6
5797.6
5797.6
5797.6
5797.6
5797.6
5797.6
5797.6
5797.6
5797.6
5797.6
5797.6
5797.6
5797.6
5797.6
5797.6
5797.6
5797.6
5797.6
5797.6
5797.6
5797.6
5797.6
5797.6
5797.6
5797.6
5797.6
5797.6
5797.6
5797.6
5797.6
5797.6
5797.6
5797.6
5797.6
5797.6
5797.6
5797.6
5797.6
5797.6
5797.6
5797.6
5797.6
5797.6
5797.6
5797.6
5797.6
5797.6
5797.6
5797.6
5797.6
5797.6
5797.6
5797.6
5797.6
5797.6
5797.6
5797.6
5797.6
5797.6
5797.6
5797.6
