13468.4
10697.6
9608
9608
9194.4
8481.6
8481.6
8026.8
7677.6
7301.6
7251.2
7147.2
7147.2
7147.2
7006
6954
6644.4
6558.4
6512.8
6512.8
6494.8
6494.8
6486.8
6486.8
6486.8
6486.8
6486.8
6486.8
6486.8
6486.8
6486.8
6486.8
6384.8
6384.8
6384.8
6384.8
6384.8
6384.8
6384.8
6384.8
6384.8
6384.8
6384.8
6384.8
6153.6
6153.6
6153.6
6153.6
6153.6
6153.6
6153.6
6153.6
6153.6
6011.6
6011.6
6011.6
6011.6
6011.6
6011.6
6011.6
6011.6
6011.6
6011.6
6011.6
6011.6
6011.6
6011.6
6011.6
6011.6
6011.6
6011.6
6011.6
6011.6
6011.6
6011.6
6011.6
6011.6
6011.6
6011.6
6011.6
6011.6
6011.6
6011.6
6011.6
6011.6
6011.6
5703.6
5703.6
5703.6
5703.6
5703.6
5703.6
5703.6
5703.6
5703.6
5703.6
5703.6
5703.6
5703.6
5475.6
