11112.8
10861.6
10861.6
10805.6
10769.6
10634.4
10226.4
10226.4
10226.4
10226.4
10168.4
10168.4
10168.4
10042.4
9889.2
9889.2
9889.2
9797.2
9797.2
9797.2
9784
9784
9650
9513.2
9513.2
9513.2
9513.2
9503.2
9503.2
9503.2
9503.2
9185.2
9185.2
9185.2
9185.2
9185.2
9147.2
8917.2
8917.2
8917.2
8917.2
8917.2
8917.2
8917.2
8917.2
8917.2
8917.2
8917.2
8917.2
8917.2
8917.2
8917.2
8917.2
8917.2
8917.2
8917.2
8917.2
8917.2
8917.2
8917.2
8917.2
8917.2
8917.2
8917.2
8917.2
8917.2
8917.2
8917.2
8917.2
8917.2
8917.2
8917.2
8917.2
8807.2
8807.2
8807.2
8807.2
8807.2
8807.2
8807.2
8807.2
8807.2
8807.2
8807.2
8807.2
8807.2
8807.2
8807.2
8807.2
8807.2
8807.2
8807.2
8807.2
8807.2
8807.2
8807.2
8807.2
8807.2
8807.2
8807.2
