7487.6
7487.6
7487.6
7487.6
7247.6
7247.6
7247.6
7247.6
7247.6
7247.6
7225.6
7225.6
7225.6
7149.2
7149.2
7149.2
7149.2
7149.2
7017.2
7017.2
7017.2
7017.2
7017.2
7017.2
7017.2
7017.2
7017.2
7017.2
7017.2
7017.2
7017.2
7017.2
7017.2
7017.2
7017.2
7017.2
7017.2
7017.2
6919.6
6919.6
6919.6
6919.6
6919.6
6919.6
6919.6
6919.6
6919.6
6919.6
6919.6
6919.6
6919.6
6919.6
6919.6
6857.6
6857.6
6857.6
6857.6
6857.6
6857.6
6857.6
6857.6
6857.6
6857.6
6857.6
6857.6
6857.6
6857.6
6857.6
6857.6
6857.6
6857.6
6857.6
6857.6
6857.6
6857.6
6857.6
6857.6
6857.6
6857.6
6857.6
6857.6
6857.6
6857.6
6857.6
6857.6
6857.6
6857.6
6857.6
6857.6
6857.6
6857.6
6857.6
6857.6
6857.6
6857.6
6857.6
6857.6
6857.6
6857.6
6857.6
