10661.2
9226.4
8736
8734
8566
8374.8
8350.8
8194.8
7890.8
7710.8
7710.8
7710.8
7694.8
7694.8
7694.8
7694.8
7694.8
7694.8
7694.8
7694.8
7694.8
7694.8
7694.8
7694.8
7642.8
7642.8
7642.8
7642.8
7642.8
7642.8
7642.8
7642.8
7642.8
7642.8
7642.8
7642.8
7556.8
7556.8
7556.8
7428
7428
7428
7320.8
7230.8
7102.8
7102.8
7000.8
7000.8
7000.8
6868.8
6854.8
6832.8
6832.8
6832.8
6832.8
6776.4
6775.6
6504
6415.2
6415.2
6415.2
6415.2
6415.2
6409.2
6409.2
6409.2
6399.2
6399.2
6399.2
6399.2
6399.2
6399.2
6399.2
6178
6122.8
6102.8
5994.8
5994.8
5994.8
5994.8
5994.8
5994.8
5994.8
5994.8
5994.8
5994.8
5994.8
5994.8
5994.8
5994.8
5994.8
5994.8
5994.8
5994.8
5994.8
5994.8
5994.8
5994.8
5994.8
5994.8
