12116.4
12116.4
9428.4
8283.2
8283.2
8283.2
8283.2
8283.2
8283.2
8283.2
8283.2
8283.2
8283.2
8283.2
8283.2
8283.2
8283.2
8283.2
8283.2
8283.2
8283.2
8283.2
8283.2
7282.4
7282.4
7282.4
7282.4
7282.4
7282.4
7282.4
7208.4
7208.4
7208.4
7208.4
7208.4
7208.4
7208.4
7208.4
7208.4
7208.4
7208.4
7208.4
6644.4
6644.4
6644.4
6513.6
6513.6
6513.6
6513.6
6513.6
6513.6
6513.6
6513.6
6513.6
6513.6
6513.6
6513.6
6513.6
6339.6
6339.6
6339.6
6339.6
6339.6
6339.6
6339.6
6339.6
6339.6
6339.6
6339.6
6339.6
6339.6
6339.6
6339.6
6339.6
6339.6
6339.6
6339.6
6339.6
6339.6
6211.6
6211.6
6211.6
6211.6
6211.6
6211.6
6108.8
6108.8
6108.8
6108.8
6108.8
6108.8
6108.8
6086.8
6086.8
6086.8
6086.8
6086.8
6086.8
6086.8
6086.8
