10285.6
9384
9096.4
8774
8774
8774
8774
8774
8700.4
8641.2
8641.2
7857.6
7857.6
7805.6
7805.6
7401.6
7401.6
7401.6
7401.6
7401.6
7401.6
7401.6
7401.6
7401.6
7401.6
7401.6
7401.6
7401.6
7401.6
7401.6
7387.2
7387.2
7359.2
7216
6845.6
6845.6
6845.6
6845.6
6845.6
6845.6
6845.6
6845.6
6845.6
6845.6
6845.6
6845.6
6845.6
6845.6
6845.6
6845.6
6845.6
6845.6
6603.2
6603.2
6603.2
6603.2
6603.2
6603.2
6603.2
6603.2
6603.2
6603.2
6603.2
6603.2
6603.2
6603.2
6603.2
6603.2
6603.2
6603.2
6362.4
6362.4
6362.4
6362.4
6362.4
6076.4
6076.4
6076.4
6076.4
6076.4
6076.4
6076.4
6076.4
6076.4
6076.4
6076.4
6076.4
6076.4
6076.4
6076.4
6076.4
6076.4
6076.4
6076.4
6076.4
6076.4
6076.4
6076.4
6076.4
6076.4
