13682.4
13682.4
13488.4
13446.8
13256.8
13103.6
12993.2
12993.2
11826
11820
11820
11820
11508.8
11508.8
11500.4
11500.4
11188.4
11188.4
11188.4
11188.4
11188.4
11188.4
11188.4
11188.4
11188.4
11188.4
11188.4
11130.4
11130.4
11130.4
11130.4
11130.4
11130.4
11130.4
11130.4
11130.4
11130.4
11130.4
11130.4
11130.4
11130.4
11080.4
11080.4
11080.4
11080.4
11080.4
11080.4
11080.4
11080.4
11080.4
11080.4
11080.4
11080.4
11080.4
11080.4
11080.4
11080.4
10952
10952
10952
10952
10952
10952
10952
10948
10948
10948
10948
10948
10948
10948
10948
10948
10948
10948
10948
10938
10938
10938
10938
10938
10938
10938
10938
10938
10938
10938
10938
10938
10938
10938
10938
10938
10938
10938
10938
10938
10938
10938
10938
