13736.4
13144.4
13144.4
12722.4
11370.4
11370.4
11370.4
11370.4
11370.4
11113.2
11113.2
11113.2
11113.2
11113.2
11113.2
10162.4
10162.4
10162.4
10162.4
10162.4
10162.4
10162.4
10162.4
10162.4
10162.4
10162.4
10162.4
10162.4
9440.8
9440.8
9440.8
9440.8
9440.8
9440.8
9440.8
9440.8
9440.8
9329.2
9329.2
9329.2
9329.2
9329.2
9329.2
9329.2
9292.4
9292.4
9292.4
9292.4
9292.4
9292.4
8988.8
8988.8
8988.8
8988.8
8789.2
8705.2
8705.2
8705.2
8705.2
8705.2
8705.2
8705.2
8705.2
8705.2
8274
8274
8274
8274
8274
8188
8188
8188
8188
7862.8
7862.8
7862.8
7862.8
7862.8
7862.8
7862.8
7651.6
7651.6
7651.6
7651.6
7651.6
7651.6
7651.6
7651.6
7651.6
7651.6
7651.6
7651.6
7651.6
7651.6
7645.6
7578.8
7578.8
7564.8
7564.8
7564.8
