13852.4
11663.6
11328.8
11328.8
11328.8
11159.2
11159.2
11159.2
11087.2
10234
9181.2
9181.2
9181.2
9181.2
9181.2
9181.2
9181.2
9181.2
9097.2
9097.2
9097.2
9097.2
9097.2
8753.2
8753.2
8753.2
8753.2
8725.6
7421.2
7421.2
7421.2
7421.2
7421.2
7421.2
7421.2
7421.2
7421.2
6480.4
6480.4
6210.4
6210.4
6210.4
6210.4
6210.4
6210.4
6210.4
6210.4
6210.4
6210.4
6210.4
6196.8
6196.8
6196.8
6196.8
6196.8
6196.8
6196.8
6196.8
6196.8
6196.8
5830
5830
5760
5760
5760
5760
5760
5760
5760
5760
5636
5636
5636
5636
5568
5568
5400
5400
5269.2
5269.2
5269.2
5269.2
5269.2
5269.2
5269.2
5269.2
5269.2
4958.4
4958.4
4958.4
4934.4
4934.4
4934.4
4934.4
4934.4
4934.4
4932.4
4932.4
4932.4
4932.4
