4393.2
4081.2
4081.2
3577.2
3509.2
3433.2
3433.2
3433.2
3433.2
3433.2
3417.2
3417.2
3417.2
3417.2
3417.2
3417.2
3417.2
3417.2
3417.2
3417.2
3417.2
3417.2
3417.2
3417.2
3417.2
3404
3404
3404
3404
3404
3317.6
3317.6
3317.6
3317.6
3317.6
3311.6
3311.6
3311.6
3271.2
3266
3266
3266
3190
3190
3190
3190
3190
3190
3190
3190
3190
3190
3190
3190
3190
3190
3190
3190
3190
3190
3190
3190
3190
3190
3190
3190
3190
3190
3190
3190
3190
3190
3190
3190
3190
3190
3190
3190
3190
3190
3190
3190
3190
3190
3190
3190
3190
3190
3190
3190
3190
3190
3190
3190
3190
3190
3190
3190
3190
3190
