4502.8
4387.2
4120
3843.2
3809.2
3809.2
3809.2
3809.2
3809.2
3809.2
3809.2
3809.2
3809.2
3809.2
3809.2
3809.2
3809.2
3683.2
3683.2
3683.2
3683.2
3683.2
3683.2
3683.2
3683.2
3657.2
3657.2
3657.2
3577.2
3577.2
3481.2
3481.2
3439.2
3439.2
3439.2
3439.2
3383.2
3383.2
3383.2
3383.2
3383.2
3383.2
3287.2
3287.2
3287.2
3287.2
3287.2
3287.2
3287.2
3287.2
3287.2
3287.2
3287.2
3287.2
3287.2
3287.2
3287.2
3287.2
3287.2
3287.2
3287.2
3287.2
3287.2
3287.2
3287.2
3287.2
3287.2
3287.2
3287.2
3287.2
3287.2
3287.2
3287.2
3287.2
3287.2
3287.2
3287.2
3287.2
3287.2
3287.2
3287.2
3287.2
3287.2
3287.2
3287.2
3287.2
3287.2
3287.2
3287.2
3287.2
3287.2
3287.2
3287.2
3287.2
3287.2
3287.2
3287.2
3287.2
3287.2
3287.2
