3325.2
3325.2
3325.2
3273.2
3273.2
3236.8
3236.8
3181.2
3181.2
3181.2
2927.2
2927.2
2916
2916
2916
2916
2916
2916
2869.6
2869.6
2869.6
2869.6
2869.6
2869.6
2869.6
2869.6
2835.6
2835.6
2835.6
2835.6
2773.6
2773.6
2773.6
2773.6
2700
2700
2693.6
2693.6
2693.6
2693.6
2693.6
2693.6
2693.6
2693.6
2693.6
2684
2684
2680
2680
2680
2680
2680
2680
2680
2680
2680
2680
2599.6
2580
2580
2580
2580
2549.6
2523.6
2523.6
2523.6
2491.6
2491.6
2491.6
2491.6
2491.6
2491.6
2491.6
2491.6
2491.6
2491.6
2491.6
2491.6
2491.6
2491.6
2491.6
2491.6
2491.6
2491.6
2491.6
2491.6
2491.6
2491.6
2491.6
2491.6
2491.6
2491.6
2491.6
2491.6
2491.6
2491.6
2491.6
2491.6
2491.6
2491.6
