3720
3473.6
3473.6
3463.6
3463.6
3463.6
3453.2
3007.2
3007.2
3007.2
3007.2
3007.2
3007.2
3007.2
3007.2
3007.2
3007.2
3007.2
3007.2
3007.2
3007.2
3007.2
3007.2
3007.2
3007.2
3007.2
3007.2
3007.2
3007.2
3007.2
3007.2
3007.2
3007.2
3007.2
3007.2
3007.2
3007.2
3007.2
3007.2
3007.2
3007.2
3007.2
3007.2
3007.2
3007.2
3007.2
3007.2
3007.2
3007.2
3007.2
3007.2
3007.2
3007.2
3007.2
3007.2
3007.2
3007.2
3007.2
3007.2
3007.2
3007.2
3007.2
3007.2
3007.2
3007.2
3007.2
3007.2
3007.2
3007.2
3007.2
3007.2
3007.2
3007.2
3007.2
3007.2
3007.2
2984
2984
2984
2984
2984
2984
2984
2984
2984
2984
2984
2984
2984
2984
2984
2984
2984
2984
2984
2984
2984
2984
2984
2984
