2146.8
1949.2
1627.2
1627.2
1627.2
1432.8
1432.8
1432.8
1432.8
1233.6
1233.6
1233.6
1233.6
1233.6
1233.6
1233.6
1233.6
1233.6
1233.6
1233.6
1233.6
1231.2
1231.2
939.2
939.2
939.2
939.2
939.2
939.2
939.2
939.2
939.2
939.2
939.2
939.2
939.2
939.2
939.2
939.2
939.2
939.2
939.2
939.2
939.2
939.2
939.2
939.2
939.2
939.2
939.2
939.2
939.2
939.2
939.2
939.2
939.2
939.2
939.2
939.2
939.2
939.2
939.2
939.2
939.2
939.2
939.2
939.2
939.2
939.2
939.2
939.2
939.2
939.2
939.2
939.2
939.2
939.2
939.2
939.2
939.2
939.2
939.2
939.2
939.2
939.2
939.2
939.2
939.2
939.2
939.2
939.2
939.2
939.2
939.2
939.2
939.2
939.2
939.2
939.2
939.2
