5556.8
4522.8
4465.6
3870.4
3670.4
3650.4
3650.4
3650.4
3650.4
3650.4
3650.4
3650.4
3650.4
3650.4
3650.4
3650.4
3650.4
3650.4
3650.4
3650.4
3650.4
3650.4
3650.4
3650.4
3650.4
3650.4
3650.4
3650.4
3650.4
3650.4
3650.4
3650.4
3650.4
3650.4
3650.4
3650.4
3650.4
3650.4
3650.4
3650.4
3650.4
3650.4
3650.4
3650.4
3650.4
3650.4
3650.4
3650.4
3650.4
3650.4
3650.4
3650.4
3650.4
3650.4
3650.4
3650.4
3650.4
3650.4
3650.4
3650.4
3650.4
3650.4
3650.4
3650.4
3650.4
3650.4
3650.4
3650.4
3650.4
3650.4
3650.4
3650.4
3650.4
3650.4
3650.4
3650.4
3650.4
3650.4
3650.4
3650.4
3650.4
3650.4
3650.4
3650.4
3650.4
3650.4
3650.4
3650.4
3650.4
3650.4
3650.4
3650.4
3650.4
3650.4
3650.4
3650.4
3650.4
3650.4
3650.4
3650.4
