6158.8
6158.8
5394
4810.4
4755.6
4654
4654
4157.2
4049.2
4049.2
3994.8
3994.8
3994.8
3956.4
3956.4
3956.4
3956.4
3956.4
3904.4
3904.4
3835.2
3643.2
3643.2
3145.2
3093.2
2922
2775.2
2664
2664
2664
2620
2620
2620
2620
2620
2620
2620
2620
2620
2620
2620
2620
2620
2620
2620
2620
2620
2620
2620
2620
2620
2620
2620
2620
2620
2620
2620
2620
2620
2620
2620
2620
2620
2620
2620
2620
2620
2620
2620
2620
2620
2620
2620
2620
2620
2620
2620
2620
2620
2620
2620
2620
2620
2620
2620
2620
2620
2620
2620
2620
2620
2620
2620
2620
2620
2620
2620
2620
2620
2620
