5567.2
5517.2
4604.4
4604.4
4604.4
4604.4
4522.4
4522.4
4522.4
4522.4
4522.4
4522.4
4411.2
4411.2
4411.2
4411.2
4411.2
4411.2
4411.2
4411.2
4411.2
4411.2
4411.2
4411.2
4411.2
4411.2
4411.2
4411.2
4411.2
4411.2
4411.2
4411.2
4411.2
4411.2
4411.2
4411.2
4411.2
4411.2
4411.2
4411.2
4411.2
4411.2
4314
4314
4314
4314
4314
4314
4314
4314
4314
4314
4314
4314
4314
4314
4314
4314
4314
4314
4314
4314
4314
4314
4314
4314
4314
4314
4314
4314
4314
4314
4314
4299.6
4299.6
4299.6
4299.6
4226.4
4226.4
4226.4
4224.4
3846.4
3846.4
3846.4
3846.4
3846.4
3846.4
3846.4
3846.4
3846.4
3830.4
3830.4
3830.4
3830.4
3830.4
3830.4
3830.4
3830.4
3742.4
3742.4
