9464.8
9464.8
8105.2
8064
8064
6888.4
6888.4
6146
6114
6114
6114
6114
6114
6114
6114
6114
6114
5862.8
5862.8
5772.8
5768.8
5768.8
5768.8
5768.8
5768.8
5768.8
5768.8
5768.8
5768.8
5768.8
5768.8
5768.8
5768.8
5768.8
5768.8
5768.8
5768.8
5768.8
5768.8
5768.8
5768.8
5768.8
5768.8
5768.8
5768.8
5768.8
5768.8
5768.8
5768.8
5768.8
5768.8
5768.8
5768.8
5768.8
5768.8
5768.8
5768.8
5768.8
5768.8
5768.8
5768.8
5768.8
5768.8
5768.8
5768.8
5768.8
5768.8
5768.8
5768.8
5768.8
5768.8
5768.8
5768.8
5768.8
5768.8
5768.8
5768.8
5768.8
5768.8
5768.8
5768.8
5768.8
5768.8
5768.8
5768.8
5768.8
5768.8
5768.8
5768.8
5768.8
5768.8
5768.8
5768.8
5768.8
5768.8
5768.8
5768.8
5768.8
5768.8
5768.8
