10323.2
9748.8
9683.6
8471.2
8443.6
8443.6
8222.8
7897.6
6712.8
6712.8
6688.8
6684.8
6684.8
6524.8
6378.8
6378.8
6374
6374
6374
6077.6
6071.6
6071.6
6071.6
6064.4
6064.4
5983.2
5762.8
5762.8
5762.8
5762.8
5762.8
5762.8
5762.8
5762.8
5762.8
5762.8
5762.8
5762.8
5762.8
5762.8
5762.8
5753.6
5753.6
5753.6
5753.6
5724.8
5724.8
5724.8
5724.8
5724.8
5654.4
5654.4
5654.4
5654.4
5560.4
5560.4
5345.2
5345.2
5044
5044
5044
5044
5044
5044
5044
5044
5044
5044
5044
5044
5044
5044
5044
5044
5044
5044
5044
5044
5044
5044
5044
5044
5044
5044
5044
5044
5044
5044
5044
5044
5044
5044
5044
5044
5044
5044
5044
5044
5044
5044
