8467.2
7905.2
7905.2
6744.8
6278
6278
5989.6
5989.6
5989.6
5989.6
5808.4
5808.4
5808.4
5808.4
5808.4
5808.4
5808.4
5604.4
5388.8
5334.8
5292.8
5292.8
5292.8
5292.8
4764
4764
4764
4764
4764
4764
4616.4
4196.4
4196.4
4196.4
4196.4
4196.4
4101.6
4101.6
4101.6
4101.6
4101.6
4101.6
4101.6
4101.6
4101.6
4101.6
4101.6
4101.6
4067.2
4067.2
4067.2
4067.2
3893.2
3893.2
3893.2
3893.2
3893.2
3893.2
3893.2
3893.2
3893.2
3893.2
3893.2
3791.2
3791.2
3791.2
3791.2
3791.2
3791.2
3791.2
3781.2
3781.2
3781.2
3781.2
3781.2
3781.2
3689.2
3689.2
3689.2
3689.2
3689.2
3689.2
3689.2
3689.2
3689.2
3689.2
3689.2
3689.2
3689.2
3689.2
3689.2
3689.2
3689.2
3689.2
3689.2
3689.2
3689.2
3689.2
3689.2
3689.2
