5327.2
5327.2
5327.2
5092
4909.2
4909.2
4909.2
4838.8
4838.8
4838.8
4785.6
4687.6
4292.4
4292.4
4236.4
3967.2
3967.2
3951.2
3951.2
3951.2
3951.2
3951.2
3951.2
3951.2
3951.2
3951.2
3951.2
3951.2
3951.2
3951.2
3951.2
3951.2
3951.2
3951.2
3951.2
3951.2
3951.2
3951.2
3951.2
3951.2
3951.2
3951.2
3951.2
3951.2
3951.2
3951.2
3951.2
3951.2
3951.2
3951.2
3951.2
3951.2
3951.2
3951.2
3951.2
3951.2
3951.2
3951.2
3951.2
3951.2
3951.2
3951.2
3951.2
3951.2
3951.2
3951.2
3715.6
3715.6
3715.6
3715.6
3715.6
3715.6
3715.6
3715.6
3715.6
3715.6
3715.6
3715.6
3715.6
3715.6
3715.6
3715.6
3715.6
3715.6
3715.6
3715.6
3715.6
3715.6
3715.6
3715.6
3715.6
3715.6
3715.6
3655.6
3655.6
3655.6
3655.6
3655.6
3655.6
3655.6
