8351.6
6715.6
5674.8
5302.8
5302.8
5219.2
5207.2
5207.2
5105.2
4969.2
4969.2
4787.2
4787.2
4709.2
4701.2
4701.2
4701.2
4701.2
4675.2
4675.2
4675.2
4480.8
4480.8
4480.8
4480.8
4480.8
4480.8
4480.8
4480.8
4448.8
4448.8
4448.8
4448.8
4434.8
4434.8
4434.8
4430.8
4422.8
4420.8
4420.8
4420.8
4420.8
4368.8
4258.8
4258.8
4258.8
4258.8
4258.8
4258.8
4168.8
4168.8
4168.8
4168.8
4168.8
4168.8
4168.8
4168.8
4168.8
4168.8
4168.8
4168.8
4168.8
4168.8
4168.8
4168.8
4168.8
4168.8
4148.8
4148.8
4138.8
4138.8
4138.8
4138.8
4138.8
4138.8
4138.8
4138.8
4138.8
4138.8
4138.8
4138.8
4138.8
4138.8
4138.8
4138.8
4138.8
4138.8
4138.8
4138.8
4138.8
4138.8
4138.8
4138.8
4138.8
4138.8
4138.8
4138.8
4138.8
4138.8
4138.8
