8696
6475.6
6475.6
6475.6
6256.8
6256.8
6256.8
6256.8
6256.8
6256.8
6256.8
6256.8
6256.8
6256.8
6256.8
6256.8
6256.8
6256.8
6256.8
6256.8
5816.4
5816.4
5816.4
5574.4
5574.4
5550.8
5550.8
5381.2
5381.2
5381.2
5381.2
5165.6
5165.6
5165.6
5165.6
5165.6
5165.6
5165.6
5165.6
5165.6
5165.6
5165.6
5165.6
5165.6
5165.6
5165.6
5165.6
5165.6
5165.6
5165.6
5165.6
5165.6
5165.6
5165.6
5165.6
5165.6
5154.8
5115.6
5115.6
5115.6
5115.6
5115.6
4894
4894
4894
4894
4894
4894
4894
4894
4894
4894
4894
4894
4894
4894
4894
4894
4894
4894
4894
4894
4894
4894
4894
4894
4894
4894
4894
4894
4894
4894
4894
4894
4894
4894
4894
4894
4894
4894
