14505.6
14505.6
13965.2
13427.2
13336.4
13183.2
13074.8
13072.8
12819.6
12728
12728
12728
12508.8
12508.8
12508.8
11948.4
11749.2
10989.6
10989.6
10529.6
10420.8
10420.8
10348.8
9747.2
9747.2
9747.2
9747.2
9747.2
9747.2
9747.2
9747.2
9747.2
9747.2
9747.2
9747.2
9747.2
9747.2
9747.2
9747.2
9747.2
9747.2
9747.2
9747.2
9747.2
9747.2
9633.2
9633.2
9633.2
9633.2
9633.2
9633.2
9633.2
9633.2
9563.2
9563.2
9563.2
9563.2
9563.2
9563.2
9563.2
9563.2
9563.2
9563.2
9563.2
9563.2
9563.2
9563.2
9563.2
9563.2
9563.2
9563.2
9563.2
9563.2
9563.2
9563.2
9563.2
9563.2
9563.2
9563.2
9563.2
9563.2
9563.2
9563.2
9563.2
9498.4
9454.4
9454.4
9454.4
9454.4
9454.4
9454.4
9396.4
9199.2
9199.2
9199.2
9199.2
9199.2
9167.2
9167.2
9167.2
