11965.2
10414.8
9955.2
8928.4
8928.4
8834
8834
8731.2
8622
8543.2
8507.2
8507.2
8507.2
8507.2
8362.8
8313.6
8313.6
8313.6
8313.6
8090.4
7932.4
7932.4
7880.4
7880.4
7880.4
7880.4
7880.4
7880.4
7880.4
7880.4
7880.4
7880.4
7880.4
7880.4
7880.4
7880.4
7880.4
7880.4
7880.4
7880.4
7880.4
7880.4
7880.4
7880.4
7880.4
7880.4
7880.4
7880.4
7880.4
7880.4
7880.4
7880.4
7880.4
7880.4
7880.4
7880.4
7880.4
7880.4
7880.4
7880.4
7880.4
7880.4
7880.4
7880.4
7880.4
7615.2
7615.2
7615.2
7615.2
7615.2
7615.2
7615.2
7615.2
7615.2
7615.2
7605.2
7605.2
7605.2
7605.2
7605.2
7605.2
7605.2
7605.2
7605.2
7605.2
7605.2
7605.2
7605.2
7605.2
7605.2
7605.2
7605.2
7605.2
7605.2
7605.2
7605.2
7568.8
7568.8
7568.8
7568.8
7568.8
