13470.4
11044.8
11044.8
10501.2
10209.2
10209.2
10209.2
10209.2
10209.2
9678.4
9678.4
9598.8
9598.8
9598.8
9016
9016
9016
9016
9016
8504.8
8504.8
8504.8
8504.8
8504.8
8504.8
8504.8
8504.8
8365.2
8365.2
8365.2
8365.2
8365.2
8365.2
8365.2
8362.4
8362.4
7592.4
7592.4
7592.4
7592.4
7592.4
7592.4
7592.4
7560
7560
7560
7560
7560
7560
7493.6
7493.6
7470.4
7423.2
7297.6
7297.6
7295.6
7295.6
7209.2
7057.6
6989.2
6989.2
6989.2
6702.8
6702.8
6702.8
6664.8
6630.8
6460.8
6460.8
6440.8
6440.8
6434.8
6434.8
6434.8
6434.8
6412.8
6396.4
6396.4
6396.4
6356.8
6063.6
6063.6
6063.6
6063.6
6063.6
6063.6
6063.6
6063.6
6063.6
6063.6
5638.4
5638.4
5638.4
5638.4
5638.4
5638.4
5638.4
5638.4
5638.4
5638.4
