10761.2
10761.2
10761.2
7160.8
6754
6754
5896.4
5896.4
5896.4
5896.4
5896.4
5896.4
5896.4
5896.4
5652.4
5652.4
5652.4
5652.4
5652.4
5612.4
5612.4
5612.4
5612.4
5612.4
5612.4
5612.4
5612.4
5612.4
5612.4
5612.4
5612.4
5612.4
5612.4
5612.4
5612.4
5612.4
5612.4
5612.4
5612.4
5612.4
5612.4
5612.4
5612.4
5612.4
5612.4
5612.4
5612.4
5612.4
5612.4
5612.4
5612.4
5612.4
5612.4
5612.4
5612.4
5612.4
5612.4
5612.4
5612.4
5612.4
5612.4
5612.4
5556.4
5556.4
5556.4
5556.4
5556.4
5516.4
5516.4
5516.4
5516.4
5374.4
5374.4
5374.4
5374.4
5374.4
5374.4
5374.4
5374.4
5374.4
5374.4
5374.4
5374.4
5374.4
5374.4
5374.4
5374.4
5374.4
5374.4
5374.4
5374.4
5374.4
5374.4
5374.4
5374.4
5374.4
5374.4
5374.4
5374.4
5374.4
