14772
13952.8
13388.4
13148
12935.6
12895.2
12895.2
12855.6
12807.2
12807.2
12797.2
12797.2
12797.2
12746.8
12746.8
12746.8
12746.8
12685.6
12502
12502
12502
12502
12364.4
12356.4
12220
11716.4
11125.2
10849.6
10561.6
10401.2
10301.2
10121.2
9933.2
9797.2
9797.2
9797.2
9797.2
9787.2
9693.6
9336.8
9254.8
9254.8
9254.8
9254.8
9178
9068.8
8984.8
8984.8
8984.8
8984.8
8984.8
8984.8
8984.8
8982.8
8972.8
8972.8
8972.8
8972.8
8972.8
8972.8
8972.8
8972.8
8972.8
8972.8
8972.8
8972.8
8972.8
8972.8
8972.8
8972.8
8972.8
8972.8
8972.8
8972.8
8972.8
8972.8
8972.8
8972.8
8972.8
8972.8
8972.8
8972.8
8972.8
8968.8
8968.8
8968.8
8968.8
8968.8
8968.8
8968.8
8968.8
8968.8
8968.8
8968.8
8968.8
8968.8
8968.8
8968.8
8968.8
8968.8
