13100.8
11404
10906.8
10522
9957.6
9694.4
9622.4
9622.4
9368.8
9368.8
9310.4
9216.8
9216.8
9216.8
9216.8
9131.2
9131.2
9131.2
9131.2
9131.2
9131.2
9131.2
9131.2
9131.2
9131.2
9131.2
9131.2
9131.2
8104.4
8104.4
8104.4
8104.4
8104.4
8104.4
8104.4
8104.4
8104.4
8104.4
8104.4
8104.4
8104.4
8104.4
8104.4
8104.4
8104.4
8104.4
8104.4
8104.4
8104.4
8104.4
8100.8
8043.2
8039.2
8039.2
8039.2
8039.2
8039.2
8039.2
8039.2
8001.2
7731.2
7731.2
7731.2
7731.2
7731.2
7731.2
7731.2
7731.2
7731.2
7731.2
7731.2
7731.2
7731.2
7614.4
7614.4
7614.4
7614.4
7614.4
7614.4
7614.4
7614.4
7614.4
7614.4
7614.4
7614.4
7614.4
7614.4
7614.4
7614.4
7614.4
7614.4
7614.4
7488.4
7488.4
7488.4
7488.4
7488.4
7488.4
7488.4
7488.4
