11960.8
10844.8
10844.8
10844.8
10518.4
10518.4
10194.4
10126.4
10078
10078
10078
10078
8910.8
8570.4
8570.4
8570.4
8570.4
8570.4
8570.4
8570.4
8408
8408
7994.4
7994.4
7994.4
7552.8
7343.2
6935.6
6935.6
6831.6
6124.8
6124.8
6124.8
6124.8
6124.8
6124.8
5958.8
5958.8
5958.8
5822
5822
5822
5822
5714
5714
5714
5714
5604
5317.6
5317.6
5317.6
5317.6
5317.6
5317.6
5317.6
5317.6
5317.6
5317.6
5317.6
5317.6
5317.6
5317.6
5317.6
5317.6
5317.6
5317.6
5317.6
5317.6
5317.6
5317.6
5317.6
5317.6
5317.6
5317.6
5317.6
5317.6
5317.6
5317.6
5317.6
5317.6
5317.6
5317.6
5317.6
5317.6
5317.6
5317.6
5317.6
5317.6
5221.6
5221.6
5221.6
5221.6
5221.6
5221.6
5221.6
5221.6
5221.6
5221.6
5211.6
5211.6
