5850.8
5185.6
5185.6
5185.6
5185.6
5185.6
5185.6
5185.6
5185.6
5185.6
5185.6
5185.6
5185.6
5185.6
5185.6
5185.6
5185.6
5185.6
5173.2
5030
4763.6
4763.6
4653.6
4529.6
4529.6
4513.6
4447.6
4447.6
4447.6
4447.6
4337.6
4337.6
4337.6
4337.6
4337.6
4337.6
4337.6
4337.6
4337.6
4337.6
4337.6
4045.6
4045.6
4045.6
4045.6
4045.6
4045.6
4045.6
4045.6
4045.6
4045.6
4045.6
4045.6
4035.6
4035.6
4035.6
4035.6
4035.6
4035.6
4035.6
4035.6
4035.6
4035.6
4035.6
4035.6
4035.6
4035.6
4035.6
4035.6
4035.6
4035.6
4035.6
4019.2
4019.2
4019.2
4019.2
4019.2
4019.2
4019.2
4019.2
4019.2
4019.2
4019.2
4019.2
4019.2
4019.2
4019.2
4019.2
4019.2
4019.2
4019.2
4019.2
4019.2
4019.2
4019.2
4019.2
4019.2
4019.2
4019.2
4019.2
