5765.2
5765.2
5450.8
5450.8
5442.8
5290.8
5282.8
5282.8
5282.8
5236.8
5236.8
5236.8
5070.8
5070.8
5070.8
5070.8
5070.8
5070.8
5070.8
5070.8
5070.8
5070.8
5070.8
5070.8
5070.8
5070.8
5070.8
5070.8
5070.8
5070.8
5070.8
5070.8
5070.8
5070.8
5070.8
5070.8
5070.8
5070.8
5070.8
5070.8
5070.8
5070.8
5070.8
5070.8
5070.8
5070.8
5070.8
5070.8
5070.8
5070.8
5070.8
5070.8
5070.8
5070.8
5070.8
5070.8
5070.8
5070.8
5070.8
5070.8
5070.8
5070.8
5070.8
5070.8
5070.8
5070.8
5070.8
5070.8
5070.8
5070.8
5070.8
5070.8
5070.8
5070.8
5070.8
5070.8
5070.8
5070.8
5070.8
5070.8
5070.8
5070.8
5070.8
5070.8
5070.8
5070.8
5070.8
5070.8
5070.8
5070.8
5070.8
5070.8
5070.8
5070.8
5070.8
5070.8
5070.8
5070.8
5070.8
5070.8
