7092
6501.6
5768
5542
5252
5088
5088
4972
4972
4972
4972
4972
4972
4972
4972
4972
4972
4972
4972
4972
4972
4972
4972
4972
4972
4972
4972
4972
4972
4972
4852
4852
4852
4852
4852
4852
4852
4852
4852
4852
4852
4852
4852
4852
4852
4852
4852
4852
4852
4852
4852
4852
4852
4852
4852
4852
4852
4852
4852
4852
4852
4852
4852
4852
4852
4852
4852
4852
4852
4852
4852
4852
4852
4852
4852
4852
4852
4852
4852
4852
4852
4852
4852
4852
4852
4852
4852
4852
4852
4852
4852
4852
4852
4852
4852
4852
4852
4852
4852
4852
