7802
7779.2
7240.4
6894
6894
6780
6780
6780
6780
6780
5629.6
5629.6
5629.6
5629.6
5629.6
5629.6
5629.6
5629.6
5629.6
5629.6
5629.6
5629.6
5629.6
5629.6
5629.6
5403.6
5403.6
5403.6
5403.6
5403.6
5403.6
5403.6
5403.6
5403.6
4871.6
4871.6
4871.6
4871.6
4871.6
4871.6
4871.6
4871.6
4871.6
4871.6
4753.6
4753.6
4119.6
4119.6
4119.6
4119.6
4119.6
3981.6
3981.6
3981.6
3981.6
3981.6
3981.6
3981.6
3981.6
3981.6
3981.6
3981.6
3981.6
3981.6
3981.6
3981.6
3981.6
3981.6
3981.6
3981.6
3969.6
3969.6
3969.6
3969.6
3969.6
3969.6
3969.6
3969.6
3969.6
3969.6
3969.6
3969.6
3969.6
3969.6
3969.6
3969.6
3969.6
3969.6
3969.6
3969.6
3969.6
3969.6
3969.6
3969.6
3969.6
3969.6
3969.6
3969.6
3969.6
3969.6
