4004.4
4004.4
4004.4
4004.4
4004.4
4004.4
3818.8
3818.8
3676.8
3676.8
3676.8
3496.8
3496.4
3450.4
3450.4
3450.4
3450.4
3374.4
3374.4
3064.4
3064.4
3064.4
3064.4
3024.4
3024.4
3024.4
3024.4
2792
2792
2792
2792
2792
2792
2792
2792
2792
2792
2792
2792
2792
2792
2792
2792
2792
2792
2792
2792
2792
2792
2792
2792
2792
2792
2792
2792
2792
2792
2792
2792
2792
2792
2792
2792
2792
2792
2792
2792
2792
2792
2792
2792
2792
2792
2792
2792
2792
2792
2792
2792
2792
2792
2792
2792
2792
2792
2792
2792
2792
2792
2792
2792
2792
2792
2792
2792
2792
2792
2792
2792
2792
