6155.2
4583.2
2919.6
2377.6
2377.6
2377.6
2377.6
2377.6
2377.6
2377.6
2377.6
2377.6
2377.6
2377.6
2377.6
2377.6
2377.6
2377.6
2377.6
2377.6
2377.6
2377.6
2377.6
2377.6
2377.6
2377.6
2377.6
2377.6
2377.6
2377.6
2377.6
2377.6
2377.6
2377.6
2377.6
2377.6
2377.6
2377.6
2377.6
2377.6
2377.6
2377.6
2377.6
2377.6
2377.6
2377.6
2377.6
2377.6
2377.6
2377.6
2377.6
2377.6
2377.6
2377.6
2377.6
2377.6
2377.6
2377.6
2377.6
2377.6
2377.6
2377.6
2377.6
2377.6
2377.6
2377.6
2377.6
2377.6
2377.6
2377.6
2377.6
2377.6
2377.6
2377.6
2377.6
2377.6
2377.6
2377.6
2377.6
2377.6
2377.6
2377.6
2377.6
2377.6
2377.6
2377.6
2377.6
2377.6
2377.6
2377.6
2377.6
2377.6
2377.6
2377.6
2377.6
2377.6
2377.6
2377.6
2377.6
2377.6
