13510.8
12323.2
11850.8
11850.8
11850.8
10882
10428.4
10428.4
10428.4
10428.4
10428.4
10428.4
10428.4
10428.4
10428.4
10354.4
9515.2
9515.2
9515.2
9515.2
9515.2
9515.2
9515.2
9515.2
9108
9108
9108
8347.2
8347.2
8120
8120
8120
8120
8067.6
8067.6
7789.6
7652.4
7652.4
7652.4
7652.4
7652.4
7605.2
7605.2
7605.2
7605.2
7605.2
7605.2
7605.2
7605.2
7449.2
7377.6
7227.2
7227.2
7153.2
7153.2
7153.2
7153.2
7153.2
7153.2
7039.2
7039.2
7039.2
7039.2
6845.2
6845.2
6845.2
6845.2
6811.2
6449.2
6449.2
6449.2
6449.2
6449.2
6449.2
6449.2
6449.2
6449.2
6449.2
6449.2
6449.2
6449.2
6449.2
6449.2
6449.2
6449.2
6449.2
6449.2
6449.2
6449.2
6449.2
6449.2
6449.2
6449.2
6449.2
6449.2
6449.2
6449.2
6449.2
6449.2
6449.2
