10652.4
10138.4
9938.4
9840
9840
9840
9840
9840
9202.8
9202.8
9028.8
9028.8
9028.8
9024.8
9024.8
9024.8
8874.8
8874.8
8874.8
8874.8
8874.8
8874.8
8874.8
8874.8
8874.8
8874.8
8716.8
8716.8
8716.8
8716.8
8716.8
8716.8
8716.8
8716.8
8716.8
8716.8
8716.8
8716.8
8676.8
8676.8
8676.8
8676.8
8676.8
8676.8
8676.8
8676.8
8676.8
8676.8
8676.8
8676.8
8676.8
8676.8
8676.8
8676.8
8676.8
8676.8
8676.8
8676.8
8676.8
8676.8
8676.8
8676.8
8676.8
8676.8
8676.8
8676.8
8676.8
8676.8
8676.8
8676.8
8676.8
8676.8
8676.8
8676.8
8676.8
8676.8
8676.8
8676.8
8676.8
8676.8
8676.8
8676.8
8676.8
8676.8
8676.8
8676.8
8676.8
8676.8
8676.8
8676.8
8676.8
8676.8
8676.8
8676.8
8676.8
8676.8
8676.8
8676.8
8394.8
8386.8
8386.8
