13158
12560.4
11503.2
11006.4
10324.4
10324.4
10036.4
9794
9567.2
9377.2
9315.2
8688.4
8660.4
8660.4
8565.6
8565.6
7410.8
7410.8
7410.8
7032.8
6946.8
6946.8
6946.8
6888.8
6888.8
6888.8
6676.8
6676.8
6560.8
6560.8
6560.8
6560.8
6560.8
6560.8
6560.8
6560.8
6560.8
6560.8
6560.8
6560.8
6560.8
6560.8
6560.8
6560.8
6560.8
6560.8
6560.8
6560.8
6560.8
6550.8
6550.8
6550.8
6498.8
6434.4
6434.4
6434.4
6434.4
6434.4
6434.4
6434.4
6434.4
6434.4
6434.4
6434.4
6434.4
6434.4
6434.4
6434.4
6434.4
6434.4
6366.4
6366.4
6366.4
6366.4
6366.4
6366.4
6366.4
6366.4
6366.4
6366.4
6366.4
6366.4
6366.4
6366.4
6366.4
6366.4
6366.4
6366.4
6366.4
6366.4
6366.4
6366.4
6366.4
6366.4
6366.4
6366.4
6366.4
6366.4
6366.4
6366.4
