11046.8
10214
9710
9619.6
9619.6
9619.6
9619.6
9619.6
9200.8
9200.8
9200.8
9200.8
9022.4
8935.6
8378.8
7928
7928
7446.8
7378.8
7378.8
7378.8
7378.8
7378.8
7378.8
7378.8
7378.8
7378.8
7378.8
7378.8
7350.8
7350.8
7338.8
7302.8
7290.8
7290.8
7284
7284
7284
7284
7284
7284
7284
7284
7210
7184
6954.4
6898.4
6898.4
6898.4
6898.4
6830.4
6830.4
6830.4
6830.4
6830.4
6830.4
6830.4
6283.2
6283.2
6283.2
6283.2
6231.2
6231.2
6231.2
6231.2
6231.2
6231.2
6231.2
6199.2
6199.2
6199.2
6199.2
6199.2
6199.2
6199.2
6199.2
6199.2
6199.2
6199.2
6199.2
6199.2
6199.2
6199.2
6199.2
6199.2
6199.2
6199.2
6199.2
6199.2
6199.2
6199.2
6199.2
6199.2
6199.2
6199.2
6199.2
6199.2
6199.2
6199.2
6199.2
