10655.2
9172.4
9126
8992
8992
8928
8854
8854
8748
8740
8734
8628
8280
8168
7265.2
7053.2
7053.2
7053.2
7053.2
7009.2
6961.2
6933.2
6933.2
6933.2
6933.2
6933.2
6933.2
6921.6
6921.6
6921.6
6907.6
6907.6
6845.6
6781.6
6781.6
6781.6
6781.6
6781.6
6781.6
6711.6
6555.6
6555.6
6555.6
6555.6
6555.6
6555.6
6555.6
6555.6
6555.6
6555.6
6555.6
6513.6
6513.6
6513.6
6323.6
6323.6
6323.6
6323.6
6323.6
6323.6
6323.6
6323.6
6323.6
6323.6
6323.6
6323.6
6323.6
6323.6
6323.6
6319.6
6319.6
6319.6
6319.6
6319.6
6319.6
6319.6
6319.6
6319.6
6319.6
6319.6
6319.6
6319.6
6319.6
6319.6
6319.6
6319.6
6319.6
6319.6
6319.6
6319.6
6319.6
6319.6
6319.6
6319.6
6319.6
6319.6
6319.6
6319.6
6319.6
6319.6
