14098
13544
13191.6
12095.6
11666.8
11666.8
11606.8
11031.2
11031.2
11031.2
11031.2
11031.2
11031.2
10901.2
10901.2
10901.2
10899.2
10899.2
10899.2
10491.2
10491.2
9815.2
9815.2
9815.2
9815.2
9815.2
9815.2
9815.2
9633.2
9633.2
9633.2
9633.2
9633.2
9633.2
9633.2
9633.2
9633.2
9633.2
9633.2
9633.2
9633.2
9633.2
9633.2
9633.2
9633.2
9633.2
9633.2
9633.2
9633.2
9633.2
9633.2
9633.2
9633.2
9633.2
9633.2
9633.2
9633.2
9633.2
9633.2
9633.2
9633.2
9633.2
9633.2
9633.2
9633.2
9575.6
9575.6
9575.6
9575.6
9575.6
9575.6
9575.6
9575.6
9575.6
9575.6
9575.6
9575.6
9575.6
9575.6
9515.2
9515.2
9515.2
9515.2
9515.2
9515.2
9515.2
9515.2
9515.2
9515.2
9515.2
9515.2
9515.2
9515.2
9515.2
9515.2
9515.2
9515.2
9515.2
9515.2
9515.2
