21640.4
21640.4
16076.4
16076.4
16076.4
16076.4
15085.6
15085.6
14781.2
14781.2
14781.2
14781.2
14781.2
14191.2
14027.2
14027.2
14021.2
14021.2
14021.2
14021.2
14021.2
14021.2
14021.2
14021.2
14021.2
14021.2
14021.2
13847.2
13847.2
13847.2
13847.2
13635.2
13499.2
13288
13288
13288
13268
13142
13142
13142
13142
13142
13114.8
13028.8
13028.8
13028.8
13028.8
13028.8
13028.8
13028.8
13028.8
13028.8
13028.8
13028.8
13028.8
13028.8
13028.8
13028.8
13028.8
13028.8
13028.8
13028.8
13028.8
13028.8
13028.8
13028.8
13028.8
13028.8
13028.8
13028.8
13028.8
13028.8
13028.8
13028.8
13028.8
13028.8
13028.8
13028.8
13028.8
13028.8
13028.8
13028.8
13028.8
13028.8
13028.8
13028.8
13028.8
13028.8
13028.8
13028.8
13028.8
13028.8
13028.8
13028.8
13028.8
13028.8
13028.8
13028.8
13028.8
13028.8
