13283.6
13259.2
12956.4
12167.6
12153.6
11127.2
11127.2
10357.2
10357.2
10095.2
10095.2
9997.2
9663.2
9663.2
9663.2
9663.2
9527.2
9527.2
9527.2
9355.2
9355.2
9355.2
9355.2
9355.2
9355.2
9355.2
9355.2
9355.2
9355.2
9355.2
9355.2
9355.2
9355.2
9355.2
9355.2
9355.2
9355.2
9355.2
9196.8
9196.8
9196.8
9196.8
9196.8
9196.8
9098.8
9098.8
9034.8
9034.8
9034.8
8950.8
8870.8
8704.8
8704.8
8704.8
8704.8
8683.6
8683.6
8683.6
8619.6
8619.6
8537.6
8419.6
8419.6
8419.6
8419.6
8409.6
8353.6
8269.6
8269.6
8263.6
8247.6
8057.6
8057.6
8057.6
8057.6
8057.6
8057.6
8057.6
8057.6
7945.6
7945.6
7945.6
7945.6
7945.6
7945.6
7945.6
7945.6
7945.6
7945.6
7945.6
7881.6
7881.6
7881.6
7881.6
7881.6
7881.6
7881.6
7881.6
7881.6
7881.6
7881.6
