16986
15739.2
15223.2
13643.6
12774.8
12586.8
12180.8
12180.8
11952.8
11952.8
11952.8
11482.8
11482.8
11482.8
11482.8
11482.8
11404.8
11350.8
11350.8
11350.8
11350.8
11120.8
10808.8
10808.8
10802.8
10396
10396
10396
10350
10350
10350
10350
10330
10330
10330
10330
10330
10330
10312
10176
10176
10176
10176
10176
10176
10176
10176
10176
10176
10176
10036
10036
10036
10036
10036
10036
10036
10036
10036
10036
10036
10036
10036
10036
10036
10036
10036
10036
10036
10036
10036
10036
10036
10036
10036
10036
10036
10036
10036
10036
10036
10036
10036
10036
10036
10036
10036
10036
10036
10036
10036
10036
10036
10036
10036
10036
10036
10036
10036
10036
