26907.2
24986.8
24455.2
23907.2
23130
22829.2
22219.2
22151.2
21518
21289.6
21150.8
21074.8
20848.8
20820.8
20820.8
20820.8
20820.8
20407.6
20407.6
20407.6
20391.6
20391.6
20261.6
20097.6
20029.6
19924
19858.8
19726.8
19671.6
19671.6
19605.6
19338
19338
19338
19338
19262
19262
19260
19252
19252
19246
19246
19246
19180
19180
19143.2
19143.2
19143.2
19143.2
19143.2
19143.2
19141.2
19141.2
19127.2
19127.2
19127.2
19127.2
19127.2
19127.2
19127.2
19127.2
19127.2
19127.2
19127.2
18983.2
18983.2
18983.2
18983.2
18983.2
18983.2
18983.2
18983.2
18983.2
18983.2
18983.2
18951.2
18951.2
18951.2
18951.2
18951.2
18951.2
18951.2
18951.2
18951.2
18951.2
18951.2
18951.2
18951.2
18951.2
18951.2
18951.2
18951.2
18951.2
18951.2
18951.2
18951.2
18951.2
18951.2
18951.2
18951.2
