13252
13252
13252
13252
13252
13252
12476.8
11845.2
11845.2
11845.2
11845.2
11771.2
11771.2
11771.2
11771.2
11771.2
11434
11054
11054
10502.8
10502.8
10502.8
10502.8
10502.8
10355.6
10355.6
9614.8
9614.8
9614.8
9614.8
9614.8
9614.8
9614.8
9614.8
9614.8
9614.8
9614.8
9614.8
9614.8
9614.8
9614.8
9614.8
9614.8
9614.8
9614.8
9614.8
9614.8
9614.8
9614.8
9614.8
9614.8
9614.8
9614.8
9614.8
9605.6
9601.6
9543.6
9543.6
9361.6
9361.6
9361.6
9361.6
9361.6
9227.6
9099.6
9099.6
9099.6
9099.6
9099.6
9099.6
9099.6
9007.6
9007.6
9007.6
9007.6
9007.6
8791.6
8791.6
8791.6
8791.6
8791.6
8791.6
8791.6
8791.6
8791.6
8711.6
8711.6
8711.6
8711.6
8711.6
8711.6
8701.6
8701.6
8701.6
8701.6
8701.6
8701.6
8701.6
8591.6
8591.6
