42031.2
38425.6
35200
34440.4
33827.6
33827.6
33056.8
31717.2
30739.2
30477.2
30477.2
30428
30131.2
30131.2
30003.2
30003.2
30003.2
29717.2
29579.2
29579.2
29563.2
29563.2
29563.2
29479.2
29351.2
29267.2
29267.2
29267.2
29267.2
29267.2
29055.2
28872.8
28794.8
28794.8
28544
28544
28312
28312
28312
28206.8
28206.8
28206.8
28206.8
28206.8
28206.8
28050.4
27940.4
27940.4
27888.4
27888.4
27888.4
27888.4
27888.4
27677.2
27260
27260
27260
27260
27230
27150
27150
27150
27150
27150
27070
27070
27070
27070
27070
27070
27070
27070
27070
26912
26912
26912
26912
26912
26662.8
26662.8
26662.8
26662.8
26662.8
26662.8
26662.8
26662.8
26662.8
26662.8
26662.8
26662.8
26662.8
26662.8
26662.8
26662.8
26662.8
26662.8
26662.8
26662.8
26450.8
26450.8
