26700.8
26692.8
26692.8
26692.8
26692.8
26692.8
26692.8
26692.8
26692.8
26692.8
26692.8
26692.8
26692.8
26692.8
26692.8
26692.8
26692.8
26692.8
26692.8
26692.8
26692.8
26692.8
26692.8
26692.8
26692.8
26692.8
26692.8
26692.8
26692.8
26692.8
26692.8
26692.8
26692.8
26692.8
26692.8
26692.8
26692.8
26692.8
26692.8
26692.8
26692.8
26692.8
26692.8
26692.8
26692.8
26692.8
26692.8
26692.8
26692.8
26692.8
26692.8
26692.8
26692.8
26692.8
26692.8
26692.8
26692.8
26692.8
26692.8
26692.8
26692.8
26692.8
26692.8
26692.8
26692.8
26692.8
26692.8
26692.8
26692.8
26692.8
26692.8
26692.8
26692.8
26692.8
26692.8
26692.8
26692.8
26692.8
26692.8
26692.8
26692.8
26692.8
26692.8
26692.8
26692.8
26692.8
26692.8
26692.8
26692.8
26692.8
26692.8
26692.8
26692.8
26692.8
26692.8
26692.8
26692.8
26692.8
26692.8
26692.8
