39696
37796.4
36570
34339.2
33643.2
33625.2
30108
27303.2
26971.2
26971.2
26971.2
26971.2
26953.2
26953.2
26953.2
26953.2
26831.2
26717.2
26717.2
26717.2
26717.2
26717.2
26711.2
26507.2
25151.2
25151.2
25151.2
25151.2
25151.2
25151.2
25151.2
25065.2
24905.2
24905.2
24905.2
24905.2
24905.2
24905.2
24905.2
24905.2
24905.2
24905.2
24905.2
24905.2
24905.2
24905.2
24905.2
24905.2
24905.2
24905.2
24905.2
24905.2
24905.2
24905.2
24905.2
24905.2
24905.2
24905.2
24905.2
24905.2
24905.2
24905.2
24905.2
24905.2
24905.2
24905.2
24905.2
24905.2
24905.2
24905.2
24905.2
24905.2
24905.2
24905.2
24905.2
24905.2
24905.2
24905.2
24905.2
24905.2
24905.2
24905.2
24905.2
24905.2
24905.2
24905.2
24905.2
24905.2
24905.2
24905.2
24905.2
24905.2
24858
24858
24858
24462
24172.4
24172.4
24168.4
24168.4
