33213.2
33213.2
29918.8
29918.8
29918.8
29918.8
28696
28542.4
28542.4
28542.4
28542.4
28361.6
28156
28156
26558.4
26558.4
26558.4
25688.4
25688.4
25688.4
25050.4
25050.4
25050.4
25050.4
25050.4
25050.4
23963.6
23963.6
23963.6
23963.6
23963.6
23963.6
23963.6
23880
23880
23880
23880
23861.2
23606.8
23606.8
23553.2
23553.2
23553.2
23553.2
23095.6
23095.6
23087.6
22939.2
22757.6
22757.6
22288.8
22047.6
22047.6
22047.6
22047.6
21761.2
21761.2
21686
21686
21645.2
21553.2
21474.8
21474.8
21474.8
21474.8
21474.8
21474.8
21474.8
21474.8
21250.8
21250.8
21158.8
21158.8
21158.8
21158.8
21158.8
21158.8
21158.8
21158.8
21158.8
21158.8
20839.6
19814
19814
19814
19814
19814
19814
19814
19558
19558
19558
19558
19558
19558
19558
19151.2
19151.2
19151.2
19151.2
