32412.8
29958
28396.8
28196
28196
27956.4
27956.4
27956.4
27345.2
26851.2
26253.6
25641.2
25641.2
25641.2
24960
23934.8
23400.8
23400.8
23400.8
22374
22272
22182
20518
20518
20518
20518
20518
20518
20518
20518
20518
20518
20518
20518
20518
20518
20518
20445.2
20443.2
20443.2
20443.2
20443.2
20443.2
20443.2
20443.2
20443.2
20443.2
20443.2
20443.2
20443.2
20443.2
20443.2
20443.2
20443.2
20443.2
20443.2
20443.2
20443.2
20443.2
20443.2
20443.2
20443.2
20443.2
20443.2
20443.2
20181.6
20181.6
20181.6
19819.2
19819.2
19819.2
19819.2
19819.2
19819.2
19819.2
19597.2
19483.2
19483.2
19483.2
19483.2
19483.2
19483.2
19483.2
19483.2
19483.2
19483.2
19483.2
19483.2
19483.2
19483.2
19483.2
19483.2
19483.2
19483.2
19483.2
19315.2
19315.2
19315.2
19315.2
19315.2
