36345.2
34498.4
34244
32071.2
31265.2
29270
28095.2
28095.2
27191.2
27191.2
27191.2
26997.2
26997.2
26997.2
26947.2
26947.2
26941.2
26941.2
26941.2
26941.2
26909.2
26909.2
26763.2
26763.2
26165.2
26165.2
26165.2
26165.2
26165.2
25979.2
25979.2
25839.2
25604
25560
25484
25484
25484
25484
25484
25282
25282
25282
25144
25144
24500
24500
24280
24280
23725.2
23725.2
23725.2
23528.8
23445.2
23445.2
23445.2
23445.2
23401.2
23401.2
23401.2
23401.2
23391.2
23391.2
23391.2
23391.2
23391.2
23391.2
23391.2
23391.2
23391.2
23391.2
23391.2
23391.2
23391.2
23391.2
23391.2
23391.2
23391.2
23391.2
23391.2
23391.2
23391.2
23391.2
23391.2
23391.2
23391.2
23391.2
23391.2
23391.2
23391.2
23391.2
23391.2
23391.2
23391.2
23391.2
23391.2
23391.2
23391.2
23391.2
23391.2
23391.2
