20086
20086
20086
20086
20086
20086
20086
18754.4
18310
18310
18310
18310
17409.2
17409.2
17409.2
17409.2
17397.2
17397.2
17397.2
17397.2
17397.2
17397.2
17343.2
17343.2
17169.2
17169.2
17133.2
17133.2
17133.2
17133.2
17133.2
17133.2
17133.2
17133.2
17133.2
17133.2
17133.2
17133.2
17133.2
17133.2
17133.2
17133.2
17133.2
15568
15378
15248
15248
15248
15248
15242
15242
15242
14960.8
14820
14820
14820
14608.8
14380.8
14380.8
14380.8
14380.8
13930.8
13616.8
13310.8
13310.8
13310.8
13310.8
13310.8
13310.8
13300.8
13300.8
13300.8
13300.8
13300.8
13300.8
13300.8
13290.8
13290.8
13290.8
13288.8
13288.8
13288.8
13288.8
13288.8
13288.8
13260.8
13200.8
13200.8
13200.8
13200.8
13200.8
13200.8
13200.8
13200.8
13200.8
13200.8
13200.8
13200.8
13200.8
13200.8
