35912
35912
35912
35912
35912
32793.6
32793.6
32793.6
32518.8
32518.8
32518.8
32518.8
32518.8
29740
29740
29740
29740
29740
29740
29740
29740
29740
29740
29740
29740
29461.6
29457.6
29457.6
29457.6
29457.6
28023.2
28015.2
28015.2
28015.2
27367.6
27367.6
27367.6
26864
26864
26864
26864
26349.6
26319.6
26319.6
26319.6
26319.6
26319.6
26291.6
26291.6
26291.6
26291.6
26291.6
26291.6
26291.6
26291.6
26291.6
26291.6
26291.6
26291.6
26291.6
26291.6
26291.6
26291.6
26291.6
26291.6
26291.6
26291.6
26291.6
26291.6
26291.6
26291.6
25701.6
25701.6
25540.8
25540.8
25540.8
25540.8
25540.8
25540.8
25540.8
25540.8
25540.8
25540.8
25540.8
25540.8
25540.8
24154.8
24154.8
24154.8
21595.6
21409.6
21409.6
21409.6
21409.6
21409.6
21409.6
21409.6
21409.6
21409.6
21409.6
