15715.6
14929.6
14929.6
14700
14700
14700
13910.8
13910.8
13910.8
13910.8
13666.8
13666.8
13666.8
13666.8
13043.2
13043.2
13043.2
13043.2
13043.2
13043.2
13043.2
13043.2
13043.2
13043.2
13043.2
13043.2
13043.2
13043.2
13043.2
13043.2
13043.2
13043.2
13043.2
12862.8
12862.8
12862.8
12862.8
12862.8
12862.8
12862.8
12862.8
12862.8
12862.8
12862.8
12862.8
12862.8
12862.8
12862.8
12862.8
12862.8
12862.8
12862.8
12762.4
12622.8
12622.8
12622.8
12622.8
12516.8
12516.8
12516.8
12516.8
12516.8
12516.8
12516.8
12516.8
12516.8
12516.8
12516.8
12516.8
12516.8
12516.8
12516.8
12351.2
12351.2
12351.2
12351.2
12272
12272
12272
12272
12272
12272
12272
12272
12272
12272
12272
12010
12010
12010
12010
12010
12010
12010
12010
12010
12010
12010
12010
12010
