17275.6
15318.8
13557.2
13126.8
12321.6
12267.6
12267.6
12267.6
12267.6
11765.6
10981.6
10477.6
10477.6
10477.6
10477.6
10477.6
10477.6
10477.6
10477.6
10477.6
10477.6
10477.6
10477.6
10477.6
10477.6
10477.6
10477.6
10477.6
10477.6
10477.6
10477.6
10477.6
10477.6
10477.6
10371.6
10371.6
10371.6
10371.6
10371.6
10371.6
10371.6
10371.6
10371.6
10156
10156
10156
10156
10156
10156
10156
10156
10156
10156
10156
10156
10156
10156
10156
10156
10116
10116
10116
10116
10116
10116
10116
10116
10116
10116
10116
10116
10116
10116
10116
10116
10116
10116
10116
10116
10116
10116
10116
10116
10116
10116
10116
10116
9708
9708
9708
9708
9708
9708
9708
9708
9708
9708
9708
9708
9708
