16121.6
16121.6
16121.6
15525.2
15525.2
15525.2
15525.2
15525.2
15525.2
15525.2
15352.8
15192.4
15122.8
15002.8
15002.8
14930.8
14930.8
14930.8
13874.4
13874.4
13874.4
13874.4
13874.4
13874.4
13874.4
13874.4
13874.4
13874.4
13874.4
13874.4
13874.4
13771.2
13771.2
13771.2
13771.2
13771.2
13771.2
13771.2
13771.2
13771.2
13771.2
13771.2
13771.2
13771.2
13771.2
13771.2
13771.2
13771.2
13617.2
13617.2
13617.2
13617.2
13617.2
13617.2
13617.2
13617.2
13617.2
13617.2
13617.2
13617.2
13617.2
13617.2
13617.2
13617.2
13617.2
13617.2
13617.2
13617.2
13617.2
13617.2
13617.2
12925.6
12925.6
12925.6
12925.6
12925.6
12925.6
12925.6
12925.6
12925.6
12925.6
12925.6
12925.6
12673.2
12673.2
12673.2
12673.2
12673.2
12673.2
12673.2
12673.2
12673.2
12673.2
12673.2
12673.2
12673.2
12673.2
12643.6
12643.6
12643.6
