15332
11379.2
10712
10712
10634
10476
10476
10426
10426
10426
10426
10330
10330
10330
10330
10330
10318
10318
10318
10155.6
10155.6
8906.4
8906.4
8790.4
8790.4
8790.4
8790.4
8790.4
8790.4
8790.4
8790.4
8790.4
8790.4
8404.4
8404.4
8404.4
8404.4
8404.4
8404.4
8404.4
8404.4
8404.4
8404.4
8284.4
8284.4
8284.4
8284.4
8174.4
8174.4
8174.4
8174.4
8174.4
8174.4
8174.4
8174.4
8174.4
8174.4
8174.4
8174.4
8174.4
8174.4
8174.4
8174.4
8174.4
8174.4
8174.4
8174.4
8174.4
8174.4
8174.4
8174.4
8174.4
8174.4
8174.4
8174.4
8174.4
8174.4
8174.4
8174.4
8174.4
8174.4
8174.4
8174.4
8174.4
8174.4
8174.4
8174.4
8174.4
8174.4
8174.4
8174.4
8174.4
8174.4
8174.4
8174.4
8174.4
8174.4
8174.4
8174.4
8174.4
