10948.4
10196.4
10172.4
10172.4
9608.4
9608.4
9608.4
9608.4
9608.4
9608.4
9608.4
9608.4
9608.4
9608.4
9608.4
9474.4
9474.4
9474.4
9474.4
9474.4
9474.4
9430.4
9430.4
9430.4
9430.4
9430.4
9430.4
9430.4
9430.4
9430.4
9430.4
9430.4
9430.4
9430.4
9430.4
9430.4
9430.4
9430.4
9430.4
9430.4
9430.4
9430.4
9430.4
9430.4
9430.4
9430.4
9430.4
9430.4
9430.4
9430.4
9430.4
9430.4
9430.4
9430.4
9430.4
9430.4
9430.4
9430.4
9430.4
9430.4
9430.4
9430.4
9430.4
9430.4
9430.4
9430.4
9430.4
9430.4
9430.4
9430.4
9430.4
9430.4
9430.4
9430.4
9430.4
9430.4
9430.4
9430.4
9430.4
9430.4
9430.4
9430.4
9430.4
9430.4
9430.4
9430.4
9430.4
9430.4
9430.4
9430.4
9430.4
9430.4
9430.4
9354.4
9354.4
9354.4
9354.4
9354.4
9354.4
9354.4
