16829.6
16829.6
16586
16530
16526
15943.2
15674.4
15024.4
15024.4
14752.4
14547.2
14103.2
14007.2
13825.6
13825.6
13679.2
13519.2
13297.2
13195.2
13161.2
13161.2
12686.8
12686.8
12686.8
12674.8
12674.8
12674.8
12536.8
12536.8
12536.8
12536.8
12536.8
12536.8
12536.8
12536.8
12536.8
12536.8
12536.8
12536.8
12536.8
12536.8
12536.8
12536.8
12536.8
12536.8
12536.8
12494
12494
12494
12494
12494
12494
12494
12494
12494
12494
12494
12494
12494
12494
12494
12494
12494
12494
12494
12494
12494
12494
12494
12494
12494
12494
12494
12494
12494
12494
12494
12494
12494
12494
12494
12494
12494
12494
12494
12494
12494
12494
12494
12494
12494
12494
12494
12494
12494
12494
12494
12494
12494
12494
