15008.4
14536.4
14536.4
14536.4
14248
14222
14222
14068
13902
13902
13508
13508
13508
13508
13508
13508
13508
13508
13508
13508
13222
13222
13202
13161.6
13161.6
12967.6
12885.6
12885.6
12885.6
12504.8
12473.2
12283.2
11218
11218
11218
11126
11126
11126
11126
11050
10942
10942
10942
10942
10942
10942
10942
10942
10942
10922
10670
10670
10548
10548
10548
10504
10504
10504
10504
10504
10504
10504
10504
10504
10504
10504
10504
10504
10504
10504
10504
10504
10504
10504
10504
10504
10504
10504
10504
10504
10504
10504
10504
10504
10504
10504
10504
10396
10396
10246
10246
10246
10246
10246
10246
10246
10246
10246
10246
10246
