13409.6
13409.6
12907.2
12907.2
12907.2
12907.2
12586.8
11848.8
11848.8
11848.8
11848.8
11562.8
11562.8
10748.8
10748.8
10748.8
10264.8
10104.8
10104.8
9836.8
9836.8
9836.8
9688.8
9688.8
9688.8
9688.8
9688.8
9688.8
9688.8
9688.8
9688.8
9688.8
9688.8
9688.8
9688.8
9688.8
9688.8
9688.8
9628.8
9628.8
9628.8
9276.8
9276.8
9276.8
9276.8
9276.8
9276.8
9276.8
9276.8
9276.8
9276.8
9276.8
9276.8
9276.8
9276.8
8964.8
8964.8
8964.8
8964.8
8964.8
8964.8
8964.8
8964.8
8964.8
8964.8
8964.8
8964.8
8964.8
8964.8
8964.8
8964.8
8964.8
8964.8
8964.8
8964.8
8964.8
8964.8
8964.8
8964.8
8964.8
8964.8
8964.8
8964.8
8964.8
8964.8
8964.8
8964.8
8964.8
8964.8
8964.8
8964.8
8964.8
8964.8
8964.8
8964.8
8964.8
8964.8
8964.8
8964.8
8964.8
8556.8
