16351.2
16351.2
15881.6
15881.6
15598
14884
14826
14472
13594
13594
13340
13340
13340
13340
13340
13340
13340
13252.8
12604
12604
12604
12604
12604
12604
12604
12604
12604
12120
12120
12120
12120
12120
12120
12120
12120
12120
12120
12120
12120
11963.6
11963.6
11963.6
11963.6
11963.6
11963.6
11963.6
11963.6
11963.6
11963.6
11610.4
11610.4
11610.4
11610.4
11610.4
11610.4
11610.4
11610.4
11582.8
11582.8
11413.6
11413.6
10979.6
10979.6
10979.6
10741.6
10741.6
10741.6
10741.6
10741.6
10741.6
10577.6
10381.6
10381.6
10381.6
10381.6
10381.6
10381.6
10381.6
10381.6
10381.6
10381.6
10381.6
10381.6
10381.6
10381.6
10381.6
10381.6
10381.6
10229.6
10229.6
10229.6
10229.6
10229.6
10229.6
10229.6
10229.6
10229.6
10229.6
10229.6
10229.6
