16978.4
16289.6
14909.2
14487.2
14129.2
14053.6
13963.6
13541.6
13316.8
13316.8
13130.8
13130.8
13130.8
13086.8
12856.8
12856.8
12644.8
12644.8
12644.8
11732.8
11732.8
11732.8
11732.8
11710.8
11710.8
11710.8
11710.8
11710.8
11710.8
11470.8
11470.8
11470.8
11470.8
11470.8
11318.8
11274.8
11274.8
11274.8
11122.8
11122.8
11122.8
11122.8
10986.8
10986.8
10986.8
10986.8
10986.8
10986.8
10986.8
10986.8
10986.8
10986.8
10986.8
10986.8
10986.8
10986.8
10986.8
10986.8
10986.8
10986.8
10986.8
10986.8
10986.8
10986.8
10986.8
10986.8
10986.8
10986.8
10986.8
10986.8
10986.8
10986.8
10986.8
10986.8
10986.8
10986.8
10986.8
10986.8
10986.8
10986.8
10986.8
10986.8
10986.8
10986.8
10986.8
10986.8
10986.8
10986.8
10986.8
10986.8
10986.8
10986.8
10986.8
10986.8
10986.8
10986.8
10986.8
10986.8
10986.8
10986.8
