22426.4
22426.4
19915.2
18996
18901.2
18895.2
18417.2
18417.2
18417.2
18417.2
18417.2
18417.2
18417.2
18417.2
18417.2
18417.2
18417.2
18391.2
18391.2
18391.2
18391.2
16509.6
16509.6
15126.4
15126.4
15126.4
14792.8
14792.8
14049.6
14049.6
13962.4
13962.4
13962.4
13962.4
13962.4
13724.4
13724.4
13486.8
13486.8
13306.4
13306.4
13306.4
13256.4
13256.4
13256.4
13256.4
13140.4
13140.4
13140.4
13140.4
12899.6
12899.6
12899.6
12899.6
12899.6
12899.6
12875.6
12875.6
12875.6
12875.6
12875.6
12875.6
12875.6
12875.6
12875.6
12875.6
12875.6
12875.6
12875.6
12875.6
12797.2
12797.2
12797.2
12797.2
12797.2
12797.2
12797.2
12797.2
12797.2
12797.2
12797.2
12797.2
12797.2
12797.2
12797.2
12797.2
12797.2
12797.2
12797.2
12797.2
12797.2
12797.2
12797.2
12797.2
12797.2
12797.2
12797.2
12797.2
12797.2
12797.2
