25827.6
25594.4
25594.4
25594.4
25594.4
25594.4
25594.4
25594.4
25594.4
25594.4
25594.4
25594.4
25594.4
25594.4
25594.4
25594.4
25594.4
25594.4
25594.4
25594.4
25594.4
25594.4
25594.4
25594.4
25594.4
25594.4
25594.4
25594.4
25594.4
25594.4
25594.4
25594.4
25594.4
25594.4
25594.4
25594.4
25594.4
25594.4
25594.4
25594.4
25594.4
25594.4
25594.4
25594.4
25594.4
25594.4
25594.4
25594.4
25594.4
25594.4
25594.4
25594.4
25594.4
25594.4
25594.4
25594.4
25594.4
25594.4
25594.4
25594.4
25594.4
25594.4
25594.4
25594.4
25594.4
25594.4
25594.4
25594.4
25594.4
25594.4
25594.4
25594.4
25594.4
25594.4
25594.4
25594.4
25594.4
25594.4
25594.4
25594.4
25594.4
25594.4
25594.4
25594.4
25594.4
25594.4
25594.4
25594.4
25594.4
25594.4
25594.4
25594.4
25594.4
25594.4
25594.4
25594.4
25594.4
25594.4
25594.4
25594.4
