25821.2
24637.2
24211.2
24211.2
24211.2
23995.2
23995.2
23992.4
23760.4
23050.4
21846.8
20638.4
20638.4
20316.8
20200.8
20200.8
18884
18760.8
17937.6
17569.2
16797.2
16457.2
16234.4
15976.4
15976.4
15918.4
15918.4
15588.4
15588.4
15588.4
15588.4
15588.4
15582.4
15550.4
15550.4
15550.4
15541.2
15541.2
15541.2
15541.2
15541.2
15541.2
15541.2
15541.2
15541.2
15365.2
15166.8
15127.6
15127.6
15095.6
15095.6
15095.6
15095.6
14949.6
14949.6
14949.6
14949.6
14949.6
14949.6
14949.6
14949.6
14949.6
14949.6
14949.6
14576
14576
14430
14430
14430
14430
14430
14430
14422
14422
14422
14422
14422
14422
14422
14422
14422
14422
14422
14422
14422
14422
14422
14422
14422
14422
14422
14422
14422
14422
14422
14422
14422
14422
14422
14422
