27198
24810
20968.4
20764.4
20718.4
20550
20430
20410
20410
20410
18744
18618
18456
18448
17924.4
17924.4
17916.4
17732.8
17726.8
17726.8
17726.8
17526.8
17196.8
17100.8
17100.8
17100.8
17100.8
17100.8
17100.8
17100.8
17092.8
17092.8
17092.8
17092.8
17092.8
17092.8
17092.8
17092.8
17092.8
17092.8
17092.8
17092.8
17092.8
17092.8
17010
17010
17010
16921.6
16921.6
16921.6
16921.6
16921.6
16921.6
16921.6
16921.6
16921.6
16921.6
15092.8
14726
14497.2
14263.2
14263.2
14263.2
14049.2
13894.8
13894.8
13813.6
13805.6
13805.6
13711.6
13711.6
13701.6
13701.6
13701.6
13701.6
13701.6
13701.6
13689.6
13689.6
13689.6
13689.6
13689.6
13291.2
13291.2
13291.2
13291.2
13291.2
12482.4
12482.4
12482.4
12482.4
12482.4
12482.4
12482.4
12482.4
12482.4
12482.4
12482.4
12430.4
12182.4
