33496
27996.4
26320.8
26320.8
26320.8
25053.2
25053.2
25053.2
23306.8
23306.8
23306.8
22826.4
21047.6
21047.6
21047.6
21047.6
20885.6
20885.6
20885.6
20885.6
20655.6
20655.6
20655.6
20655.6
20655.6
20655.6
20655.6
20655.6
20655.6
20655.6
20655.6
20655.6
20655.6
20655.6
20655.6
19738
19738
19738
19738
19738
19102
19102
19102
19102
19022
19022
19022
19022
19022
18546
17910.8
17910.8
17910.8
17910.8
17910.8
17910.8
17910.8
17910.8
17910.8
17910.8
17832
17832
17832
17832
17832
17832
17832
17832
17832
17832
17832
17832
17832
17832
17832
17832
17832
17832
17832
17832
17832
17606
17606
17606
17606
17604
17604
17238.4
17238.4
17238.4
17238.4
17238.4
17238.4
17238.4
17238.4
17238.4
17238.4
17238.4
17238.4
17238.4
