23539.2
23539.2
16334.8
16334.8
16334.8
16334.8
16334.8
16334.8
15298
15298
15298
15298
15194
15194
15194
14866
14866
14610
14610
14313.2
14313.2
14313.2
13697.2
13697.2
13697.2
13697.2
13697.2
13697.2
13697.2
13697.2
13697.2
13697.2
13697.2
13697.2
13697.2
13697.2
13697.2
13697.2
13697.2
13697.2
13697.2
13697.2
13697.2
13697.2
13697.2
13697.2
13697.2
13697.2
13669.2
13669.2
13551.2
13551.2
13551.2
13551.2
13551.2
13551.2
13551.2
13202.8
11890
11650
11392
11392
11392
11392
11392
11392
11392
11392
11392
11392
11277.6
11277.6
11277.6
11277.6
11277.6
11277.6
11277.6
11277.6
11277.6
11277.6
11085.6
11085.6
11085.6
11085.6
11085.6
11085.6
11085.6
11085.6
11085.6
11085.6
11069.6
11069.6
11069.6
11069.6
11069.6
11069.6
11069.6
11069.6
11069.6
11069.6
