23398
23398
23398
23398
23398
20612.8
20236.8
20236.8
20236.8
20236.8
18858
18858
18858
18858
17283.6
17283.6
17283.6
16621.2
16563.2
16563.2
16563.2
16563.2
16563.2
16501.2
16501.2
16501.2
16501.2
16501.2
16422.8
16237.6
16237.6
15059.2
15059.2
15059.2
15059.2
15059.2
15059.2
14913.2
14645.2
14645.2
14645.2
14645.2
14645.2
14645.2
14645.2
14645.2
14347.6
14347.6
14347.6
14347.6
14347.6
14347.6
14347.6
14347.6
14347.6
14347.6
14347.6
14347.6
14347.6
13919.6
13919.6
13919.6
13919.6
13919.6
13919.6
13285.2
13285.2
13285.2
13285.2
13285.2
13143.2
13143.2
13143.2
13143.2
13143.2
13143.2
13143.2
13143.2
13143.2
13143.2
13143.2
13143.2
13143.2
13143.2
13143.2
13143.2
13143.2
13143.2
13143.2
13143.2
13143.2
13143.2
13143.2
13143.2
13143.2
13143.2
12981.2
12981.2
12981.2
12981.2
