36612.8
36612.8
36612.8
35959.2
35567.6
35567.6
33481.6
33481.6
33481.6
33481.6
32320.8
32320.8
31672
31672
31672
31672
31672
31672
31247.2
31247.2
31247.2
31247.2
29926.8
29926.8
29926.8
29926.8
29926.8
29056.8
29056.8
29056.8
28840.4
28498
28498
28457.6
28457.6
28457.6
28332.4
28269.6
28269.6
28269.6
28269.6
28269.6
28269.6
28153.6
28153.6
28153.6
28009.6
27264.8
27264.8
27264.8
27240.4
27240.4
27240.4
27240.4
27240.4
27240.4
27240.4
27240.4
27240.4
27240.4
27240.4
27240.4
27240.4
27023.2
27006
26890.4
26890.4
26890.4
26442
26442
26442
26442
26442
26442
26442
26303.6
26303.6
26303.6
26303.6
26303.6
26303.6
26303.6
26303.6
26136
26136
26136
26136
26136
26136
26136
26136
25971.6
25934
25934
25934
25934
25934
25934
25934
25841.2
