30863.2
30863.2
29795.2
28868.8
27916
27904
27904
27489.6
26358
26358
25848.4
25848.4
25716.8
25716.8
25716.8
25618.8
25618.8
25614.8
25614.8
25614.8
25290.8
25290.8
25290.8
25290.8
25290.8
24921.6
24789.2
24789.2
24747.2
24714.4
24714.4
24714.4
24714.4
24714.4
24714.4
24714.4
24714.4
24542.4
24542.4
24542.4
24542.4
24542.4
24542.4
24542.4
24542.4
24542.4
23929.6
23929.6
23917.6
23650
23650
23650
23650
23650
23493.2
23493.2
22392.4
21270
21270
21097.6
21097.6
21019.6
21019.6
21019.6
21019.6
20981.2
20981.2
20941.2
20903.2
20903.2
20903.2
20903.2
20903.2
20903.2
20903.2
20903.2
20903.2
20903.2
20903.2
20903.2
20903.2
20903.2
20903.2
20903.2
20903.2
20903.2
20903.2
20903.2
20903.2
20903.2
20903.2
20903.2
20903.2
20903.2
20903.2
20903.2
20903.2
20903.2
20903.2
20903.2
