29119.6
26277.2
25683.6
23740.8
21238
20577.2
19951.2
19621.2
19092
18462
18360
18120
18120
18120
17537.6
17537.6
17433.6
17084.4
16982.4
16748.4
16676.4
16590.4
16590.4
16590.4
16450.4
16450.4
16450.4
16450.4
16320.4
16320.4
16320.4
16320.4
16114.4
16114.4
15954.4
15954.4
15952.4
15952.4
15884.4
15884.4
15758.4
15758.4
15690.4
15690.4
15690.4
15690.4
15690.4
15690.4
15690.4
15690.4
15662.4
15662.4
15520.4
15520.4
15520.4
15520.4
15520.4
15520.4
15520.4
15520.4
15520.4
15520.4
15520.4
15520.4
15520.4
15520.4
15520.4
15520.4
15520.4
15520.4
15520.4
15520.4
15278.8
15278.8
15252.4
15252.4
15252.4
15252.4
15252.4
15252.4
15252.4
15252.4
15252.4
15252.4
15252.4
15215.2
15158.4
15158.4
15158.4
15158.4
15158.4
15158.4
15158.4
15158.4
15121.2
15121.2
15121.2
15121.2
15121.2
15121.2
