12821.6
9848.8
9848.8
9848.8
9848.8
9848.8
9110.4
9110.4
9110.4
9110.4
9110.4
9110.4
9110.4
9110.4
9110.4
9110.4
9110.4
9110.4
9046.4
9046.4
9046.4
9046.4
9046.4
9046.4
9046.4
9046.4
8965.6
8586
8586
8586
8586
7482
7482
7482
7482
7482
7482
7482
7482
7482
7482
7482
7482
7482
7482
7444
7444
7444
7444
7393.2
7361.2
7361.2
7361.2
7361.2
7355.2
7355.2
7350.4
7350.4
7350.4
7350.4
7350.4
7350.4
7350.4
7350.4
7350.4
7350.4
7350.4
7350.4
7350.4
7350.4
7084.8
7084.8
7084.8
7084.8
6882.4
6882.4
6882.4
6882.4
6882.4
6882.4
6882.4
6882.4
6882.4
6882.4
6882.4
6882.4
6882.4
6882.4
6882.4
6882.4
6882.4
6882.4
6882.4
6882.4
6882.4
6882.4
6882.4
6882.4
6868.4
6868.4
