26680.4
24601.6
22408
22370
22192.8
22149.2
21588.4
21394.4
21394.4
21240.4
21240.4
21240.4
21240.4
21240.4
18724.8
18676.8
18676.8
18676.8
18676.8
18676.8
18676.8
18676.8
18676.8
18514.8
18514.8
18498.8
18498.8
18498.8
18498.8
18498.8
18498.8
18498.8
18498.8
18498.8
18498.8
18498.8
18444
18284
18284
18284
18284
18284
18284
18284
18252
18252
18252
18252
18252
18252
18252
18252
18252
18252
18252
18252
18252
17566.4
17566.4
17522.4
16886.8
16886.8
16771.2
16771.2
15334.4
15098
15098
15096
15096
15096
15096
14978
14978
14978
14968
14677.2
14677.2
14677.2
14587.2
14587.2
14587.2
14587.2
14587.2
14587.2
14587.2
14587.2
14587.2
14533.2
14533.2
14533.2
14533.2
14533.2
14533.2
14533.2
14533.2
14533.2
14533.2
14533.2
14533.2
14533.2
