120264
117484
117484
117484
117484
117484
117484
117484
115380
115380
110522
108210
100440
100440
100440
100440
100440
100440
97678
97678
97678
97678
97678
97678
97678
97678
97678
97678
97678
97678
97574
94464
94113.6
94113.6
94113.6
94113.6
94113.6
94113.6
94113.6
94113.6
94113.6
93182
91321.6
90720.8
90720.8
90720.8
82786.8
82680.8
79309.6
79309.6
79309.6
79309.6
79046.4
79046.4
79046.4
79046.4
79046.4
78900.4
78900.4
78250.4
78250.4
76248.8
76248.8
76248.8
76248.8
76248.8
76248.8
76248.8
76248.8
76248.8
76248.8
76248.8
76248.8
76248.8
76248.8
76248.8
76248.8
76248.8
76248.8
76248.8
76248.8
76248.8
76248.8
76248.8
76248.8
76248.8
76248.8
75579.6
75579.6
75230.8
74548.8
73935.2
73393.6
73393.6
73393.6
72857.6
72857.6
72857.6
72857.6
72857.6
