121224
119858
118647
114476
112920
110676
106569
106471
105822
105688
105371
104206
102916
102916
99575.2
99575.2
93849.6
93624.8
92191.6
90736.4
90542.4
90542.4
90452.4
90452.4
90452.4
90404.4
89866.8
89678.4
87182.4
87182.4
87182.4
87140.4
87002.4
87002.4
87002.4
86778.8
84696.8
84696.8
84696.8
84602.8
84602.8
84602.8
84472
83595.6
83595.6
83595.6
83575.6
83545.6
83545.6
83415.6
83415.6
83377.6
83289.6
83289.6
83289.6
83143.6
83143.6
83143.6
83143.6
83143.6
82915.6
82915.6
82915.6
82915.6
82915.6
82812.4
82812.4
82812.4
82002
82002
82002
82002
82002
82002
82002
82002
82002
82002
82002
82002
82002
82002
82002
82002
82002
82002
82002
82002
82002
82002
82002
82002
82002
82002
82002
82002
82002
82002
82002
82002
