111768
100682
100682
100682
100682
100682
100682
100682
100682
100682
100682
100682
100682
100682
100682
100682
100682
100682
100682
100682
100682
100682
100682
100682
100682
100682
100682
100682
100682
100682
100682
100682
100682
100682
100682
100682
100682
100682
100682
100682
100682
100682
100682
100682
100682
100682
100682
100682
100682
100682
100682
100682
100682
100682
100682
100682
100682
100682
100682
100682
100682
100682
100682
100682
100682
100682
100682
100682
100682
100682
100682
100682
100682
100682
100682
100682
100682
100682
100682
100682
100682
100682
100682
100682
100682
100682
100682
100682
100682
100682
100682
100682
100682
100682
100682
100682
100682
100682
100682
100682
