130872
127438
123719
120788
118871
114582
113741
111737
111737
109020
109020
109020
109020
108890
108828
108778
108716
108716
108716
108662
108662
108662
108662
106040
105960
105960
105806
105704
105704
105582
105494
105494
105168
105168
105168
104934
104934
104934
104934
104934
104934
104844
104719
104719
104663
104663
104663
104615
104615
104405
104405
104405
104274
104274
104274
104274
104274
104210
104210
104170
103698
103698
103698
103696
103045
102576
102417
102239
102073
102073
102041
101945
101945
101855
101855
101823
101823
101749
101749
101329
101329
101329
101329
101329
101270
101100
101100
99411.2
99370.8
98607.6
98607.6
98021.6
97949.6
97945.6
97925.6
97925.6
97925.6
97925.6
97685.6
97685.6
