118448
116590
116453
114871
113823
110713
109495
109072
108990
107064
106688
106688
106460
106460
106292
106292
104042
104042
103603
103603
102570
102264
101617
101617
98155.2
97616
97616
97128.8
97005.6
96971.6
96971.6
96841.2
96841.2
96841.2
96528.4
96528.4
96168.4
96168.4
96126.4
96126.4
96126.4
95992.4
95992.4
95992.4
95992.4
95992.4
95992.4
95992.4
95992.4
95924.4
95924.4
95924.4
95924.4
95924.4
95924.4
95453.2
95453.2
95451.2
95451.2
95451.2
95451.2
95451.2
95451.2
95451.2
95443.2
95443.2
95399.2
95324
95324
95117.2
95117.2
95117.2
95117.2
95117.2
95117.2
95117.2
95117.2
95117.2
95117.2
95117.2
95117.2
95117.2
95117.2
95117.2
95117.2
95117.2
95117.2
95117.2
95117.2
95117.2
95117.2
95117.2
95117.2
95117.2
95117.2
95117.2
95117.2
95117.2
95117.2
95117.2
