120730
120730
120478
120149
118470
117509
117213
117096
116673
115685
115584
111399
111070
108168
106914
106794
106794
106794
106794
106450
106450
106450
104596
104596
104584
104578
104578
104578
104290
103966
103934
103934
103878
103878
103816
103816
103816
103816
103816
101651
101651
101651
101651
101651
101651
101633
101583
101503
101503
101424
100762
100368
100368
100335
100247
100247
100247
100247
99168.8
99074.8
99050.8
99050.8
99050.8
99050.8
99050.8
99050.8
99050.8
99050.8
99050.8
98958.4
97306.4
95871.6
95424
95424
95424
95316
95316
95316
95136
95032.4
95032.4
95032.4
94866.4
94866.4
94758.4
94758.4
94758.4
94684.4
94603.6
94603.6
94603.6
94493.6
94346.4
94252.4
94252.4
94252.4
94218.4
94218.4
94168.4
94168.4
94168.4
