6198
6184.4
5865.6
5865.6
5865.6
5865.6
5703.6
5619.6
5397.6
5397.6
5397.6
5397.6
5397.6
5397.6
5389.6
5389.6
5389.6
5335.6
5335.6
5335.6
5335.6
5335.6
5335.6
5335.6
5165.6
5165.6
5165.6
5165.6
5165.6
5165.6
5159.6
5159.6
5159.6
5159.6
5159.6
5159.6
5159.6
5065.6
5065.6
5065.6
5065.6
5065.6
5065.6
5065.6
5065.6
5065.6
5065.6
5065.6
5065.6
5065.6
5065.6
5065.6
5065.6
5065.6
5065.6
5065.6
5065.6
5065.6
5065.6
5065.6
5065.6
5003.6
5003.6
5003.6
5003.6
5003.6
5003.6
5003.6
5003.6
5003.6
5003.6
5003.6
5003.6
5003.6
5003.6
5003.6
5003.6
5003.6
5003.6
5003.6
5003.6
5003.6
5003.6
5003.6
5003.6
5003.6
5003.6
5003.6
5003.6
5003.6
5003.6
5003.6
5003.6
5003.6
5003.6
5003.6
5003.6
5003.6
5003.6
5003.6
5003.6
