5374
5096
5050
4988
4644
4453.6
4453.6
4423.6
4423.6
4423.6
4423.6
4423.6
4193.2
4193.2
4187.2
4120.8
4120.8
4120.8
4120.8
4120.8
4120.8
4120.8
4120.8
4120.8
4120.8
4120.8
4120.8
4120.8
4120.8
4120.8
4120.8
4120.8
4120.8
4120.8
4120.8
4120.8
4120.8
4120.8
4120.8
4120.8
4120.8
4120.8
4120.8
4120.8
4120.8
4120.8
4120.8
4120.8
4120.8
4120.8
4120.8
4120.8
4120.8
4120.8
4120.8
4120.8
4120.8
4120.8
4120.8
4120.8
4120.8
4120.8
4120.8
4120.8
4120.8
4120.8
4120.8
4120.8
4120.8
4120.8
4120.8
4081.2
4081.2
4081.2
4081.2
4081.2
4081.2
4081.2
4081.2
4081.2
4081.2
4081.2
4081.2
4081.2
4081.2
4081.2
4081.2
4081.2
4081.2
4081.2
4081.2
4081.2
4081.2
4081.2
4081.2
4081.2
4081.2
4081.2
4081.2
4081.2
