4729.6
4729.6
4029.6
3869.6
3869.6
3869.6
3869.6
3869.6
3708.8
3708.8
3708.8
3708.8
3572.8
3572.8
3572.8
3572.8
3572.8
3572.8
3572.8
3572.8
3572.8
3572.8
3572.8
3494.8
3494.8
3373.2
3373.2
3373.2
3373.2
3373.2
3373.2
3373.2
3373.2
3373.2
3333.6
3333.6
3227.6
3227.6
3168.8
3168.8
3168.8
3168.8
3168.8
2699.2
2699.2
2699.2
2699.2
2699.2
2699.2
2699.2
2699.2
2699.2
2699.2
2699.2
2699.2
2699.2
2699.2
2699.2
2699.2
2699.2
2699.2
2699.2
2699.2
2699.2
2699.2
2699.2
2699.2
2699.2
2699.2
2699.2
2699.2
2699.2
2699.2
2699.2
2699.2
2699.2
2699.2
2699.2
2699.2
2699.2
2699.2
2699.2
2699.2
2699.2
2699.2
2699.2
2699.2
2699.2
2699.2
2699.2
2699.2
2699.2
2699.2
2699.2
2699.2
2699.2
2699.2
2699.2
2699.2
2699.2
