5632.8
4516.4
4203.6
3945.6
3927.6
3607.2
3607.2
3607.2
3607.2
3607.2
3506.8
3328.8
3328.8
3134
3134
3134
3134
3134
3134
3128
3128
3114
3114
3040
3040
3040
3040
3040
3040
3040
2878
2878
2878
2878
2878
2878
2878
2878
2878
2878
2878
2878
2878
2878
2878
2878
2650
2582
2582
2582
2582
2566
2566
2566
2566
2566
2566
2566
2566
2566
2566
2566
2566
2566
2566
2566
2566
2566
2566
2566
2566
2566
2566
2566
2566
2566
2566
2566
2566
2566
2566
2566
2566
2566
2566
2566
2566
2566
2566
2566
2566
2566
2566
2566
2566
2566
2566
2566
2566
2566
