8188.4
7688.8
7688.8
7688.8
7483.2
7223.2
6952.4
6952.4
6952.4
6830.4
6830.4
6830.4
6521.2
6521.2
6521.2
6521.2
6521.2
6521.2
6521.2
6521.2
6521.2
6521.2
6521.2
6521.2
6521.2
6521.2
6521.2
6521.2
6521.2
6521.2
6521.2
6521.2
6521.2
6521.2
6521.2
6521.2
6521.2
6471.2
6471.2
6471.2
6471.2
6259.2
6259.2
6259.2
6259.2
6259.2
6259.2
6259.2
6259.2
6259.2
6259.2
6259.2
6259.2
6259.2
6259.2
6259.2
6259.2
6259.2
6259.2
6259.2
6259.2
6259.2
6259.2
6259.2
6259.2
6259.2
6259.2
6259.2
6154.8
6154.8
6154.8
6014.4
6014.4
6014.4
6014.4
6014.4
6014.4
6014.4
6014.4
6014.4
6014.4
6014.4
6014.4
6014.4
6014.4
6014.4
6014.4
6014.4
6014.4
6014.4
6014.4
6014.4
6014.4
6014.4
6014.4
6014.4
6014.4
6014.4
6014.4
6014.4
