6343.6
5186.4
4754
4726.8
4420.8
4404.8
4348.8
4332.8
4208.8
4062.8
3816
3692
3692
3686
3686
3686
3686
3616
3580
3580
3580
3580
3572
3572
3572
3394
3394
3394
3394
3394
3394
3394
3394
3394
3394
3394
3394
3394
3394
3394
3394
3394
3394
3394
3394
3394
3394
3394
3394
3394
3394
3318
3318
3318
3318
3318
3318
3318
3318
3318
3318
3318
3318
3318
3318
3318
3318
3318
3318
3318
3318
3318
3306
3306
3306
3306
3306
3306
3306
3306
3306
3306
3306
3306
3306
3306
3306
3306
3306
3306
3306
3306
3306
3306
3306
3306
3306
3306
3306
3306
