8106
7926.4
7926.4
6982.8
6982.8
6982.8
6982.8
6982.8
6780
6780
6706
6706
6706
6706
6644.4
6644.4
6644.4
6644.4
6641.6
6641.6
6473.2
6047.6
5911.6
5911.6
5911.6
5911.6
5911.6
5911.6
5911.6
5911.6
5911.6
5911.6
5911.6
5911.6
5911.6
5911.6
5911.6
5911.6
5911.6
5787.6
5787.6
5787.6
5787.6
5787.6
5705.6
5705.6
5705.6
5705.6
5683.6
5683.6
5683.6
5683.6
5683.6
5683.6
5683.6
5637.6
5637.6
5637.6
5637.6
5637.6
5449.6
5449.6
5449.6
5449.6
5437.6
5437.6
5165.6
5165.6
5165.6
5131.6
5131.6
5017.6
5017.6
5017.6
5017.6
5017.6
5017.6
5017.6
5017.6
5017.6
5017.6
5017.6
5017.6
5017.6
4977.6
4977.6
4977.6
4977.6
4977.6
4977.6
4977.6
4977.6
4977.6
4977.6
4977.6
4977.6
4977.6
4977.6
4977.6
4977.6
