6305.2
5720.8
5310.8
5066
5052
5052
4612
4612
4612
4510
4510
4510
4510
4510
4510
4510
4510
4510
4510
4510
4510
4510
4510
4510
4510
4510
4510
4510
4510
4510
4510
4510
4510
4510
4510
4510
4510
4510
4510
4510
4510
4510
4510
4510
4510
4510
4510
4510
4510
4510
4510
4510
4510
4510
4510
4510
4510
4510
4510
4440
4440
4440
4440
4440
4408
4408
4408
4408
4408
4408
4408
4408
4408
4408
4334
4334
4334
4334
4334
4334
4334
4334
4334
4334
4334
4334
4334
4334
4334
4334
4334
4334
4334
4334
4334
4334
4334
4334
4334
4334
