6597.2
6258.8
5452.8
5452.8
5452.8
5452.8
5452.8
4706
4492
4088
4032.8
3584
3584
3458.8
3455.6
3243.6
3243.6
3243.6
3243.6
3243.6
3243.6
3243.6
3243.6
3243.6
3243.6
3243.6
3243.6
3243.6
3243.6
3243.6
3243.6
3243.6
3243.6
3243.6
3243.6
3243.6
3243.6
3243.6
3243.6
3243.6
3243.6
3243.6
3243.6
3243.6
3243.6
3243.6
3243.6
3243.6
3243.6
3243.6
3243.6
3243.6
3243.6
3243.6
3243.6
3243.6
3243.6
3243.6
3243.6
3243.6
3243.6
3243.6
3243.6
3243.6
3243.6
3243.6
3243.6
3243.6
3243.6
3243.6
3243.6
3243.6
3243.6
3243.6
3243.6
3243.6
3243.6
3243.6
3243.6
3243.6
3243.6
3243.6
3243.6
3243.6
3243.6
3243.6
3243.6
3243.6
3243.6
3243.6
3243.6
3243.6
3243.6
3243.6
3243.6
3243.6
3243.6
3243.6
3243.6
3243.6
