7943.6
6169.2
6169.2
6169.2
6169.2
5980.4
5980.4
5934.4
5934.4
5934.4
5934.4
5934.4
5934.4
5934.4
5934.4
5804.8
5804.8
5804.8
5660.4
5660.4
5435.6
5435.6
5435.6
5435.6
5154.8
5107.2
5107.2
5107.2
5107.2
5107.2
5107.2
4927.6
4927.6
4927.6
4927.6
4927.6
4927.6
4927.6
4927.6
4621.2
4621.2
4621.2
4621.2
4621.2
4621.2
4621.2
4621.2
4621.2
4621.2
4621.2
4621.2
4605.6
4605.6
4605.6
4605.6
4605.6
4605.6
4605.6
4417.2
4417.2
4417.2
4417.2
4417.2
4339.2
4339.2
4263.2
4263.2
4263.2
4263.2
4263.2
4263.2
4263.2
4263.2
4263.2
4263.2
4263.2
4263.2
4263.2
4263.2
4263.2
4263.2
4263.2
4263.2
4263.2
4263.2
4261.2
4261.2
4159.6
4159.6
4159.6
4137.6
4137.6
4137.6
4137.6
4137.6
4137.6
4013.2
4013.2
4013.2
4013.2
