11234.8
10283.2
9725.6
9380.8
9110.4
9110.4
9038.4
9038.4
9016
8749.6
8521.6
8521.6
8521.6
8521.6
8521.6
8521.6
8460.8
8460.8
8357.2
8349.2
8162.8
7518.8
7518.8
7518.8
7414.8
7408.4
7260.4
7260.4
7210.4
7210.4
7210.4
7210.4
7210.4
7104.4
7104.4
7104.4
7104.4
7014.4
7014.4
7014.4
7014.4
7014.4
7007.2
7007.2
7007.2
7007.2
7007.2
7000.8
7000.8
7000.8
7000.8
7000.8
7000.8
7000.8
7000.8
7000.8
7000.8
7000.8
7000.8
7000.8
7000.8
7000.8
7000.8
7000.8
7000.8
7000.8
7000.8
7000.8
7000.8
7000.8
7000.8
7000.8
7000.8
7000.8
7000.8
7000.8
7000.8
7000.8
6908.4
6908.4
6908.4
6908.4
6908.4
6908.4
6908.4
6908.4
6908.4
6908.4
6908.4
6908.4
6908.4
6908.4
6908.4
6908.4
6908.4
6908.4
6908.4
6908.4
6908.4
6908.4
