11361.2
11361.2
11361.2
11168.4
11061.2
11061.2
10974.8
10974.8
10773.2
10500.4
10426.4
9510.4
9510.4
9340
9052.4
9052.4
9052.4
9052.4
7599.6
7599.6
7599.6
7599.6
7599.6
7599.6
7599.6
7599.6
7599.6
7599.6
7599.6
7599.6
7599.6
7599.6
7599.6
7599.6
7599.6
7599.6
7599.6
7599.6
7599.6
7599.6
7599.6
7599.6
7599.6
7599.6
7599.6
7556
7556
6544.4
6544.4
6544.4
6544.4
6544.4
6544.4
6544.4
6544.4
6544.4
6544.4
6544.4
6544.4
6544.4
6544.4
6544.4
6544.4
6544.4
6544.4
6544.4
6544.4
6544.4
6544.4
6544.4
6544.4
6544.4
6544.4
6544.4
6544.4
6544.4
6544.4
6544.4
6544.4
6544.4
6544.4
5867.6
5611.6
5611.6
5611.6
5611.6
5611.6
5611.6
5611.6
5611.6
5611.6
5611.6
5611.6
5611.6
5611.6
5611.6
5611.6
5611.6
5611.6
5611.6
