11874
8663.2
8637.6
6756
6756
6756
6756
6756
5975.6
5975.6
5867.6
5867.6
5867.6
5867.6
5867.6
5867.6
5867.6
5867.6
5797.6
5797.6
5797.6
5390.8
5390.8
5390.8
5390.8
5390.8
5390.8
5390.8
5390.8
5390.8
5390.8
5390.8
5390.8
5114
4971.2
4971.2
4971.2
4971.2
4971.2
4971.2
4971.2
4971.2
4971.2
4971.2
4971.2
4971.2
4971.2
4971.2
4971.2
4971.2
4971.2
4971.2
4971.2
4971.2
4971.2
4971.2
4971.2
4971.2
4971.2
4971.2
4971.2
4971.2
4971.2
4971.2
4971.2
4971.2
4971.2
4971.2
4971.2
4751.2
4751.2
4751.2
4749.2
4749.2
4749.2
4749.2
4749.2
4749.2
4749.2
4749.2
4749.2
4749.2
4749.2
4749.2
4749.2
4749.2
4749.2
4749.2
4749.2
4749.2
4749.2
4749.2
4749.2
4749.2
4749.2
4749.2
4749.2
4749.2
4749.2
4749.2
