13344
13210.8
12534.8
12459.6
10799.2
9964
9964
8820.8
8620.4
8620.4
8620.4
8620.4
8620.4
8500.4
8500.4
8425.6
8410.4
8260.4
8260.4
8260.4
8260.4
8260.4
8260.4
8240.4
8185.6
8185.6
8131.6
8131.6
8131.6
8131.6
8131.6
8131.6
7972
7946
7388
7166.4
7166.4
6998.4
6998.4
6998.4
6912.8
6756.8
6756.8
6756.8
6756.8
6756.8
6738
6738
6738
6738
6738
6626
6235.6
6235.6
6235.6
6235.6
6234.8
6234.8
6104.8
6104.8
6104.8
6104.8
6055.6
5944.8
5944.8
5942.8
5942.8
5937.6
5937.6
5937.6
5937.6
5937.6
5841.6
5827.6
5791.6
5791.6
5791.6
5791.6
5791.6
5791.6
5791.6
5623.6
5623.6
5623.6
5623.6
5623.6
5623.6
5623.6
5623.6
5623.6
5623.6
5623.6
5623.6
5623.6
5623.6
5623.6
5623.6
5623.6
5623.6
5623.6
