10853.6
9793.6
9793.6
9793.6
8338
8252
8252
8252
8252
8064.8
8064.8
8064.8
8064.8
7721.6
7721.6
7715.6
7715.6
7715.6
7715.6
7715.6
7715.6
7715.6
7715.6
7715.6
7715.6
7715.6
7715.6
7715.6
7715.6
7715.6
7715.6
7715.6
7715.6
7715.6
7715.6
7715.6
7715.6
7715.6
7715.6
7715.6
7715.6
7644.8
7644.8
7644.8
7644.8
7644.8
7644.8
7644.8
7553.6
7553.6
7553.6
7553.6
7553.6
7553.6
7553.6
7553.6
7553.6
7553.6
7553.6
7553.6
7553.6
7553.6
7553.6
7553.6
7553.6
7553.6
7553.6
7553.6
7553.6
7553.6
7553.6
7553.6
7553.6
7553.6
7553.6
7475.6
7003.2
7003.2
7003.2
7003.2
7003.2
7003.2
7003.2
6982.8
6790.8
6790.8
6790.8
6790.8
6760
6760
6088.4
5948.4
5948.4
5906.4
5906.4
5832.4
5832.4
5832.4
5771.2
5771.2
5771.2
