11465.6
10164.8
8519.2
8358.4
7611.6
7611.6
7184
7042.4
7042.4
7042.4
6934.4
6934.4
6934.4
6826.4
6826.4
6796
6740.4
6740.4
6740.4
6740.4
6740.4
6740.4
6740.4
6740.4
6732.4
6732.4
6732.4
6732.4
6732.4
6732.4
6732.4
6732.4
6732.4
6732.4
6732.4
6732.4
6732.4
6732.4
6732.4
6732.4
6732.4
6732.4
6732.4
6732.4
6732.4
6732.4
6732.4
6732.4
6732.4
6732.4
6732.4
6732.4
6732.4
6732.4
6732.4
6732.4
6732.4
6732.4
6732.4
6732.4
6732.4
6732.4
6732.4
6732.4
6732.4
6732.4
6732.4
6732.4
6732.4
6732.4
6732.4
6732.4
6732.4
6732.4
6732.4
6732.4
6732.4
6732.4
6732.4
6732.4
6732.4
6732.4
6732.4
6732.4
6732.4
6732.4
6732.4
6732.4
6732.4
6732.4
6732.4
6732.4
6732.4
6732.4
6732.4
6732.4
6732.4
6732.4
6732.4
6732.4
