15691.6
12860.8
12860.8
12292.8
12271.2
11942
11942
11822
10401.6
10125.6
10125.6
10125.6
10073.6
10073.6
10073.6
10073.6
10073.6
9926.4
9926.4
9926.4
9850.4
9850.4
9850.4
9850.4
9850.4
9850.4
9696
9696
9696
9599.2
9599.2
9580
9580
9532
9532
9532
9532
9532
9532
9532
9423.6
9419.2
9374
9374
9374
9374
9374
9321.2
9321.2
9321.2
9321.2
9321.2
9321.2
9240
9223.6
9223.6
9223.6
9223.6
9125.2
9125.2
9125.2
9125.2
9125.2
9125.2
9125.2
9125.2
9125.2
9086
9086
9029.6
9029.6
9029.6
9029.6
8982.4
8982.4
8880.4
8880.4
8880.4
8880.4
8862.4
8862.4
8862.4
8862.4
8862.4
8826.4
8812.8
8812.8
8812.8
8709.2
8669.6
8669.6
8669.6
8669.6
8669.6
8669.6
8669.6
8669.6
8669.6
8669.6
8669.6
