15735.2
11957.6
11769.2
11652.8
11652.8
11000.8
11000.8
11000.8
11000.8
11000.8
10696.4
10548
10548
10548
10548
10030
10030
10030
10030
10030
10030
9575.2
9575.2
9575.2
9575.2
9313.6
9313.6
9313.6
9313.6
9313.6
9313.6
9313.6
9313.6
9313.6
9313.6
9313.6
9313.6
9313.6
9313.6
7988.4
7988.4
7988.4
7988.4
7988.4
7988.4
7988.4
7988.4
7988.4
7923.2
7923.2
7923.2
7923.2
7923.2
7923.2
7923.2
7923.2
7923.2
7923.2
7923.2
7923.2
7923.2
7923.2
7923.2
7923.2
7923.2
7923.2
7923.2
7923.2
7923.2
7923.2
7923.2
7923.2
7923.2
7923.2
7923.2
7923.2
7923.2
7923.2
7923.2
7923.2
7923.2
7923.2
7923.2
7923.2
7923.2
7923.2
7923.2
7923.2
7923.2
7923.2
7923.2
7923.2
7923.2
7923.2
7923.2
7923.2
7923.2
7923.2
7923.2
7923.2
