11586.8
9967.6
8848.4
8089.6
8089.6
7932.8
7932.8
7932.8
7913.6
7913.6
7788
7788
7222
7139.2
7088.4
6464
6430
6370
6365.2
6365.2
6285.2
6285.2
6131.2
6131.2
6131.2
6097.2
5971.2
5953.2
5953.2
5953.2
5953.2
5953.2
5953.2
5953.2
5953.2
5953.2
5953.2
5953.2
5953.2
5953.2
5953.2
5953.2
5953.2
5953.2
5953.2
5953.2
5953.2
5953.2
5953.2
5953.2
5953.2
5953.2
5953.2
5953.2
5953.2
5953.2
5953.2
5953.2
5862
5862
5862
5862
5862
5862
5862
5862
5862
5862
5862
5862
5862
5862
5862
5862
5862
5862
5862
5862
5862
5862
5862
5862
5862
5862
5862
5862
5862
5862
5862
5862
5862
5862
5862
5862
5862
5862
5862
5862
5862
5862
