13613.2
12460.8
11632
11058.8
11058.8
11004
11004
10318
9670.4
9297.6
9297.6
9297.6
9210.4
9210.4
9210.4
9210.4
8962.4
8962.4
8646.4
8646.4
8510.8
8510.8
8244.4
8244.4
8244.4
8244.4
8028.4
8028.4
8028.4
8026.4
8026.4
8026.4
7548
7548
7490.4
7490.4
7490.4
7490.4
7417.2
7392.4
7041.2
7031.2
6939.2
6939.2
6805.2
6805.2
6805.2
6805.2
6639.2
6639.2
6585.2
6585.2
6585.2
6560.4
6560.4
6560.4
6560.4
5972.4
5972.4
5972.4
5972.4
5972.4
5972.4
5972.4
5972.4
5726.4
5726.4
5726.4
5726.4
5726.4
5726.4
5726.4
5726.4
5726.4
5726.4
5726.4
5726.4
5726.4
5726.4
5726.4
5726.4
5726.4
5726.4
5726.4
5726.4
5726.4
5726.4
5726.4
5726.4
5726.4
5726.4
5726.4
5726.4
5726.4
5726.4
5726.4
5726.4
5726.4
5726.4
5726.4
