4348.4
3879.6
3879.6
3722.4
3722.4
3441.6
3441.6
3441.6
3441.6
3281.2
3281.2
3281.2
3281.2
3281.2
3168.8
3023.6
3023.6
2908.4
2908.4
2586.4
2586.4
2586.4
2586.4
2586.4
2586.4
2586.4
2586.4
2406.4
2406.4
2406.4
2406.4
2406.4
2406.4
2406.4
2406.4
2406.4
2406.4
2406.4
2406.4
2406.4
2406.4
2406.4
2406.4
2406.4
2406.4
2406.4
2406.4
2406.4
2406.4
2406.4
2406.4
2406.4
2406.4
2406.4
2406.4
2406.4
2406.4
2406.4
2406.4
2406.4
2406.4
2406.4
2406.4
2406.4
2406.4
2406.4
2406.4
2406.4
2406.4
2406.4
2406.4
2406.4
2406.4
2406.4
2406.4
2406.4
2406.4
2406.4
2406.4
2406.4
2406.4
2406.4
2406.4
2406.4
2406.4
2406.4
2406.4
2406.4
2406.4
2406.4
2406.4
2406.4
2406.4
2406.4
2406.4
2406.4
2406.4
2406.4
2406.4
2406.4
