5180
5180
4467.2
4467.2
4467.2
4467.2
4205.6
4205.6
4205.6
4205.6
4085.2
4085.2
4085.2
4085.2
4085.2
4085.2
3960.4
3881.6
3881.6
3881.6
3881.6
3881.6
3881.6
3881.2
3881.2
3881.2
3812.4
3699.2
3699.2
3699.2
3699.2
3651.6
3651.6
3647.2
3647.2
3611.6
3611.6
3492.4
3492.4
3492.4
3492.4
3492.4
3492.4
3492.4
3484.4
3484.4
3484.4
3420.4
3420.4
3420.4
3367.6
3367.6
3367.6
3367.6
3367.6
3367.6
3367.6
3367.6
3367.6
3367.6
3367.6
3367.6
3367.6
3367.6
3367.6
3367.6
3367.6
3367.6
3367.6
3367.6
3367.6
3367.6
3367.6
3367.6
3367.6
3367.6
3367.6
3229.6
3229.6
3229.6
3229.6
3229.6
3229.6
3229.6
3229.6
3229.6
3229.6
3229.6
3229.6
3229.6
3229.6
3229.6
3229.6
3229.6
3229.6
3229.6
3229.6
3229.6
3229.6
3229.6
