5160.8
5129.2
5129.2
5129.2
5129.2
5129.2
5007.2
5007.2
5007.2
5007.2
5007.2
5007.2
5007.2
5007.2
5007.2
5007.2
5007.2
5007.2
5007.2
5007.2
5007.2
5007.2
4914.8
4914.8
4914.8
4914.8
4914.8
4764
4764
4764
4764
4764
4764
4764
4764
4764
4764
4764
4764
4764
4764
4764
4764
4764
4764
4764
4764
4764
4764
4764
4764
4764
4764
4764
4764
4764
4764
4764
4764
4764
4764
4764
4764
4764
4764
4764
4764
4764
4764
4764
4764
4764
4764
4764
4764
4764
4764
4764
4764
4764
4764
4764
4764
4764
4764
4764
4764
4764
4764
4764
4764
4764
4764
4764
4764
4764
4764
4764
4764
4764
