4760.4
4630.4
4068.4
4058.4
3952.4
3952.4
3910.4
3910.4
3910.4
3910.4
3910.4
3910.4
3910.4
3910.4
3910.4
3910.4
3910.4
3910.4
3910.4
3910.4
3910.4
3910.4
3910.4
3910.4
3910.4
3910.4
3910.4
3910.4
3910.4
3910.4
3910.4
3910.4
3910.4
3910.4
3910.4
3910.4
3910.4
3910.4
3910.4
3910.4
3910.4
3910.4
3910.4
3910.4
3910.4
3910.4
3910.4
3910.4
3910.4
3910.4
3910.4
3910.4
3910.4
3910.4
3910.4
3910.4
3910.4
3910.4
3910.4
3910.4
3910.4
3910.4
3910.4
3910.4
3910.4
3910.4
3910.4
3910.4
3910.4
3910.4
3910.4
3910.4
3910.4
3910.4
3910.4
3910.4
3910.4
3910.4
3910.4
3910.4
3910.4
3910.4
3910.4
3910.4
3910.4
3910.4
3910.4
3910.4
3910.4
3910.4
3910.4
3910.4
3910.4
3910.4
3910.4
3910.4
3910.4
3910.4
3910.4
3910.4
