7528
4880.8
4754.8
3947.2
3947.2
3947.2
3857.2
3857.2
3857.2
3512
3512
3512
3512
3512
3512
3512
3512
3512
3512
3512
3512
3512
3512
3512
3512
3512
3512
3512
3512
3512
3512
3512
3512
3512
3512
3512
3512
3512
3512
3512
3512
3512
3512
3512
3512
3512
3512
3512
3512
3512
3512
3512
3512
3512
3512
3512
3512
3512
3512
3512
3512
3512
3512
3512
3512
3512
3512
3512
3512
3512
3512
3512
3512
3512
3512
3512
3512
3512
3512
3512
3512
3512
3512
3512
3512
3512
3512
3512
3512
3512
3512
3512
3512
3512
3512
3512
3512
3512
3512
3512
