6850.4
6850.4
5914.4
5914.4
5914.4
5914.4
5914.4
5914.4
5711.2
5711.2
5711.2
5711.2
5513.2
5513.2
5047.6
5047.6
5047.6
5047.6
5047.6
5047.6
5047.6
4805.2
4805.2
4805.2
4805.2
4805.2
4558.8
4558.8
4558.8
4558.8
4558.8
4558.8
4558.8
4554.8
4554.8
4554.8
4554.8
4554.8
4554.8
4554.8
4554.8
4413.6
4413.6
4413.6
4413.6
4413.6
4413.6
4172
4172
4172
4078
4078
4078
4078
4078
4078
4078
4038
4038
4038
4038
4038
3964
3964
3964
3964
3964
3842
3826
3826
3826
3674.8
3674.8
3674.8
3674.8
3674.8
3674.8
3674.8
3674.8
3674.8
3674.8
3674.8
3656.8
3656.8
3656.8
3656.8
3656.8
3656.8
3656.8
3656.8
3656.8
3656.8
3656.8
3588.8
3588.8
3588.8
3588.8
3588.8
3588.8
3588.8
