6148
5576.4
5576.4
5423.2
4643.2
4235.2
4235.2
4235.2
4235.2
4235.2
4235.2
4235.2
4203.6
4203.6
4203.6
4203.6
4203.6
4163.6
4163.6
4163.6
4163.6
4155.2
4155.2
4155.2
4155.2
4070.8
4070.8
4070.8
4070.8
4070.8
4070.8
4070.8
4070.8
4070.8
4070.8
4070.8
4070.8
4070.8
4070.8
4070.8
4070.8
4070.8
4070.8
4070.8
4070.8
4070.8
4070.8
4070.8
4070.8
4070.8
4070.8
4070.8
4070.8
4070.8
4070.8
3920
3920
3920
3920
3920
3920
3920
3920
3920
3920
3920
3920
3920
3920
3920
3920
3920
3920
3920
3920
3920
3920
3920
3920
3920
3920
3920
3920
3920
3920
3920
3920
3920
3920
3920
3920
3920
3920
3920
3920
3920
3616.8
3616.8
3616.8
3616.8
