7631.2
6994.8
6672.4
6231.6
6099.6
5892.8
5684.4
5684.4
5684.4
5684.4
5684.4
5684.4
5170
4962
4962
4962
4962
4962
4962
4962
4962
4962
4962
4962
4962
4962
4962
4962
4962
4962
4962
4962
4962
4962
4962
4962
4962
4962
4962
4926
4926
4926
4926
4926
4926
4926
4926
4926
4926
4926
4926
4926
4926
4926
4926
4926
4926
4926
4926
4926
4926
4926
4926
4926
4926
4926
4926
4926
4854
4854
4854
4854
4762.8
4762.8
4762.8
4762.8
4762.8
4762.8
4661.6
4661.6
4305.2
4283.2
4283.2
4283.2
4283.2
4283.2
4283.2
4283.2
4283.2
4283.2
4227.2
4227.2
4227.2
4227.2
4227.2
4227.2
4227.2
4227.2
4227.2
4227.2
4227.2
