7137.2
7137.2
7004
5806
5778
5778
5778
5547.2
5547.2
5260.8
5253.2
5253.2
4462.8
4462.8
4462.8
4462.8
4462.8
4462.8
4462.8
3942.4
3727.6
3727.6
3727.6
3727.6
3727.6
3727.6
3727.6
3727.6
3727.6
3727.6
3727.6
3727.6
3727.6
3727.6
3727.6
3727.6
3727.6
3727.6
3727.6
3727.6
3727.6
3727.6
3727.6
3727.6
3727.6
3727.6
3727.6
3727.6
3727.6
3727.6
3727.6
3628.8
3628.8
3628.8
3628.8
3628.8
3628.8
3628.8
3569.6
3569.6
3569.6
3562.4
3562.4
3562.4
3562.4
3562.4
3562.4
3562.4
3562.4
3562.4
3455.6
3455.6
3325.6
3325.6
3325.6
3325.6
3325.6
3281.6
3281.6
3197.6
3197.6
3197.6
3197.6
3197.6
3197.6
3197.6
3197.6
3197.6
3197.6
3197.6
3197.6
3197.6
3197.6
3197.6
3197.6
3197.6
3197.6
3197.6
3197.6
3197.6
