9576
8517.6
8265.6
8143.6
7382
6838.8
6768.4
6242.8
6095.6
5811.6
5811.6
5273.6
5273.6
5196.4
5196.4
5196.4
5196.4
5054.4
5054.4
5054.4
5054.4
5054.4
5054.4
5054.4
5054.4
5054.4
5054.4
5054.4
5054.4
5054.4
5054.4
5054.4
5054.4
5054.4
5054.4
5054.4
5054.4
5054.4
5054.4
5054.4
5054.4
5054.4
5054.4
5054.4
5054.4
5054.4
5054.4
5054.4
5054.4
5054.4
5054.4
5054.4
5054.4
5054.4
5054.4
5054.4
5054.4
5054.4
5054.4
5054.4
5054.4
5054.4
5054.4
5047.6
5047.6
5047.6
5047.6
5047.6
5047.6
5047.6
5047.6
5047.6
5047.6
5047.6
5047.6
5047.6
5047.6
5045.6
5045.6
5045.6
5045.6
5045.6
5045.6
5045.6
5045.6
5045.6
5045.6
5045.6
5045.6
5045.6
5045.6
5045.6
5045.6
5045.6
5045.6
5045.6
5045.6
5045.6
5045.6
5045.6
