6153.6
5884.4
5884.4
5884.4
5884.4
5884.4
5884.4
5884.4
5884.4
5350.8
5260.8
5176.8
5176.8
5176.8
5176.8
5176.8
5158.8
5158.8
5154.8
5154.8
5154.8
4992.4
4470.4
4232
4108
4108
4034
3795.6
3709.6
3706
3541.2
3541.2
3473.6
3359.6
3359.6
3281.6
3171.6
3163.6
3163.6
3163.6
3163.6
3163.6
3163.6
3163.6
3163.6
3163.6
3163.6
3163.6
3163.6
3163.6
3163.6
3163.6
3163.6
3163.6
3163.6
3163.6
3163.6
3163.6
3163.6
3163.6
3163.6
3163.6
3163.6
3163.6
3163.6
3163.6
3163.6
3163.6
3163.6
3163.6
3163.6
3163.6
3035.6
3035.6
3035.6
3035.6
3035.6
3035.6
3035.6
3035.6
3035.6
3035.6
3035.6
3035.6
3035.6
3035.6
3035.6
2996.8
2996.8
2996.8
2996.8
2996.8
2996.8
2996.8
2996.8
2996.8
2996.8
2996.8
2996.8
2996.8
