9615.2
4961.6
4961.6
4897.2
4897.2
4494
4494
4494
4494
4494
4494
4494
4494
4494
4494
4494
4494
4494
4494
4494
4494
4349.2
4349.2
4349.2
4349.2
4349.2
4349.2
4349.2
4349.2
4349.2
4349.2
4349.2
4349.2
4349.2
4349.2
4349.2
4349.2
4263.2
4263.2
4263.2
4263.2
4263.2
4263.2
4242.8
4242.8
4242.8
4242.8
4242.8
4242.8
4242.8
4242.8
4242.8
4242.8
4242.8
4242.8
4226.8
4226.8
4226.8
4226.8
4226.8
4204
4204
4204
4204
4204
4204
4204
4204
4204
4204
4204
4204
4204
4204
4204
4204
4204
4204
4204
4204
4204
4204
4204
4204
4204
4204
4204
4204
4204
4204
4204
4204
4204
4204
4204
4204
4204
4204
4204
4204
