10898
9865.2
9227.2
8750.8
8332.8
8226.8
8162.8
7954
7809.2
7383.6
7346
7061.6
7061.6
7061.6
7060
7060
7060
6689.2
6689.2
6633.2
6599.6
6599.6
6599.6
6447.6
6409.6
6409.6
6409.6
6398
6398
6398
6398
6278
6278
6278
6278
6278
6278
6278
6278
6278
6278
6278
6278
6278
6278
6278
6278
6278
6278
6278
6278
6278
6278
6278
6278
6278
6278
6278
6278
6278
6278
6278
6278
6278
6278
6278
6278
6278
6278
6278
6278
6272
6272
6272
6272
6272
6272
6272
6272
6272
6272
6272
6272
6272
6272
6272
6272
6272
6272
6272
6272
6272
6272
6272
6272
6272
6272
6272
6272
6272
