13260
12902
12902
12900.4
12784
12612.8
11907.6
10271.2
10271.2
10271.2
10271.2
10271.2
10271.2
10271.2
10271.2
9293.2
9029.6
8220.4
7862.8
7862.8
7862.8
7862.8
7862.8
7862.8
7862.8
7213.2
7213.2
7213.2
7213.2
7213.2
7213.2
7213.2
7213.2
7213.2
7213.2
7213.2
7156.8
7156.8
7156.8
6948.4
6948.4
6948.4
6948.4
6948.4
6948.4
6948.4
6948.4
6948.4
6822.8
6822.8
6822.8
6822.8
6822.8
6822.8
6822.8
6822.8
6822.8
6822.8
6822.8
6822.8
6822.8
6822.8
6822.8
6822.8
6822.8
6822.8
6773.6
6773.6
6773.6
6773.6
6694.4
6636
6636
6636
6596
6500
6215.6
6215.6
6215.6
6215.6
6215.6
6215.6
6215.6
6215.6
6215.6
6215.6
6215.6
6215.6
6039.6
6039.6
6039.6
6039.6
6039.6
6039.6
6039.6
6039.6
6039.6
6039.6
5708
5708
