12123.2
10457.2
9050.4
8500.4
8500.4
8454.8
7756
7756
7664
7459.6
7459.6
7018.8
7018.8
6920.8
6914.8
6850.8
6850.8
6732.8
6732.8
6731.2
6582.8
6582.8
6581.6
6581.6
6581.6
6581.6
6211.6
6211.6
6211.6
6143.6
6068.8
5797.2
5611.2
5601.2
5107.6
5107.6
5107.6
5039.6
5039.6
5039.6
5039.6
5039.6
5039.6
5039.6
5035.6
5035.6
5035.6
5035.6
5035.6
5035.6
5035.6
5035.6
5035.6
5035.6
5035.6
5035.6
5035.6
5035.6
4626
4626
4626
4626
4626
4626
4626
4626
4626
4626
4626
4626
4626
4626
4626
4626
4626
4626
4626
4626
4626
4626
4626
4626
4626
4626
4626
4626
4626
4626
4626
4626
4626
4626
4626
4626
4626
4626
4626
4626
4626
4626
