10429.6
9451.6
9451.6
9451.6
9128.8
9128.8
9128.8
9004
8899.2
8899.2
7946.4
7936.4
7851.6
7283.6
6756
6756
6734
6734
6498
6276.8
5766.8
5766.8
5766.8
5766.8
5394.8
5394.8
5343.2
5343.2
5343.2
5343.2
5260.4
5260.4
5260.4
5260.4
5260.4
5260.4
5260.4
5260.4
4968
4968
4968
4968
4968
4968
4968
4968
4968
4968
4694
4694
4694
4694
4694
4694
4694
4694
4694
4688
4688
4688
4688
4688
4688
4688
4688
4688
4688
4644
4644
4438
4438
4438
4438
4438
4438
4374
4172.8
4172.8
4172.8
4172.8
4172.8
4172.8
4172.8
4172.8
4172.8
4172.8
4172.8
4172.8
4112.8
4112.8
4112.8
4108.8
4108.8
4096.8
4038.8
4038.8
4038.8
4036.8
3963.6
3963.6
