10938
9982
9658.8
8292.8
8138
7848
7790.8
7558.8
7192.4
7046.4
6950.4
6950.4
6950.4
6950.4
6934.4
6818
6631.6
6631.6
6587.6
6587.6
6455.6
6455.6
6455.6
6373.2
6373.2
6373.2
6061.6
6061.6
6061.6
6061.6
6061.6
6061.6
6061.6
5995.2
5995.2
5993.2
5993.2
5993.2
5993.2
5993.2
5993.2
5993.2
5993.2
5993.2
5993.2
5993.2
5993.2
5993.2
5993.2
5993.2
5993.2
5993.2
5993.2
5993.2
5993.2
5993.2
5993.2
5993.2
5993.2
5993.2
5993.2
5993.2
5993.2
5993.2
5993.2
5993.2
5993.2
5993.2
5993.2
5993.2
5993.2
5993.2
5993.2
5993.2
5993.2
5993.2
5993.2
5993.2
5993.2
5993.2
5993.2
5993.2
5993.2
5993.2
5993.2
5985.2
5859.2
5859.2
5851.2
5851.2
5851.2
5851.2
5851.2
5851.2
5851.2
5851.2
5851.2
5851.2
5851.2
5825.2
