8046.4
7722.8
7722.8
7499.2
7499.2
7499.2
7499.2
6732
6732
6732
6726
6726
6726
6664
6093.2
6048.4
5928.4
5435.2
5188.8
5188.8
5188.8
4920.4
4920.4
4920.4
4920.4
4846.4
4846.4
4846.4
4846.4
4846.4
4846.4
4846.4
4816.4
4816.4
4816.4
4816.4
4812.4
4758.4
4758.4
4758.4
4729.6
4713.2
4713.2
4713.2
4713.2
4662
4662
4578
4578
4472.4
4472.4
4472.4
4472.4
4472.4
4472.4
4472.4
4472.4
4472.4
4472.4
4472.4
4472.4
4472.4
4472.4
4472.4
4472.4
4472.4
4472.4
4472.4
4472.4
4472.4
4472.4
4472.4
4472.4
4472.4
4471.2
4471.2
4471.2
4471.2
4471.2
4471.2
4471.2
4471.2
4471.2
4471.2
4471.2
4471.2
4471.2
4471.2
4401.2
4352
4352
4352
4352
4352
4352
4352
4352
4352
4352
4352
4352
