7806.8
7806.8
7806.8
7806.8
7806.8
7547.6
7547.6
7547.6
7287.2
6881.2
6881.2
6881.2
6881.2
6881.2
6823.6
6823.6
6823.6
6823.6
6823.6
6823.6
6823.6
6786
6577.2
6577.2
6577.2
6577.2
6577.2
6577.2
6577.2
6416.8
6416.8
6416.8
6259.2
6259.2
6227.6
6227.6
6227.6
5985.2
5985.2
5985.2
5985.2
5985.2
5980.8
5882.8
5882.8
5882.8
5815.2
5815.2
5815.2
5815.2
5815.2
5815.2
5815.2
5709.2
5709.2
5709.2
5709.2
5418.8
5418.8
5418.8
5418.8
5418.8
5418.8
5418.8
5418.8
5418.8
5418.8
5418.8
5418.8
5418.8
5418.8
5418.8
5418.8
5418.8
5418.8
5418.8
5418.8
5418.8
5418.8
5276.4
5276.4
5276.4
5276.4
5276.4
5276.4
5276.4
5276.4
5276.4
5276.4
5276.4
5276.4
5106.4
5106.4
5106.4
5106.4
5106.4
5086.4
5086.4
5086.4
5086.4
