5499.6
5499.6
5325.6
5325.6
5325.6
5325.6
5297.2
5297.2
5273.2
5273.2
5273.2
5259.2
5259.2
5259.2
5259.2
5259.2
5259.2
5259.2
5259.2
5259.2
5259.2
5259.2
4661.6
4661.6
4661.6
4661.6
4661.6
4661.6
4661.6
4661.6
4649.6
4649.6
4649.6
4649.6
4649.6
4649.6
4649.6
4649.6
4649.6
4649.6
4649.6
4471.6
4459.6
4459.6
4459.6
4459.6
4459.6
4459.6
4459.6
4459.6
4459.6
4459.6
4459.6
4459.6
4459.6
4459.6
4459.6
4459.6
4459.6
4459.6
4459.6
4459.6
4459.6
4459.6
4459.6
4459.6
4459.6
4459.6
4459.6
4459.6
4459.6
4459.6
4459.6
4459.6
4459.6
4459.6
4459.6
4459.6
4459.6
4459.6
4459.6
4459.6
4459.6
4459.6
4459.6
4459.6
4459.6
4459.6
4459.6
4459.6
4459.6
4459.6
4459.6
4459.6
4459.6
4459.6
4459.6
4459.6
4459.6
4459.6
