3121.6
3121.6
3121.6
3121.6
3121.6
3121.6
3121.6
3121.6
2845.6
2845.6
2845.6
2845.6
2845.6
2845.6
2845.6
2845.6
2845.6
2845.6
2845.6
2845.6
2821.6
2821.6
2821.6
2821.6
2821.6
2821.6
2821.6
2821.6
2821.6
2821.6
2821.6
2821.6
2821.6
2821.6
2821.6
2821.6
2821.6
2821.6
2821.6
2821.6
2821.6
2821.6
2821.6
2821.6
2821.6
2821.6
2821.6
2821.6
2821.6
2821.6
2821.6
2821.6
2821.6
2821.6
2821.6
2821.6
2821.6
2821.6
2821.6
2821.6
2821.6
2821.6
2821.6
2821.6
2821.6
2821.6
2821.6
2821.6
2821.6
2821.6
2821.6
2821.6
2821.6
2821.6
2821.6
2821.6
2821.6
2821.6
2821.6
2821.6
2821.6
2821.6
2821.6
2821.6
2821.6
2821.6
2821.6
2821.6
2821.6
2821.6
2821.6
2821.6
2821.6
2821.6
2821.6
2821.6
2821.6
2821.6
2821.6
2821.6
