6475.6
6475.6
6149.2
6149.2
6149.2
6149.2
6149.2
6089.6
6089.6
6089.6
6089.6
6089.6
6089.6
5487.6
5487.6
5487.6
5487.6
5487.6
5487.6
5487.6
5487.6
5487.6
5487.6
5487.6
5487.6
5487.6
5487.6
5487.6
5487.6
5487.6
5487.6
5277.6
5277.6
5277.6
5277.6
5277.6
5277.6
5277.6
5277.6
5277.6
5277.6
5277.6
5277.6
5277.6
5277.6
5277.6
5277.6
5277.6
5277.6
5277.6
5277.6
5277.6
5277.6
5277.6
5277.6
5277.6
5277.6
5277.6
5277.6
5277.6
5277.6
5277.6
5277.6
5277.6
5277.6
5277.6
5277.6
5277.6
5277.6
5277.6
5277.6
5277.6
5277.6
5277.6
5277.6
5277.6
5277.6
5277.6
5277.6
5277.6
5277.6
5277.6
5277.6
5277.6
5277.6
5277.6
5277.6
5277.6
5277.6
5277.6
5277.6
5277.6
5277.6
5277.6
5277.6
5277.6
5277.6
5277.6
5277.6
5277.6
5277.6
