5488.8
4930.8
4364.8
4364.8
4322.8
4155.2
4155.2
4155.2
4155.2
4111.2
4111.2
4111.2
4111.2
4111.2
4111.2
4111.2
4111.2
4111.2
3849.2
3849.2
3849.2
3843.2
3843.2
3843.2
3843.2
3843.2
3843.2
3839.2
3839.2
3839.2
3839.2
3464.4
3464.4
3464.4
3464.4
3464.4
3464.4
3464.4
3464.4
3464.4
3464.4
3464.4
3464.4
3464.4
3464.4
3464.4
3464.4
3464.4
3464.4
3464.4
3464.4
3464.4
3464.4
3464.4
3464.4
3464.4
3464.4
3464.4
3464.4
3464.4
3464.4
3464.4
3464.4
3464.4
3464.4
3464.4
3424.4
3424.4
3424.4
3424.4
3358.4
3358.4
3358.4
3358.4
3358.4
3358.4
3358.4
3358.4
3358.4
3358.4
3358.4
3358.4
3358.4
3358.4
3358.4
3358.4
3358.4
3358.4
3358.4
3358.4
3358.4
3358.4
3358.4
3358.4
3358.4
3358.4
3358.4
3358.4
3358.4
3358.4
