9310.8
8593.6
8558.8
8558.8
8558.8
8558.8
8558.8
8558.8
8437.6
7989.6
7875.6
7817.6
7817.6
7817.6
7817.6
7817.6
7817.6
7761.6
7729.6
7509.6
7509.6
7509.6
7509.6
7509.6
7509.6
7509.6
7509.6
7509.6
7509.6
7509.6
7509.6
7509.6
7509.6
7509.6
7509.6
7509.6
7509.6
7509.6
7509.6
7509.6
7509.6
7509.6
7509.6
7509.6
7509.6
7509.6
7464
7464
7464
7464
7464
7464
7464
7448
7362
7362
7362
7362
7362
7362
7362
7362
7362
7362
7362
7362
7362
7362
7362
7362
7362
7362
7362
7362
7282
7166
7166
7007.2
7007.2
6944.4
6944.4
6944.4
6866.4
6866.4
6866.4
6866.4
6866.4
6866.4
6866.4
6866.4
6866.4
6866.4
6866.4
6866.4
6866.4
6866.4
6866.4
6866.4
6866.4
6866.4
