8985.2
7191.2
6753.6
6753.6
6753.6
6342.4
6342.4
6342.4
6342.4
6342.4
6342.4
6342.4
6342.4
6342.4
6342.4
6342.4
6072.8
6072.8
6072.8
6072.8
6072.8
6050.8
6050.8
6050.8
5660
5660
5660
5660
5660
5660
5660
5660
5660
5660
5660
5660
5660
5660
5660
5660
5660
5660
5533.2
5533.2
5533.2
5533.2
5533.2
5533.2
5533.2
5309.2
5309.2
5309.2
5309.2
5309.2
5309.2
5309.2
5309.2
5309.2
5309.2
5309.2
5309.2
5309.2
5309.2
5043.6
5043.6
5043.6
5043.6
5043.6
5043.6
5043.6
5043.6
5043.6
5043.6
5043.6
5043.6
5043.6
5043.6
5043.6
5043.6
5043.6
5043.6
5043.6
5043.6
5043.6
5043.6
5043.6
5043.6
5043.6
5043.6
5043.6
4883.6
4883.6
4883.6
4883.6
4883.6
4883.6
4883.6
4883.6
4883.6
4883.6
