15161.6
13259.2
12719.2
12351.2
12351.2
12285.2
11931.2
11931.2
11931.2
11818
11346.4
11332.4
11332.4
10913.6
10652.8
10652.8
10652.8
10652.8
10652.8
10489.6
10447.6
10447.6
10447.6
10447.6
10447.6
10447.6
10447.6
10447.6
10447.6
10447.6
10447.6
10223.6
10005.6
10005.6
10005.6
9953.6
9953.6
9863.6
9658.8
9658.8
9658.8
9658.8
9658.8
9658.8
9658.8
9658.8
9658.8
9658.8
9479.2
9479.2
9479.2
9479.2
9479.2
9479.2
9479.2
9479.2
9479.2
9473.2
9473.2
9473.2
9473.2
9473.2
9473.2
9473.2
9473.2
9473.2
9473.2
9473.2
9473.2
9473.2
9473.2
9473.2
9473.2
9473.2
9473.2
9473.2
9473.2
9473.2
9473.2
9473.2
9473.2
9473.2
9473.2
9473.2
9473.2
9473.2
9473.2
9473.2
9473.2
9473.2
9473.2
9473.2
9473.2
9473.2
9473.2
9473.2
9473.2
9473.2
9473.2
9473.2
