11168.8
10693.2
10693.2
10367.2
10317.2
10108.4
10108.4
9399.2
9399.2
8979.2
8781.2
8781.2
8779.2
8779.2
8779.2
8779.2
8779.2
8779.2
8779.2
8779.2
8779.2
8779.2
8779.2
8779.2
8779.2
8779.2
8779.2
8779.2
8779.2
8779.2
8779.2
8779.2
8779.2
8779.2
8779.2
8779.2
8779.2
8744.8
8744.8
8744.8
8744.8
8744.8
8744.8
8744.8
8744.8
8676.8
8676.8
8676.8
8676.8
8676.8
8676.8
8676.8
8676.8
8641.6
8641.6
8641.6
8641.6
8641.6
8641.6
8582.8
8582.8
8582.8
8582.8
8582.8
8582.8
8582.8
8582.8
8582.8
8582.8
8582.8
8582.8
8582.8
8582.8
8582.8
8582.8
8582.8
8582.8
8582.8
8582.8
8582.8
8582.8
8582.8
8582.8
8582.8
8582.8
8582.8
8240.8
8240.8
8240.8
8240.8
8240.8
8240.8
8240.8
8240.8
8240.8
8240.8
8240.8
8240.8
8240.8
8240.8
8240.8
