10861.2
10006.4
9794.4
8835.6
8629.6
8629.6
8629.6
8629.6
8467.6
8467.6
8424
8424
8360
8360
8018.8
8018.8
8018.8
7928.8
7928.8
7928.8
7928.8
7928.8
7928.8
7928.8
7928.8
7852.8
7845.2
7752
7322
6993.2
6993.2
6825.2
6825.2
6825.2
6825.2
6825.2
6825.2
6825.2
6825.2
6825.2
6825.2
6825.2
6825.2
6825.2
6825.2
6819.2
6819.2
6819.2
6819.2
6819.2
6819.2
6819.2
6634
6281.2
6249.2
6249.2
6249.2
6249.2
6249.2
6249.2
6249.2
6173.2
6073.6
6073.6
6073.6
5915.6
5915.6
5915.6
5915.6
5915.6
5915.6
5915.6
5873.2
5873.2
5873.2
5873.2
5873.2
5873.2
5873.2
5873.2
5873.2
5873.2
5873.2
5873.2
5763.2
5763.2
5763.2
5763.2
5763.2
5763.2
5763.2
5763.2
5763.2
5763.2
5763.2
5763.2
5763.2
5763.2
5763.2
5763.2
