16537.6
12094.8
12094.8
12094.8
11642.8
11642.8
11642.8
11642.8
11642.8
11608.8
11608.8
11608.8
11608.8
11608.8
11608.8
11608.8
11608.8
11214
11214
11214
11214
11214
11214
11214
11158.4
11158.4
11158.4
11158.4
10300.4
10252.4
10252.4
10252.4
9780.4
9780.4
9780.4
9780.4
9780.4
9780.4
9780.4
9780.4
9780.4
9780.4
9780.4
9780.4
9780.4
9780.4
9780.4
9536.8
9330.4
9330.4
9256.4
9162.4
9162.4
9162.4
9162.4
9162.4
9162.4
9162.4
9162.4
9162.4
9162.4
9162.4
9162.4
9162.4
9162.4
9162.4
9162.4
9162.4
9162.4
9162.4
9162.4
9162.4
9162.4
9162.4
9162.4
9162.4
9162.4
9162.4
9162.4
9162.4
9162.4
9162.4
9162.4
9162.4
9162.4
9162.4
9162.4
9162.4
9162.4
9162.4
9162.4
9162.4
9162.4
9160.4
9160.4
9160.4
9160.4
9160.4
9160.4
9160.4
