11518
11518
11518
11518
11518
11450.8
11360
11196.4
10534.8
10534.8
9848.8
9848.8
9694.4
9632.4
9632.4
9632.4
9632.4
9315.2
8614.8
8614.8
8614.8
8614.8
8088.4
8088.4
8088.4
8088.4
8088.4
8088.4
8088.4
8088.4
8088.4
8088.4
7615.2
7615.2
7615.2
7615.2
7615.2
7615.2
7615.2
7615.2
7615.2
7615.2
7615.2
7615.2
7615.2
7615.2
7613.6
7613.6
7613.6
7613.6
7518.8
7518.8
7518.8
7400.4
7329.2
7329.2
7329.2
7329.2
7329.2
7329.2
7329.2
7329.2
7329.2
7329.2
7329.2
7286.4
7286.4
7286.4
7282.4
7282.4
7282.4
7184.4
7184.4
7184.4
7184.4
7184.4
7180.4
7180.4
7180.4
7180.4
7180.4
7180.4
7180.4
7180.4
7110.4
7110.4
7110.4
7110.4
7094.4
7094.4
7094.4
7094.4
7094.4
7094.4
7094.4
7094.4
7094.4
7094.4
7094.4
7094.4
