13505.6
10311.2
10311.2
10007.2
9946
9408.8
9360.4
8227.2
8227.2
8227.2
8227.2
8197.2
8197.2
8197.2
8197.2
8197.2
8197.2
8197.2
8197.2
8197.2
8197.2
8197.2
8197.2
8197.2
8197.2
8197.2
8197.2
8197.2
8197.2
8197.2
8197.2
8197.2
8197.2
8197.2
8197.2
8197.2
8197.2
8197.2
8059.6
8059.6
8059.6
8059.6
8059.6
8059.6
8059.6
8059.6
8059.6
8049.6
8049.6
8049.6
8049.6
8049.6
8049.6
8049.6
8049.6
8049.6
8049.6
8049.6
8049.6
8049.6
8049.6
8049.6
8049.6
8049.6
8049.6
8049.6
8049.6
8049.6
8049.6
8049.6
8049.6
8049.6
8049.6
7858.4
7858.4
7858.4
7858.4
7858.4
7858.4
7858.4
7858.4
7858.4
7858.4
7858.4
7858.4
7858.4
7858.4
7858.4
7858.4
7858.4
7858.4
7858.4
7858.4
7858.4
7858.4
7858.4
7858.4
7858.4
7858.4
7858.4
