17552.8
16338
16081.2
15871.2
15833.2
13489.2
13293.6
13293.6
13151.6
13151.6
12723.6
12717.6
12571.6
12426.8
12142.4
11602.8
11602.8
11602.8
11602.8
11602.8
11442.8
11442.8
10344
10330
10330
10330
10330
10330
10330
10330
10330
10330
10330
10330
10282.4
10282.4
10282.4
10282.4
10282.4
10282.4
10282.4
10282.4
10282.4
10282.4
10282.4
10282.4
10282.4
10282.4
10282.4
10282.4
10282.4
10282.4
10282.4
10282.4
10208.4
10208.4
10208.4
10050.4
10050.4
10050.4
10050.4
10050.4
10050.4
10050.4
10050.4
10050.4
10050.4
10050.4
10050.4
10050.4
10050.4
10050.4
10050.4
10050.4
10050.4
10050.4
10050.4
10050.4
10050.4
10050.4
10050.4
10050.4
10050.4
10050.4
10050.4
10050.4
10050.4
10050.4
10050.4
10050.4
10050.4
10050.4
10050.4
10050.4
10050.4
10050.4
10050.4
10050.4
10050.4
10050.4
