19728.8
18162.4
17964
17372.4
17372.4
16842.8
16496
16496
16191.2
16079.2
16079.2
16079.2
16045.2
15824.8
15464.8
15464.8
15464.8
15464.8
15464.8
15464.8
15464.8
15464.8
15464.8
15464.8
15464.8
15464.8
15406
15148
15148
15148
15148
15148
15148
15092
15092
15092
15092
15006
15006
14475.2
14475.2
14273.2
14273.2
14273.2
14237.2
14237.2
14237.2
14237.2
14111.2
14111.2
14111.2
14111.2
14111.2
14111.2
13991.6
13909.6
13735.2
13735.2
13735.2
13735.2
13735.2
13735.2
13651.2
13651.2
13455.2
13455.2
13417.2
13417.2
13417.2
13417.2
13417.2
13417.2
13417.2
13415.2
13415.2
13415.2
13415.2
13415.2
13415.2
13415.2
13415.2
13415.2
13415.2
13415.2
13415.2
13415.2
13415.2
13415.2
13415.2
13415.2
13415.2
13415.2
13415.2
13415.2
13414.4
13414.4
13414.4
13260.4
13260.4
13260.4
