18510.8
16932
16125.6
15391.2
15391.2
15127.2
15127.2
15127.2
14763.2
14763.2
14763.2
14663.2
14663.2
14663.2
14663.2
14031.2
14031.2
14031.2
13284
13284
13284
13282.8
13136.8
13136.8
13136.8
13136.8
13136.8
13136.8
13028.8
12942.8
12942.8
12942.8
12722.8
12722.8
12722.8
12630.8
12630.8
12630.8
12630.8
12630.8
12630.8
12630.8
12630.8
12630.8
12630.8
12630.8
12630.8
12630.8
12630.8
12630.8
12630.8
12628.8
12628.8
12628.8
12628.8
12628.8
12628.8
12628.8
12628.8
12628.8
12628.8
12628.8
12628.8
12556.8
12556.8
12556.8
12500.8
12500.8
12500.8
12500.8
12500.8
12500.8
12500.8
12500.8
12500.8
12500.8
12500.8
12500.8
12500.8
12500.8
12500.8
12500.8
12500.8
12500.8
12500.8
12500.8
12500.8
12500.8
12500.8
12500.8
12500.8
12500.8
12500.8
12500.8
12500.8
12500.8
12500.8
12500.8
12500.8
12500.8
