19893.2
17528.8
17528.8
12561.2
12561.2
12561.2
11841.6
11729.6
11729.6
11729.6
11729.6
11729.6
11275.6
11275.6
11275.6
11275.6
11101.6
11101.6
11101.6
11101.6
11101.6
11101.6
11039.6
11039.6
11039.6
11039.6
11039.6
11015.6
11015.6
11015.6
11015.6
11015.6
11015.6
11015.6
11015.6
11015.6
11015.6
10287.6
10189.6
10179.6
10179.6
10179.6
9993.6
9993.6
9993.6
9993.6
9993.6
9993.6
9993.6
9993.6
9993.6
9993.6
9993.6
9993.6
9993.6
9669.6
9669.6
9669.6
9669.6
9669.6
9669.6
9669.6
9669.6
9669.6
9583.6
9583.6
9583.6
9583.6
9583.6
9583.6
9583.6
9583.6
9583.6
9583.6
9583.6
9583.6
9583.6
9583.6
9583.6
9583.6
9583.6
9583.6
9583.6
9583.6
9583.6
9583.6
9577.6
9577.6
9577.6
9577.6
9577.6
9577.6
9577.6
9577.6
9577.6
9577.6
9577.6
9577.6
9577.6
9577.6
