15468.4
14776.4
14776.4
14776.4
14571.6
12897.6
12897.6
12745.6
12555.6
12425.2
12425.2
12300
12251.6
12250.4
12178
12178
12056.8
11870.8
11866.8
10564
10564
10564
10564
10564
10564
10564
10564
10564
10564
10564
10564
10556.8
10556.8
10556.8
10556.8
10556.8
10556.8
10556.8
10514
10514
10514
10514
10475.6
10475.6
10475.6
10189.6
10189.6
10162
10162
10162
10162
10162
10162
10162
10162
10162
9694
9694
9694
9694
9694
9694
9694
9694
9694
9694
9694
9694
9694
9694
9694
9694
9694
9694
9694
9694
9694
9694
9694
9694
9694
9604
9604
9604
9604
9604
9604
9604
9548
9548
9548
9548
9548
9548
9548
9548
9520
9520
9520
9520
