15683.2
15683.2
15608
15029.6
13109.6
13109.6
12772.4
12772.4
12532.4
12532.4
11598.4
11036.8
11036.8
11036.8
11036.8
11036.8
10930.8
10930.8
10930.8
10930.8
10930.8
10602.8
10602.8
10602.8
10602.8
10602.8
10490
10490
10490
10490
10490
10490
10490
10490
10490
10334
10334
9952
9916
9916
9916
9916
9916
9916
9916
9916
9509.2
9509.2
9485.2
9485.2
9435.2
9435.2
9435.2
9435.2
9425.2
9425.2
9261.2
9261.2
9261.2
9261.2
9261.2
9261.2
9261.2
9243.2
9243.2
9123.2
9123.2
9123.2
9123.2
9123.2
9123.2
9109.2
9109.2
9109.2
9109.2
9109.2
9109.2
9107.2
9107.2
9093.2
9093.2
9093.2
9093.2
9093.2
9093.2
9093.2
9093.2
9093.2
9093.2
9093.2
9093.2
9091.2
9091.2
9091.2
9091.2
9091.2
9091.2
9091.2
9091.2
9091.2
