17900.8
16450.8
14742.8
14742.8
14151.2
14151.2
14071.2
14071.2
14071.2
13499.2
13229.2
13105.2
13105.2
13047.2
13047.2
12875.2
12815.2
12815.2
12815.2
12777.2
12719.2
12719.2
12719.2
12719.2
12719.2
12637.2
12637.2
12637.2
12637.2
12637.2
12637.2
12633.2
12462
12462
12462
12462
12462
12462
12462
12462
12462
12462
12462
12462
12462
12462
12462
12462
12462
12462
12462
12462
12462
12462
12462
12462
12462
12246
12246
12246
12246
12236
12236
12236
12208
12208
12208
12208
12198
12198
12198
12198
12198
12198
12198
12198
12198
12198
12198
12198
12198
12198
12198
12198
12198
12198
12198
12198
12198
12198
12198
12198
12198
12198
12198
12198
12198
12198
12198
12198
