17193.6
14207.6
13298.8
10966.4
10497.6
10289.6
10289.6
10085.6
10085.6
10085.6
10085.6
10085.6
9935.6
9935.6
9638
9638
9638
9638
9638
9638
9638
9638
9636
9460
9460
9460
9460
9460
9460
9460
9075.6
9075.6
9075.6
9075.6
9075.6
9063.6
9063.6
9063.6
9063.6
9063.6
8348.8
8348.8
8348.8
8348.8
8348.8
8348.8
8348.8
8348.8
8348.8
8348.8
8348.8
8348.8
8348.8
8348.8
8348.8
8046.8
8046.8
8046.8
8046.8
8046.8
8046.8
8046.8
8046.8
8046.8
8046.8
8046.8
8046.8
8046.8
8046.8
8046.8
8046.8
8046.8
8046.8
8046.8
8046.8
8046.8
8046.8
8046.8
8046.8
8046.8
8046.8
8046.8
8036.8
8036.8
8036.8
8036.8
8036.8
8036.8
8036.8
8036.8
8036.8
8036.8
8036.8
8036.8
8036.8
8036.8
8036.8
8036.8
8036.8
8036.8
