13106.8
13066.8
13066.8
13034.8
13034.8
12401.6
12401.6
12401.6
12401.6
12175.6
11560.4
10058
10058
9858
9858
9722
9722
9660.4
9607.2
9547.2
9463.2
9463.2
9463.2
9461.2
9423.2
9423.2
9423.2
9423.2
9245.2
9245.2
9245.2
9085.2
9037.2
9037.2
9037.2
9037.2
9037.2
9037.2
9037.2
9037.2
9037.2
9037.2
9037.2
8937.2
8937.2
8937.2
8937.2
8937.2
8937.2
8937.2
8937.2
8937.2
8937.2
8799.6
8799.6
8799.6
8799.6
8799.6
8799.6
8799.6
8799.6
8799.6
8799.6
8799.6
8799.6
8799.6
8799.6
8799.6
8799.6
8799.6
8799.6
8799.6
8799.6
8799.6
8799.6
8799.6
8799.6
8799.6
8799.6
8799.6
8799.6
8799.6
8799.6
8799.6
8799.6
8799.6
8799.6
8799.6
8799.6
8799.6
8799.6
8799.6
8799.6
8799.6
8799.6
8799.6
8799.6
8799.6
8799.6
8799.6
