30388
29416.4
28252
27474.4
27474.4
27474.4
27474.4
27474.4
27474.4
27474.4
27474.4
27474.4
27474.4
27474.4
27474.4
27474.4
27474.4
27474.4
27474.4
27474.4
27474.4
27474.4
27474.4
27474.4
27474.4
27474.4
27474.4
27474.4
27474.4
27474.4
27474.4
27474.4
27474.4
27474.4
27474.4
27474.4
27474.4
27474.4
27474.4
27474.4
27474.4
27474.4
27474.4
27474.4
27474.4
27474.4
27474.4
27474.4
27474.4
27474.4
27474.4
27474.4
27474.4
27474.4
27474.4
27474.4
27474.4
27474.4
27474.4
27474.4
27474.4
27474.4
27474.4
27474.4
27474.4
27474.4
27474.4
27474.4
27474.4
27474.4
27474.4
27474.4
27474.4
27474.4
27474.4
27474.4
27474.4
27474.4
27474.4
27474.4
27474.4
27474.4
27474.4
27474.4
27474.4
27474.4
27474.4
27474.4
27474.4
27474.4
27474.4
27474.4
27474.4
27474.4
27474.4
27474.4
27474.4
27474.4
27474.4
27474.4
