38026.8
35128
33515.2
32720.8
32439.2
31284
31284
30454.8
30238.8
29428
28346.4
27992.8
27948.8
27796.8
27746.8
27620.8
27258.4
25092.4
25092.4
25092.4
24876.4
24242.4
24242.4
23796.4
23624.4
23624.4
23624.4
23280
23280
23280
23280
22982
22982
22982
22458
22458
22458
22454
22454
21847.6
21764.8
21764.8
21764.8
21764.8
21764.8
21451.6
21451.6
21451.6
21397.6
21377.6
21377.6
21284.8
21284.8
21106.8
21106.8
21106.8
21106.8
21106.8
21106.8
21050.8
21050.8
21016.8
21016.8
20934.8
20673.6
20673.6
20606.4
20606.4
20450.4
20450.4
20450.4
20450.4
20450.4
20450.4
20450.4
20450.4
20357.2
20357.2
20357.2
20357.2
20357.2
20357.2
20357.2
20357.2
20357.2
20357.2
20357.2
20357.2
20357.2
20357.2
20357.2
20357.2
20357.2
20357.2
20357.2
20357.2
20357.2
20357.2
20357.2
20357.2
