38742.4
37790
36898
36240.4
36106.4
35820.4
35558.4
34820.4
34810.4
34810.4
34582.4
34318.4
34318.4
34318.4
33762.8
32500
32500
32500
32500
32500
32426
32426
32254
31100.4
31100.4
31100.4
30952.4
30718.8
30718.8
30718.8
29910.4
29840.4
29840.4
29840.4
29840.4
29840.4
29840.4
29644.4
29644.4
29636.4
29636.4
29636.4
28888
28888
28528
28528
28528
28528
28528
28514
28514
28514
28514
28514
28514
28514
28514
28514
28514
28514
28514
28514
28514
28514
28514
28506
28506
28482
28482
28462.4
28236.4
28236.4
28236.4
28236.4
27658.4
27236
27236
27236
27236
27236
27236
27236
27236
27202
27104
26938
26938
26938
26938
26938
26938
26894
26894
26894
26278
26278
26278
26278
26278
26278
26130
