41079.6
32077.2
26988.4
26543.2
25440.8
24930.8
24005.2
24005.2
23793.2
23635.2
23289.2
23187.2
23178
23178
22978
21748.8
21732.8
21732.8
21732.8
21700.8
21524.8
21524.8
21474.8
21474.8
21474.8
21474.8
21434.8
21288.8
21288.8
21126.8
21126.8
21126.8
21126.8
21086.8
21086.8
20910.8
20906.8
20906.8
20644
20644
20495.2
20495.2
20494.4
20239.2
20095.2
20087.2
20087.2
20087.2
20087.2
20087.2
20074.4
20074.4
19644
19644
19570
19450
19386
19378
19326.8
19326.8
19326.8
19106.8
19106.8
19106.8
19106.8
19106.8
19106.8
18816.8
18816.8
18816.8
18816.8
18816.8
18816.8
18816.8
18238.8
18238.8
18238.8
18238.8
18238.8
18238.8
18238.8
18238.8
18238.8
18238.8
18238.8
18238.8
18238.8
18238.8
18238.8
18238.8
18238.8
18238.8
18238.8
18238.8
18238.8
18238.8
18238.8
18238.8
18238.8
18238.8
