30208.8
26605.2
26497.6
25275.6
23344.4
22041.6
21377.6
19870.4
19367.6
19140.4
19088.4
18908.4
18585.2
18585.2
18585.2
18585.2
18345.2
18345.2
18245.2
18245.2
17469.2
17393.2
17389.2
17389.2
17323.2
17323.2
17319.2
17319.2
17287.2
17287.2
17287.2
17287.2
17287.2
17287.2
17279.2
17279.2
17279.2
17279.2
17279.2
17279.2
17279.2
17279.2
17279.2
17279.2
16488.4
16488.4
16488.4
16488.4
16488.4
16488.4
16488.4
16488.4
16488.4
16488.4
16366.8
16366.8
16366.8
16366.8
16366.8
16366.8
16366.8
16366.8
16366.8
16366.8
16366.8
16366.8
16366.8
16366.8
16366.8
16366.8
16366.8
16366.8
16366.8
16366.8
16366.8
16268.8
16268.8
16268.8
16268.8
16268.8
16268.8
16268.8
16268.8
16268.8
16268.8
16268.8
16268.8
16268.8
16268.8
16268.8
16268.8
16268.8
16152.4
16152.4
15462.4
15462.4
15462.4
15462.4
15146.4
15146.4
