37646.4
37646.4
37646.4
37646.4
37646.4
37196.8
37196.8
37196.8
35124.4
35124.4
33092
33092
33092
33092
32442
32442
32442
32442
31766
31766
31766
31766
31766
31766
31766
31216.4
30452
30119.6
30119.6
30119.6
30119.6
30119.6
27989.6
27989.6
27989.6
27989.6
27989.6
27989.6
27989.6
27989.6
27989.6
26734.4
26734.4
26734.4
26734.4
26734.4
26734.4
26734.4
26734.4
26606.4
26606.4
26606.4
26606.4
26606.4
26606.4
26606.4
26606.4
26606.4
26606.4
26606.4
26606.4
26095.2
26095.2
26095.2
26095.2
26095.2
26095.2
26095.2
26095.2
26095.2
26095.2
26095.2
25636
25636
25366.4
25366.4
25366.4
25246.4
25246.4
24839.2
24839.2
24839.2
24839.2
24839.2
24839.2
24839.2
24839.2
24839.2
24839.2
24839.2
24839.2
24839.2
24839.2
24548.4
24320
23850.4
23850.4
23850.4
23850.4
23850.4
