36061.6
32685.6
27702.8
27702.8
27702.8
27702.8
27522.8
27522.8
27522.8
27522.8
27522.8
27522.8
27522.8
26761.6
22531.6
22531.6
22531.6
22531.6
22531.6
22531.6
22531.6
22531.6
22531.6
20201.2
20201.2
20201.2
18960.4
18960.4
18960.4
18960.4
18960.4
17615.6
17615.6
17500.8
17500.8
17500.8
17500.8
17362.8
17362.8
17362.8
17362.8
17362.8
17362.8
17362.8
17238.8
17238.8
17238.8
16956.8
16722.8
16594.4
16594.4
16594.4
16594.4
16594.4
16594.4
16594.4
16594.4
16594.4
16594.4
16594.4
16594.4
16594.4
16594.4
16594.4
16594.4
16594.4
16594.4
16594.4
16594.4
16594.4
16594.4
16550.4
16442.4
16442.4
16442.4
16442.4
16442.4
16442.4
16442.4
16442.4
16442.4
16442.4
16442.4
16442.4
16442.4
16442.4
16442.4
16442.4
16442.4
16442.4
16442.4
16442.4
16442.4
16442.4
16442.4
16442.4
16442.4
16442.4
16442.4
16442.4
