34770
32348
29889.6
28984.4
27954.8
27028
26503.6
26169.2
25997.6
25997.6
25569.6
25569.6
25454.8
25116.8
25116.8
24608.8
24608.8
24608.8
24508.8
24486.8
23024.4
23024.4
23024.4
23024.4
23022.4
23022.4
22587.2
22587.2
22475.2
22245.2
22245.2
22245.2
22203.2
22203.2
22063.2
22063.2
22009.2
22009.2
22009.2
22009.2
21884.4
21884.4
21884.4
21782.4
21634.4
21634.4
21634.4
21294.4
21294.4
21170.4
21170.4
21136.4
21108.4
21108.4
21108.4
20556.4
20556.4
20556.4
20556.4
20556.4
20488
20488
20488
20488
20488
20299.6
20299.6
20277.6
20277.6
20277.6
20277.6
20277.6
20277.6
20277.6
20142.4
20142.4
20142.4
20142.4
20142.4
20142.4
20142.4
20142.4
20142.4
20142.4
20142.4
20142.4
20142.4
20142.4
20142.4
20142.4
20142.4
20142.4
20142.4
20142.4
20142.4
20142.4
20142.4
20142.4
20142.4
20142.4
