33929.6
33929.6
31687.2
31687.2
31687.2
31687.2
31687.2
31687.2
31687.2
29752
29016.8
28946.8
28946.8
28889.2
28706.8
28409.6
28409.6
28409.6
28355.6
28355.6
27583.6
27583.6
27583.6
27583.6
27251.2
27217.2
25522
25522
25522
25522
25522
25476
25002
24998
24998
24937.2
24937.2
24937.2
24937.2
24937.2
24937.2
24937.2
24937.2
24921.2
24921.2
24921.2
24416
24416
24416
24416
24416
24416
24416
24256.8
24256.8
24256.8
24256.8
24118.8
24118.8
24118.8
24118.8
24118.8
24118.8
24118.8
24118.8
24118.8
24091.2
24091.2
24091.2
24091.2
24091.2
24091.2
24091.2
24091.2
23903.2
23903.2
23695.2
23695.2
23695.2
23222.8
23222.8
23222.8
23216.8
23216.8
23216.8
23216.8
23216.8
23212.8
23212.8
23156.8
23156.8
23156.8
23123.2
22987.2
22987.2
22987.2
22987.2
22987.2
22987.2
22987.2
