15872.8
14690.8
14633.2
14633.2
12572.8
12572.8
12552.8
12552.8
12552.8
12552.8
12552.8
12552.8
12552.8
12552.8
12552.8
12552.8
12552.8
12552.8
12552.8
12552.8
12552.8
12552.8
12552.8
12552.8
12552.8
12552.8
12552.8
12552.8
12552.8
12552.8
12552.8
12552.8
12552.8
12552.8
12552.8
12552.8
12552.8
12552.8
12552.8
12552.8
12552.8
12552.8
12552.8
12552.8
12552.8
12534
12402
12178
12178
12142
12142
12142
12142
12084
12084
12082
12082
11695.6
11695.6
11695.6
11695.6
11695.6
11695.6
11453.6
11453.6
11451.6
11411.6
11411.6
11411.6
11411.6
11409.6
11149.6
11135.6
11135.6
11135.6
11135.6
11135.6
10977.6
10977.6
10977.6
10977.6
10977.6
10977.6
10977.6
10977.6
10977.6
10977.6
10977.6
10977.6
10977.6
10977.6
10977.6
10977.6
10977.6
10977.6
10977.6
10977.6
10977.6
10977.6
10977.6
