15498
13529.2
13131.2
12698
12570
12176
12174
12066
12002
12002
11193.6
11053.6
11053.6
10989.6
10989.6
10989.6
10989.6
10989.6
10989.6
10989.6
10989.6
10963.6
10950
10912
10912
10814
10814
10798
10798
10798
10798
10798
10798
10798
10728
10728
10666
10666
10666
10606
10606
10606
10538
10538
10502
10502
10502
10486
10486
10476
10476
10292
10292
10292
10292
10292
10292
10278
10278
10278
10278
10278
10278
10170
10170
10170
10170
10170
10170
10170
10170
10170
10170
10170
10170
10170
10170
10170
10170
10170
10170
10170
10170
10170
10170
10170
10170
10170
10170
10170
10170
10170
10170
10170
10170
10170
10170
10170
10170
10170
