18073.2
16431.2
16405.2
15961.2
15961.2
15961.2
15961.2
15961.2
15743.2
15709.2
15600.4
15600.4
15600.4
15600.4
15600.4
15600.4
15600.4
15600.4
15600.4
14964
14964
14964
14880
14880
14880
14880
14880
14880
14880
14880
14880
14880
14880
14880
14880
14880
14880
14880
14880
14880
14880
14880
14880
14880
14880
14880
14880
14880
14880
14880
14880
14880
14880
14880
14880
14880
14880
14880
14880
14880
14880
14880
14880
14880
14880
14880
14880
14880
14880
14880
14880
14880
14880
14880
14880
14880
14880
14880
14880
14880
14880
14880
14880
14880
14880
14880
14880
14880
14880
14880
14880
14880
14880
14880
14880
14880
14880
14880
14880
14880
