14005.6
11832.8
11107.2
10685.2
10290
9976
9854.8
9854.8
9556.8
9556.8
9556.8
9260.8
9260.8
9260.8
9260.8
9260.8
9260.8
9260.8
9260.8
9260.8
9260.8
9260.8
9260.8
9260.8
9260.8
9260.8
9260.8
9260.8
9260.8
9260.8
9260.8
9260.8
9260.8
9180.8
9180.8
9180.8
9180.8
9180.8
9042.8
8478.8
8478.8
8478.8
8478.8
8478.8
8478.8
8478.8
8458.8
8458.8
8458.8
8458.8
7964.8
7964.8
7964.8
7964.8
7964.8
7964.8
7964.8
7964.8
7950.8
7950.8
7950.8
7950.8
7950.8
7950.8
7950.8
7950.8
7950.8
7950.8
7950.8
7950.8
7950.8
7950.8
7950.8
7950.8
7950.8
7950.8
7950.8
7950.8
7950.8
7950.8
7950.8
7950.8
7950.8
7950.8
7950.8
7950.8
7950.8
7950.8
7950.8
7950.8
7950.8
7950.8
7950.8
7950.8
7950.8
7950.8
7950.8
7950.8
7950.8
7950.8
