12435.6
12148.8
11931.6
11506
11506
11506
11506
11506
11076
11060
11060
11060
10584
10584
10584
10518.8
10518.8
10518.8
10402
10402
10402
10402
10348
10348
10348
10232
10232
10232
10232
10232
10084
10084
10084
10084
10084
9856
9856
9856
9856
9856
9856
9844
9844
9748
9748
9748
9552.8
9552.8
9552.8
9474.8
9314.8
9314.8
9314.8
8826
8826
8826
8826
8826
8826
8826
8826
8826
8826
8826
8826
8826
8826
8826
8826
8826
8826
8826
8826
8378
8378
8378
8378
8378
8378
8378
8378
8378
8348
8348
8348
8348
8348
8348
8348
8348
8348
8348
8348
8348
8262
8262
8262
8262
8232
8232
