12008.8
10671.6
10487.6
10053.6
9121.2
9121.2
8719.2
8719.2
8719.2
8554.4
8522.4
8348
7860
7860
7666
7666
7604
7604
7604
7604
7604
7604
7256
7256
7256
7256
7246
7246
7246
7246
7246
7246
7246
7246
7246
7246
7246
7148
7148
7148
7148
7148
7148
7148
7148
7148
7148
7148
7148
7148
7148
7148
7148
7148
7148
7148
7144
7144
7144
7144
7144
7144
7144
7144
7144
7144
7144
7144
7144
7144
7144
7144
7144
7144
7144
7144
7144
7144
7144
7144
7144
7144
7144
7144
7144
7144
7144
7144
7144
7144
7144
7144
7144
7144
7144
7144
7144
7144
7144
7144
