27802
27802
27802
27460
27260.8
27260.8
26349.6
25206
25206
24603.6
24603.6
24568.4
24568.4
24334.8
24334.8
22668.4
22668.4
22668.4
22282.8
22282.8
21411.2
21411.2
21411.2
21411.2
21411.2
21411.2
20728.4
20728.4
20728.4
20728.4
20728.4
20728.4
20728.4
20239.2
20239.2
19367.6
19367.6
19367.6
19367.6
18723.2
18723.2
18723.2
18361.6
18361.6
18361.6
18361.6
18361.6
18361.6
18361.6
18312.8
17691.6
17691.6
17691.6
17691.6
17691.6
17691.6
17691.6
17691.6
17691.6
17691.6
17691.6
17691.6
17691.6
17691.6
17691.6
17691.6
17691.6
17691.6
17691.6
17691.6
17691.6
17691.6
17691.6
17691.6
17691.6
17691.6
17691.6
17691.6
17691.6
17686.4
17686.4
17431.6
17340
16809.2
16809.2
16809.2
16809.2
16809.2
16809.2
16809.2
16809.2
16763.2
16763.2
16763.2
16763.2
16763.2
16560.8
16560.8
16560.8
16560.8
