30924.8
29332.4
28836.4
27918.4
26903.6
26118.8
25334.4
25288
24564
24472
24470
24470
24272
24272
23804
23597.6
23202
22067.6
22067.6
22067.6
22067.6
21897.6
21897.6
21851.6
21851.6
21851.6
21851.6
21581.6
21581.6
21581.6
21581.6
21581.6
21581.6
21581.6
21581.6
21408
21408
21408
21042
21042
21042
21042
20360.8
20360.8
20360.8
20360.8
20360.8
20360.8
20360.8
20360.8
20360.8
20360.8
20360.8
19700
19700
19700
19700
19700
19700
19700
19340
19340
19340
19340
19340
19340
19338
19338
19338
19338
19338
19338
19338
19338
19338
19338
19338
19338
19338
19338
19338
19338
19338
19338
19338
19338
19338
19338
19338
19338
19338
19338
19338
19338
19338
19338
19338
19338
19338
19338
