27485.2
15999.2
14610.4
14610.4
14610.4
14610.4
14610.4
14610.4
14610.4
14610.4
14610.4
14610.4
14610.4
14610.4
14610.4
14610.4
14610.4
14610.4
14610.4
14610.4
14610.4
14610.4
14610.4
14610.4
14610.4
14610.4
14610.4
14610.4
14610.4
14610.4
14610.4
14610.4
14610.4
14610.4
14610.4
14610.4
14610.4
14610.4
14610.4
14610.4
14610.4
14610.4
14610.4
14610.4
14610.4
14610.4
14610.4
14610.4
14610.4
14610.4
14610.4
14610.4
14610.4
14610.4
14610.4
14610.4
14610.4
14610.4
14610.4
14610.4
14610.4
14610.4
14610.4
14610.4
14610.4
14610.4
14610.4
14610.4
14610.4
14610.4
14610.4
14610.4
14610.4
14610.4
14610.4
14610.4
14610.4
14610.4
14610.4
14610.4
14610.4
14610.4
14610.4
14610.4
14610.4
14610.4
14610.4
14610.4
14610.4
14610.4
14610.4
14610.4
14610.4
14610.4
14610.4
14610.4
14610.4
14610.4
14610.4
14610.4
