12205.6
8894.4
8738.4
8672.4
8246
8198.8
8198.8
8198.8
7890.4
7890.4
7890.4
7890.4
7890.4
7890.4
7890.4
7890.4
7890.4
7890.4
7890.4
7890.4
7890.4
7890.4
7890.4
7890.4
7890.4
7890.4
7890.4
7890.4
7890.4
7890.4
7890.4
7890.4
7865.6
7865.6
7865.6
7865.6
7865.6
7865.6
7865.6
7865.6
7865.6
7865.6
7865.6
7865.6
7865.6
7865.6
7865.6
7865.6
7865.6
7865.6
7865.6
7865.6
7865.6
7865.6
7865.6
7865.6
7865.6
7865.6
7865.6
7778.4
7778.4
7778.4
7778.4
7778.4
7778.4
7778.4
7778.4
7778.4
7778.4
7778.4
7778.4
7718.4
7454.4
7454.4
7454.4
7454.4
7331.2
7331.2
7274
7274
7274
7274
7274
7274
7274
7274
7274
7274
7274
7274
7270
7270
7270
7270
7002
7002
7002
7002
6990
6990
