34982.8
33236.8
33198.8
31910.8
30127.6
29520.4
29244.4
29244.4
29144.4
29144.4
29144.4
29144.4
29100.4
28774.4
28712.4
28712.4
28712.4
28712.4
28712.4
28270.4
28270.4
28030.4
28030.4
27928.4
27928.4
27928.4
27928.4
27928.4
27928.4
27928.4
27928.4
27928.4
27928.4
27928.4
27928.4
27928.4
27928.4
27928.4
27928.4
27928.4
27928.4
27928.4
27928.4
27928.4
27928.4
27910
27910
27910
27844
26620.8
26620.8
26620.8
26158
25734
25682
25678
25678
25186.4
25064.4
25064.4
25064.4
25064.4
25064.4
25064.4
25064.4
25064.4
25064.4
24748.4
24748.4
24748.4
24748.4
24748.4
24748.4
24748.4
24748.4
24748.4
24748.4
24748.4
24748.4
24748.4
24748.4
24748.4
24748.4
24748.4
24511.2
23313.6
23313.6
23313.6
23313.6
23313.6
23313.6
23313.6
23313.6
23313.6
23065.6
22331.6
22331.6
22331.6
22331.6
22225.6
