28552
28197.2
28197.2
28197.2
28197.2
27510.4
26946.4
24367.6
24367.6
24367.6
24367.6
24367.6
23559.6
23559.6
21449.6
21449.6
21449.6
21449.6
21357.6
20851.2
20347.6
20347.6
19297.6
19297.6
19297.6
19297.6
19297.6
19297.6
19297.6
19297.6
19297.6
19297.6
19297.6
19297.6
19297.6
19297.6
19297.6
19297.6
19297.6
19280
19280
19280
18874
18874
18874
18874
18874
18407.2
18407.2
18407.2
18407.2
18407.2
18407.2
18407.2
18407.2
18318.4
18318.4
18318.4
18318.4
18318.4
18318.4
18318.4
18318.4
18318.4
18318.4
18318.4
18318.4
18318.4
18318.4
18318.4
18318.4
18318.4
18318.4
18318.4
17919.2
17919.2
17919.2
17919.2
17919.2
17919.2
17919.2
17919.2
17919.2
17919.2
17919.2
17919.2
17919.2
17919.2
17919.2
17919.2
17919.2
17919.2
17919.2
17919.2
17919.2
17919.2
17422.8
17387.6
17387.6
17387.6
