21274.8
19133.2
18665.2
13890
13890
13890
13890
13890
13647.2
13647.2
13647.2
13569.2
13050
12992
12992
12992
12992
12992
12992
12992
12992
12992
12992
12992
12992
12992
12992
12990.8
12990.8
12990.8
12990.8
12990.8
12990.8
12990.8
12990.8
12990.8
12990.8
12990.8
12953.6
12953.6
12953.6
12953.6
12953.6
12953.6
12953.6
12953.6
12185.6
12185.6
12185.6
12160.4
12160.4
12160.4
12160.4
12092
12092
12092
12092
12092
12092
12092
12092
12092
12092
12092
12077.2
12077.2
11967.2
11967.2
11967.2
11967.2
11967.2
11967.2
11967.2
11967.2
11967.2
11967.2
11967.2
11967.2
11967.2
11967.2
11967.2
11967.2
11967.2
11967.2
11967.2
11967.2
11967.2
11967.2
11967.2
11967.2
11967.2
11967.2
11967.2
11967.2
11967.2
11967.2
11967.2
11967.2
11967.2
11967.2
