32096.4
30572.8
29029.6
29029.6
27740.4
27362.8
25973.2
24577.2
23393.2
23393.2
23393.2
23118.4
23038.8
23038.8
22928
21346
21164
21164
21164
21164
21164
21124
21124
21124
21124
19588.4
19588.4
19588.4
19588.4
19588.4
19588.4
19183.6
19183.6
19183.6
18695.2
18695.2
17882
17882
17882
17882
17882
17882
17882
17882
17882
17882
17882
17882
17882
17882
17882
17882
17882
17882
17882
17882
17614
17614
17407.6
17407.6
17136.4
17136.4
17136.4
17136.4
17136.4
17136.4
17056.4
17056.4
17056.4
17056.4
16882.8
16882.8
16882.8
16882.8
16769.2
16769.2
16769.2
16728.4
16728.4
16728.4
16728.4
16728.4
16728.4
16728.4
16728.4
16607.6
16442.8
16442.8
16442.8
16442.8
16442.8
16442.8
16442.8
16442.8
15864.4
15864.4
15864.4
15864.4
15864.4
15686.8
