32635.2
27227.6
26416
26148
25482.8
24801.6
24673.6
24513.6
24411.6
24319.2
23854.4
23820.4
23634.4
23634.4
23390.4
23230.4
23154
22958.4
22785.6
22785.6
22184.4
21170.8
21166.8
21018.8
20974.8
20967.2
19904.4
19684.4
19576.4
19576.4
19576.4
19576.4
19328.4
19328.4
19328.4
19324.4
18765.6
18765.6
18595.6
18595.6
18595.6
18585.6
18585.6
18585.6
18585.6
18585.6
18585.6
18483.6
18445.6
18409.2
18287.6
18287.6
18287.6
17992.4
17992.4
17446.8
17390.8
17390.8
17144.8
17144.8
17144.8
17090.8
17090.8
17090.8
17010.8
17010.8
16926.8
16722.8
16722.8
16722.8
16722.8
16722.8
16722.8
16722.8
16722.8
16679.6
16679.6
16594.4
16594.4
16594.4
16594.4
16594.4
16528.4
16528.4
16528.4
16422.4
16422.4
16422.4
16422.4
16422.4
16422.4
16392.4
16392.4
16392.4
16390.4
16370.4
16262
16262
16262
16262
