14207.2
14207.2
14207.2
12781.6
12428
12428
12250.4
12250.4
12250.4
12250.4
12250.4
12083.2
12083.2
12083.2
12083.2
10849.2
10849.2
10029.6
10029.6
10029.6
10029.6
10029.6
10029.6
10029.6
10029.6
10029.6
10029.6
10029.6
10029.6
10029.6
10029.6
9964.8
9964.8
9964.8
9931.6
9931.6
9714.4
9714.4
9714.4
9714.4
9714.4
9714.4
9714.4
9627.6
9627.6
9627.6
9625.6
9458
9458
9458
9322.8
9322.8
9322.8
9322.8
9322.8
9322.8
9322.8
9322.8
9322.8
9322.8
9322.8
9322.8
9322.8
9322.8
9282
9282
9282
9282
9282
9282
9282
9282
9282
9282
9282
9282
9282
9282
9282
9282
9282
9264
9264
9264
9264
9264
9264
9264
9264
9264
9264
9264
9264
9264
9264
9264
9264
9264
9264
9264
