26516.8
23790.4
23742.4
23742.4
23742.4
23728.4
22752.4
22214.4
21923.6
21859.2
21693.2
21144.8
20490.8
20490.8
19845.6
19845.6
19745.6
19609.6
19609.6
19474.8
19474.8
19236.8
19022.4
19022.4
18928.4
18852
18798.4
18788.4
18583.6
18583.6
18583.6
18505.6
18505.6
18505.6
18505.6
17874
17874
17874
17754.4
17754.4
17754.4
17754.4
17574.4
17574.4
17574.4
17526.4
17326.4
17326.4
17326.4
17200.4
17200.4
17200.4
17126.4
17126.4
17098.4
17084.4
17084.4
17066.4
17066.4
17066.4
17066.4
17008.4
16940.4
16940.4
16940.4
16940.4
16940.4
16940.4
16940.4
16940.4
16892.4
16892.4
16892.4
16892.4
16892.4
16892.4
16892.4
16892.4
16892.4
16892.4
16892.4
16892.4
16892.4
16892.4
16892.4
16892.4
16892.4
16892.4
16892.4
16892.4
16892.4
16892.4
16892.4
16892.4
16892.4
16892.4
16892.4
16892.4
16892.4
16892.4
