15516
13753.6
13281.6
12985.2
12985.2
12478
12478
12163.2
11968
11968
11489.6
11489.6
11489.6
11489.6
11489.6
11110.8
11094.8
11094.8
11022.8
11022.8
11022.8
11022.8
11014.4
11014.4
11014.4
11014.4
11014.4
11014.4
11014.4
11014.4
11014.4
10780
10780
10780
10780
10780
10780
10780
10780
10780
10780
10780
10780
10780
10780
10780
10672
10672
10020.4
10020.4
9978.4
9770.4
9770.4
9770.4
9770.4
9770.4
9770.4
9770.4
9770.4
9770.4
9768.4
9768.4
9768.4
9768.4
9768.4
9768.4
9768.4
9768.4
9768.4
9768.4
9768.4
9768.4
9768.4
9768.4
9768.4
9768.4
9768.4
9768.4
9768.4
9768.4
9768.4
9768.4
9768.4
9768.4
9768.4
9768.4
9768.4
9768.4
9768.4
9768.4
9768.4
9768.4
9768.4
9768.4
9768.4
9768.4
9768.4
9768.4
9768.4
9768.4
