22109.6
19677.2
19677.2
18594.4
17794.8
17794.8
17266.8
17266
17266
17266
16718.4
16718.4
16266.8
16266.8
15722.4
15722.4
15722.4
15359.2
15359.2
15359.2
15359.2
15359.2
15180
15180
15102
15066
15066
15066
14665.2
14665.2
14638.4
14355.2
14016.4
14016.4
13998.4
13998.4
13998.4
13998.4
13998.4
13998.4
13998.4
13998.4
13998.4
13998.4
13898.4
13898.4
13630.8
13481.6
13481.6
13481.6
13481.6
13455.6
13214
13214
13214
13214
13092.8
13092.8
13092.8
13092.8
13092.8
13092.8
13092.8
13092.8
13092.8
13092.8
13092.8
13092.8
13092.8
13092.8
13092.8
13092.8
13092.8
13092.8
13092.8
13092.8
13044
13044
13044
13044
13044
13044
13044
13044
13044
13044
13044
13044
13044
13044
13044
13044
13044
13044
13044
13044
13044
13044
13044
13044
