31096.8
27451.6
24754.4
24754.4
24754.4
23721.6
23651.6
23651.6
23651.6
23365.6
23298.8
23184.4
23178.4
23168.4
21749.6
21749.6
21297.6
20122.4
20122.4
20122.4
20122.4
20122.4
20122.4
20122.4
20122.4
20122.4
20122.4
19842.4
19842.4
19842.4
19842.4
19842.4
19842.4
19341.6
19341.6
19235.6
19235.6
19235.6
19235.6
19235.6
19235.6
19235.6
19235.6
19235.6
19235.6
19235.6
19182.4
19182.4
19182.4
19182.4
19182.4
19182.4
19182.4
19182.4
19182.4
18910.4
18550.8
18474.8
18474.8
18366.8
18366.8
18366.8
18366.8
18366.8
18366.8
18366.8
18366.8
18366.8
18366.8
18340.8
18340.8
18340.8
18340.8
18340.8
18340.8
18340.8
18340.8
18340.8
18340.8
18340.8
18340.8
18340.8
18212.8
18212.8
18212.8
18212.8
18212.8
18212.8
18212.8
18212.8
18212.8
18212.8
18212.8
18212.8
18212.8
18212.8
18134.8
18134.8
18033.2
18033.2
