30598
29726
29202
28872
28618.8
28612.8
28032.4
27786
27152.8
26799.6
26363.6
26335.6
25803.6
25803.6
25733.6
25689.6
25689.6
24522.8
24157.2
24157.2
23878.4
23878.4
23878.4
23878.4
22940
22940
22940
22940
22294
22294
22294
22294
22216
22216
22216
22216
22216
22216
22216
22216
22216
21577.6
21577.6
20524
20524
20273.2
20273.2
20273.2
20099.2
19912
19912
19906
19906
19906
19782
19710.4
19710.4
19710.4
19710.4
19710.4
19663.6
19607.6
19607.6
19607.6
19607.6
19543.6
19543.6
19543.6
19543.6
19543.6
19543.6
19543.6
19543.6
19543.6
19543.6
19543.6
19543.6
19543.6
19543.6
19543.6
19543.6
19192
19192
19192
19103.6
19103.6
19103.6
19103.6
19103.6
19103.6
19103.6
19103.6
19103.6
18975.6
18975.6
18975.6
18945.6
18945.6
18945.6
18945.6
18945.6
