30880
30666.8
29640
29640
28796
27826.8
27826.8
27826.8
26984
26276
26080
25988
25168.8
25168.8
25168.8
25168.8
25168.8
25098.4
25098.4
25098.4
25098.4
25098.4
25098.4
25098.4
25098.4
24210
24210
24210
24210
23993.2
23991.2
23991.2
23941.2
23941.2
23711.2
23711.2
23711.2
23711.2
23711.2
23711.2
23437.2
23437.2
23437.2
23437.2
23437.2
23247.2
23247.2
23247.2
23247.2
23247.2
23247.2
23247.2
23247.2
23247.2
23247.2
23247.2
23247.2
23247.2
23247.2
23247.2
23247.2
23247.2
23247.2
23247.2
23247.2
23247.2
23247.2
23247.2
23247.2
23247.2
23247.2
23247.2
23247.2
23247.2
23247.2
23247.2
23247.2
23247.2
23247.2
23247.2
23247.2
23247.2
23144.8
23144.8
23086.8
23086.8
23086.8
23086.8
23086.8
23086.8
23086.8
23086.8
23086.8
22936.8
22936.8
22936.8
22936.8
22936.8
22936.8
22936.8
