23124.4
17249.2
16564.4
11873.6
11873.6
11873.6
11873.6
11565.6
11565.6
11239.6
11239.6
11229.6
11229.6
11229.6
11229.6
11180.8
11180.8
11180.8
11180.8
11180.8
11180.8
11180.8
11180.8
11180.8
11180.8
11180.8
11180.8
11180.8
11180.8
11180.8
11180.8
11180.8
11180.8
10790
10790
10790
10790
10790
10790
10790
10790
10790
10720
10720
10720
10720
10720
10431.6
10431.6
10431.6
10431.6
10431.6
10431.6
10296.4
10296.4
10296.4
10296.4
10284.8
10284.8
10284.8
10284.8
10284.8
10284.8
10284.8
10284.8
10284.8
10284.8
10284.8
10284.8
10284.8
10284.8
10284.8
10284.8
10284.8
10284.8
10284.8
10284.8
10284.8
10284.8
10284.8
10284.8
10284.8
10284.8
10284.8
10284.8
10284.8
10284.8
10282.8
10282.8
10282.8
10282.8
10282.8
10282.8
10282.8
10282.8
10282.8
10282.8
10282.8
10282.8
10282.8
