112558
94324.4
91180
76079.2
73973.6
73451.2
72870.8
72870.8
72870.8
72870.8
72516.8
72516.8
72516.8
72516.8
72305.2
59414
59410
59378
59378
59378
59378
59338
59292
59292
59292
59250.4
59250.4
59250.4
59250.4
59242.4
59242.4
59242.4
59242.4
59242.4
59234.4
59234.4
59234.4
59234.4
59234.4
59234.4
59234.4
59126.4
59126.4
59126.4
59126.4
59126.4
58808
58586
58196.4
58196.4
58140.8
58140.8
58140.8
58064.8
58044.8
58044.8
58044.8
58044.8
58044.8
57998.8
57998.8
57998.8
57998.8
57998.8
57998.8
57998.8
57998.8
57996.4
57996.4
57996.4
57944.8
57944.8
57944.8
57944.8
57944.8
57944.8
57944.8
57704.8
57704.8
57704.8
57704.8
57704.8
57704.8
57704.8
57704.8
57704.8
57704.8
57704.8
57704.8
57704.8
57704.8
57704.8
57704.8
57704.8
57704.8
57704.8
57704.8
57704.8
57704.8
57704.8
