125236
116417
116417
116285
116285
116285
115548
115314
115314
115314
115046
115046
115046
114930
111705
111705
111705
111698
108873
108283
108113
105260
105260
105260
105260
105260
105260
105260
105260
105260
105260
105260
105260
105260
105260
105260
105260
105260
105260
105260
105260
104090
103928
103834
103808
102791
102791
102791
102692
102692
102612
102518
102480
102480
102480
102480
102480
102480
102480
102480
102480
102480
102480
102480
102480
102480
102480
102480
102480
102480
102480
102480
102480
102480
102480
102480
102480
102480
102480
102480
102480
102480
102480
102480
102480
102480
102480
102480
102480
102480
102480
102480
102480
102480
102480
102480
102480
102480
102480
102480
