122534
107919
107919
107919
107919
107919
107919
107919
107919
107919
107919
107919
107919
107919
107919
107919
107919
107919
107919
107919
107919
107919
105207
105207
104494
104014
102973
101859
101859
101859
101859
98596.4
98596.4
98596.4
98596.4
98596.4
93742.4
93742.4
93742.4
92488.8
92488.8
92488.8
92488.8
92488.8
92488.8
92488.8
88796.8
88655.2
88655.2
88655.2
88655.2
88655.2
88655.2
88655.2
88655.2
88655.2
88655.2
88655.2
88655.2
88655.2
88655.2
88655.2
88655.2
88655.2
88655.2
88655.2
88655.2
88655.2
88655.2
88655.2
88655.2
88655.2
88655.2
88655.2
88655.2
88655.2
88655.2
88655.2
88655.2
88655.2
88655.2
88655.2
88211.6
88211.6
88211.6
88211.6
88201.6
88201.6
88201.6
88175.6
88175.6
88175.6
88175.6
88107.2
88107.2
88107.2
88107.2
87249.2
87249.2
87249.2
