99858.8
53086.4
53086.4
50716.8
49158
49158
49158
49158
49158
49158
49158
49158
48980.4
48980.4
48855.2
48438.4
48438.4
48438.4
48438.4
47940.4
47940.4
47940.4
47940.4
47940.4
47940.4
47940.4
47940.4
47940.4
47442.4
46856
46856
46856
46856
46856
46856
46856
46700.4
46410.8
46410.8
46410.8
46408.8
46408.8
46408.8
46408.8
46408.8
46408.8
46408.8
46408.8
46408.8
46408.8
46408.8
46226.8
46226.8
46226.8
46226.8
46226.8
46226.8
46036.4
46036.4
46036.4
46036.4
46036.4
46036.4
46036.4
46036.4
46036.4
46036.4
46036.4
46036.4
46000.4
46000.4
45823.2
45683.2
45683.2
45683.2
45683.2
45683.2
45683.2
45683.2
45683.2
45683.2
45683.2
45615.2
45615.2
45615.2
45558.4
45558.4
45558.4
45558.4
45558.4
45558.4
45558.4
45558.4
45558.4
45502
45502
45502
45226.8
45226.8
45226.8
