111642
111642
107544
105268
105162
105162
104325
103943
103943
100230
99811.6
99631.6
98952.8
98719.2
98719.2
98399.2
98394.8
98016
95927.6
95714.4
95714.4
95446.8
94268.8
94264.4
93810.4
93462
92994
92696
92343.2
92112.4
91948.4
91669.2
91633.2
91627.2
91627.2
91481.2
91481.2
91365.2
91303.2
90989.6
90989.6
90989.6
90989.6
90989.6
90695.2
90411.2
90078
90078
90018
89838.8
88083.6
87662
87463.6
87463.6
87301.6
87279.6
87058
86900
86900
86596.4
85858
85858
85660.4
85452.4
85452.4
85261.2
85261.2
84907.6
84740.8
84740.8
84696.8
84497.6
84497.6
84386.8
83939.2
83939.2
83829.2
83829.2
83789.2
83754.4
83366.4
83366.4
83010.8
83010.8
82864.4
82742.4
82742.4
82550.4
82420.4
82420.4
82388.4
82342.4
82342.4
82292.4
81755.6
81715.6
81373.6
81373.6
81373.6
81342.4
