121396
121094
120675
118575
114303
114043
113410
113374
112445
111935
111625
111589
111589
111567
111567
111567
111567
111416
111416
111416
111416
111416
111310
111310
111011
111011
110154
110154
109501
109501
109501
109050
105805
105764
105552
105552
102780
102780
102718
102718
102718
102718
102336
102070
100905
99168.8
98014.8
96562.4
96562.4
96562.4
96562.4
96562.4
96562.4
96562.4
96126
96126
96126
94788.8
94788.8
94684.8
94684.8
94614.8
94614.8
94502.8
94502.8
92239.6
90615.2
90459.2
87282
87238
87114
87114
86936.8
86936.8
86874.8
86874.8
86874.8
86659.2
85237.6
84961.6
84915.6
84915.6
84915.6
84018
84018
84018
83956
83956
83934
83934
83790
83790
83790
83790
83790
83790
83790
83790
83790
83790
83790
