130460
130460
130460
116990
116990
116990
116990
116990
116990
116990
116990
116990
116990
116990
116990
116990
116990
116990
116990
116990
116990
116990
116990
116990
116990
116990
116990
116990
116990
116990
116990
116990
116990
116990
116990
116990
116990
116990
116990
116990
116990
116990
116990
116990
116990
116990
116990
116990
116990
116990
116990
116990
116990
116990
116990
116990
116990
116990
116990
116990
116990
116990
116990
116990
116990
116990
116990
116990
116990
116990
116990
116990
116990
116990
116990
116990
116990
116990
116990
116990
116990
116990
116990
116990
116990
116990
116990
116990
116990
116990
116990
116990
116990
116990
116990
116990
116990
116990
116990
116990
