114396
114396
114396
114396
114396
114396
112700
112700
111521
111521
111521
108782
108680
108680
104704
103153
103153
103153
103153
103153
97160
97160
97160
96952
96832
96832
96802.4
96802.4
96802.4
96802.4
96614.8
96614.8
96614.8
96614.8
96614.8
90293.2
90293.2
90293.2
90293.2
90293.2
89960
89960
89960
89700.8
89137.6
87128.4
87128.4
87128.4
87128.4
87128.4
87128.4
87128.4
87128.4
87128.4
87128.4
87128.4
87128.4
87128.4
87128.4
87128.4
87128.4
87128.4
87128.4
87128.4
86537.2
86537.2
86305.2
86208.8
86208.8
86208.8
86156.8
85620
85620
85620
84463.2
84397.2
84397.2
84397.2
84397.2
83718.8
83718.8
83652.8
83652.8
83652.8
83652.8
83652.8
83652.8
83652.8
83418
83418
83418
83418
83418
82868.4
82868.4
82868.4
82868.4
82868.4
82868.4
82868.4
